  FEMA                                                      sjh            job 2
  RUNUP2 transect: CM-144-1                                                    1
7.00                                                                            
  -15.74 -111.9 0.6                                                             
  -15.12 -102.9 0.6                                                             
  -14.97 -101.9 0.6                                                             
  -13.14 -92.9  0.6                                                             
  -12.13 -87.9  0.6                                                             
  -11.52 -84.9  0.6                                                             
  -10.51 -79.9  0.6                                                             
  -9.90 -76.9  0.6                                                              
  -8.89 -71.9  0.6                                                              
  -8.28 -68.9  0.6                                                              
  -7.26 -63.9  0.6                                                              
  -6.65 -60.9  0.6                                                              
  -5.64 -55.9  0.6                                                              
  -1.99 -37.9  0.6                                                              
  -0.11 -28.9  0.6                                                              
  -0.11 -1.9   0.6                                                              
  7.13  21.6   0.6                                                              
  10.53 41.6   0.6                                                              
  22.02 59.6   0.6                                                              
1 29.63 113.1  0.6                                                              
 8.8   3.20  8.07                                                               
 8.8   3.20  8.50                                                               
 8.8   3.20  8.93                                                               
 8.8   3.37  8.07                                                               
 8.8   3.37  8.50                                                               
 8.8   3.37  8.93                                                               
 8.8   3.54  8.07                                                               
 8.8   3.54  8.50                                                               
 8.8   3.54  8.93                                                               
