  FEMA                                                      sjh            job 2
  RUNUP2 transect: CM-158-1                                                    1
21.0                                                                            
  -15.46 -112.2 0.6                                                             
  -15.21 -66.2  0.6                                                             
  -15.20 -65.2  0.6                                                             
  -15.12 -41.2  0.6                                                             
  -14.96 -40.2  0.6                                                             
  -12.09 -34.2  0.6                                                             
  -11.70 -33.2  0.6                                                             
  -10.31 -29.2  0.6                                                             
  -9.61 -27.2  0.6                                                              
  -8.22 -23.2  0.6                                                              
  -6.48 -18.2  0.6                                                              
  -5.08 -14.2  0.6                                                              
  -4.39 -12.2  0.6                                                              
  -1.95 -5.2   0.6                                                              
  -1.25 -3.2   0.6                                                              
  -0.20 -0.2   0.6                                                              
  3.46  2.8    0.6                                                              
  3.46  9.8    0.6                                                              
  11.33 23.3   0.6                                                              
1 11.92 35.3   0.6                                                              
 8.8   1.06  2.19                                                               
 8.8   1.06  2.31                                                               
 8.8   1.06  2.42                                                               
 8.8   1.12  2.19                                                               
 8.8   1.12  2.31                                                               
 8.8   1.12  2.42                                                               
 8.8   1.17  2.19                                                               
 8.8   1.17  2.31                                                               
 8.8   1.17  2.42                                                               
