  FEMA                                                      sjh            job 2
  RUNUP2 transect: CM-158-2                                                    1
1.00                                                                            
  -10.08 -304.1 0.8                                                             
  -9.57 -245.1 0.8                                                              
  -9.17 -199.1 0.8                                                              
  -8.55 -127.1 0.8                                                              
  -8.54 -126.1 0.8                                                              
  -8.50 -120.1 0.8                                                              
  -8.50 -119.1 0.8                                                              
  -8.32 -101.1 0.8                                                              
  -8.32 -100.1 0.8                                                              
  -7.75 -35.1  0.8                                                              
  -7.66 -34.1  0.8                                                              
  -5.84 -26.1  0.8                                                              
  -5.16 -23.1  0.8                                                              
  -4.70 -21.1  0.8                                                              
  -3.11 -14.1  0.8                                                              
  -1.97 -9.1   0.8                                                              
  -0.83 -4.1   0.8                                                              
  -0.17 -1.1   0.8                                                              
  0.97  6.4    0.8                                                              
1 14.66 22.9   0.8                                                              
 8.9   0.54  1.25                                                               
 8.9   0.54  1.31                                                               
 8.9   0.54  1.38                                                               
 8.9   0.56  1.25                                                               
 8.9   0.56  1.31                                                               
 8.9   0.56  1.38                                                               
 8.9   0.59  1.25                                                               
 8.9   0.59  1.31                                                               
 8.9   0.59  1.38                                                               
