header
IE0.0    -15.456       1       1 8.816   2.8503  2.713     56.14   56.14
OF1.0    -15.450    0.00 8.816      0.00    0.00    0.00    0.00    0.00
OF2.0    -15.445    0.00 8.816      0.00    0.00    0.00    0.00    0.00
OF3.0    -15.440    0.00 8.816      0.00    0.00    0.00    0.00    0.00
OF4.0    -15.434    0.00 8.8161     0.00    0.00    0.00    0.00    0.00
OF5.0    -15.429    0.00 8.8161     0.00    0.00    0.00    0.00    0.00
OF6.0    -15.424    0.00 8.8161     0.00    0.00    0.00    0.00    0.00
OF7.0    -15.418    0.00 8.8161     0.00    0.00    0.00    0.00    0.00
OF8.0    -15.413    0.00 8.8161     0.00    0.00    0.00    0.00    0.00
OF9.0    -15.407    0.00 8.8161     0.00    0.00    0.00    0.00    0.00
OF10.0   -15.402    0.00 8.8162     0.00    0.00    0.00    0.00    0.00
OF11.0   -15.397    0.00 8.8162     0.00    0.00    0.00    0.00    0.00
OF12.0   -15.391    0.00 8.8162     0.00    0.00    0.00    0.00    0.00
OF13.0   -15.386    0.00 8.8162     0.00    0.00    0.00    0.00    0.00
OF14.0   -15.380    0.00 8.8162     0.00    0.00    0.00    0.00    0.00
OF15.0   -15.375    0.00 8.8163     0.00    0.00    0.00    0.00    0.00
OF16.0   -15.370    0.00 8.8163     0.00    0.00    0.00    0.00    0.00
OF17.0   -15.364    0.00 8.8163     0.00    0.00    0.00    0.00    0.00
OF18.0   -15.359    0.00 8.8163     0.00    0.00    0.00    0.00    0.00
OF19.0   -15.354    0.00 8.8163     0.00    0.00    0.00    0.00    0.00
OF20.0   -15.348    0.00 8.8164     0.00    0.00    0.00    0.00    0.00
OF21.0   -15.343    0.00 8.8164     0.00    0.00    0.00    0.00    0.00
OF22.0   -15.337    0.00 8.8164     0.00    0.00    0.00    0.00    0.00
OF23.0   -15.332    0.00 8.8164     0.00    0.00    0.00    0.00    0.00
OF24.0   -15.327    0.00 8.8164     0.00    0.00    0.00    0.00    0.00
OF25.0   -15.321    0.00 8.8164     0.00    0.00    0.00    0.00    0.00
OF26.0   -15.316    0.00 8.8165     0.00    0.00    0.00    0.00    0.00
OF27.0   -15.310    0.00 8.8165     0.00    0.00    0.00    0.00    0.00
OF28.0   -15.305    0.00 8.8165     0.00    0.00    0.00    0.00    0.00
OF29.0   -15.300    0.00 8.8165     0.00    0.00    0.00    0.00    0.00
OF30.0   -15.294    0.00 8.8165     0.00    0.00    0.00    0.00    0.00
OF31.0   -15.289    0.00 8.8166     0.00    0.00    0.00    0.00    0.00
OF32.0   -15.284    0.00 8.8166     0.00    0.00    0.00    0.00    0.00
OF33.0   -15.278    0.00 8.8166     0.00    0.00    0.00    0.00    0.00
OF34.0   -15.273    0.00 8.8166     0.00    0.00    0.00    0.00    0.00
OF35.0   -15.267    0.00 8.8166     0.00    0.00    0.00    0.00    0.00
OF36.0   -15.262    0.00 8.8167     0.00    0.00    0.00    0.00    0.00
OF37.0   -15.257    0.00 8.8167     0.00    0.00    0.00    0.00    0.00
OF38.0   -15.251    0.00 8.8167     0.00    0.00    0.00    0.00    0.00
OF39.0   -15.246    0.00 8.8167     0.00    0.00    0.00    0.00    0.00
OF40.0   -15.241    0.00 8.8167     0.00    0.00    0.00    0.00    0.00
OF41.0   -15.235    0.00 8.8168     0.00    0.00    0.00    0.00    0.00
OF42.0   -15.230    0.00 8.8168     0.00    0.00    0.00    0.00    0.00
OF43.0   -15.224    0.00 8.8168     0.00    0.00    0.00    0.00    0.00
OF44.0   -15.219    0.00 8.8168     0.00    0.00    0.00    0.00    0.00
OF45.0   -15.214    0.00 8.8168     0.00    0.00    0.00    0.00    0.00
OF46.0   -15.208    0.00 8.8168     0.00    0.00    0.00    0.00    0.00
OF47.0   -15.204    0.00 8.8169     0.00    0.00    0.00    0.00    0.00
OF48.0   -15.200    0.00 8.8169     0.00    0.00    0.00    0.00    0.00
OF49.0   -15.197    0.00 8.8169     0.00    0.00    0.00    0.00    0.00
OF50.0   -15.194    0.00 8.8169     0.00    0.00    0.00    0.00    0.00
OF51.0   -15.190    0.00 8.8169     0.00    0.00    0.00    0.00    0.00
OF52.0   -15.187    0.00 8.817      0.00    0.00    0.00    0.00    0.00
OF53.0   -15.184    0.00 8.817      0.00    0.00    0.00    0.00    0.00
OF54.0   -15.181    0.00 8.817      0.00    0.00    0.00    0.00    0.00
OF55.0   -15.177    0.00 8.817      0.00    0.00    0.00    0.00    0.00
OF56.0   -15.174    0.00 8.817      0.00    0.00    0.00    0.00    0.00
OF57.0   -15.171    0.00 8.8171     0.00    0.00    0.00    0.00    0.00
OF58.0   -15.167    0.00 8.8171     0.00    0.00    0.00    0.00    0.00
OF59.0   -15.164    0.00 8.8171     0.00    0.00    0.00    0.00    0.00
OF60.0   -15.161    0.00 8.8171     0.00    0.00    0.00    0.00    0.00
OF61.0   -15.157    0.00 8.8171     0.00    0.00    0.00    0.00    0.00
OF62.0   -15.154    0.00 8.8171     0.00    0.00    0.00    0.00    0.00
OF63.0   -15.151    0.00 8.8172     0.00    0.00    0.00    0.00    0.00
OF64.0   -15.147    0.00 8.8172     0.00    0.00    0.00    0.00    0.00
OF65.0   -15.144    0.00 8.8172     0.00    0.00    0.00    0.00    0.00
OF66.0   -15.141    0.00 8.8172     0.00    0.00    0.00    0.00    0.00
OF67.0   -15.137    0.00 8.8172     0.00    0.00    0.00    0.00    0.00
OF68.0   -15.134    0.00 8.8173     0.00    0.00    0.00    0.00    0.00
OF69.0   -15.131    0.00 8.8173     0.00    0.00    0.00    0.00    0.00
OF70.0   -15.127    0.00 8.8173     0.00    0.00    0.00    0.00    0.00
OF71.0   -15.124    0.00 8.8173     0.00    0.00    0.00    0.00    0.00
OF72.0   -14.96     0.00 8.8173     0.00    0.00    0.00    0.00    0.00
OF73.0   -14.482    0.00 8.8173     0.00    0.00    0.00    0.00    0.00
OF74.0   -14.003    0.00 8.8173     0.00    0.00    0.00    0.00    0.00
OF75.0   -13.525    0.00 8.8173     0.00    0.00    0.00    0.00    0.00
OF76.0   -13.047    0.00 8.8173     0.00    0.00    0.00    0.00    0.00
OF77.0   -12.568    0.00 8.8173     0.00    0.00    0.00    0.00    0.00
OF78.0   -12.090    0.00 8.8173     0.00    0.00    0.00    0.00    0.00
OF79.0   -11.705    0.00 8.8173     0.00    0.00    0.00    0.00    0.00
OF80.0   -11.355    0.00 8.8173     0.00    0.00    0.00    0.00    0.00
OF81.0   -11.007    0.00 8.8173     0.00    0.00    0.00    0.00    0.00
OF82.0   -10.659    0.00 8.8173     0.00    0.00    0.00    0.00    0.00
OF83.0   -10.310    0.00 8.8173     0.00    0.00    0.00    0.00    0.00
OF84.0   -9.9622    0.00 8.8173     0.00    0.00    0.00    0.00    0.00
OF85.0   -9.614     0.00 8.8173     0.00    0.00    0.00    0.00    0.00
OF86.0   -9.2649    0.00 8.8173     0.00    0.00    0.00    0.00    0.00
OF87.0   -8.9166    0.00 8.8173     0.00    0.00    0.00    0.00    0.00
OF88.0   -8.5684    0.00 8.8173     0.00    0.00    0.00    0.00    0.00
OF89.0   -8.2193    0.00 8.8173     0.00    0.00    0.00    0.00    0.00
OF90.0   -7.8711    0.00 8.8173     0.00    0.00    0.00    0.00    0.00
OF91.0   -7.5228    0.00 8.8173     0.00    0.00    0.00    0.00    0.00
OF92.0   -7.1739    0.00 8.8173     0.00    0.00    0.00    0.00    0.00
OF93.0   -6.8257    0.00 8.8173     0.00    0.00    0.00    0.00    0.00
OF94.0   -6.4775    0.00 8.8173     0.00    0.00    0.00    0.00    0.00
OF95.0   -6.1283    0.00 8.8173     0.00    0.00    0.00    0.00    0.00
OF96.0   -5.7801    0.00 8.8173     0.00    0.00    0.00    0.00    0.00
OF97.0   -5.4319    0.00 8.8173     0.00    0.00    0.00    0.00    0.00
OF98.0   -5.0827    0.00 8.8173     0.00    0.00    0.00    0.00    0.00
OF99.0   -4.7345    0.00 8.8173     0.00    0.00    0.00    0.00    0.00
OF100.0  -4.3865    0.00 8.8173     0.00    0.00    0.00    0.00    0.00
OF101.0  -4.0374    0.00 8.8173     0.00    0.00    0.00    0.00    0.00
OF102.0  -3.6892    0.00 8.8173     0.00    0.00    0.00    0.00    0.00
OF103.0  -3.3409    0.00 8.8173     0.00    0.00    0.00    0.00    0.00
OF104.0  -2.9918    0.00 8.8173     0.00    0.00    0.00    0.00    0.00
OF105.0  -2.6436    0.00 8.8173     0.00    0.00    0.00    0.00    0.00
OF106.0  -2.2953    0.00 8.8173     0.00    0.00    0.00    0.00    0.00
OF107.0  -1.9462    0.00 8.8173     0.00    0.00    0.00    0.00    0.00
OF108.0  -1.5982    0.00 8.8173     0.00    0.00    0.00    0.00    0.00
OF109.0  -1.25      0.00 8.8173     0.00    0.00    0.00    0.00    0.00
OF110.0  -0.9008    0.00 8.8173     0.00    0.00    0.00    0.00    0.00
OF111.0  -0.5526    0.00 8.8173     0.00    0.00    0.00    0.00    0.00
OF112.0  -0.2034    0.00 8.8173     0.00    0.00    0.00    0.00    0.00
IF115.0  3.458      0.00 8.8173     0.00    0.00    0.00    0.00    0.00
IF122.0  1.8471     0.00 8.8173     0.00    0.00    0.00    0.00    0.00
IF131.2  8.3321     0.00 8.877      0.00    0.00    0.00    0.00    0.00
IF132.0  8.877      0.00 8.877      0.00    0.00    0.00    0.00    0.00
PS START(428217.1638,4848791.376)
PS END(428137.5438,4848785.2138)
ET
 
 
 
