header
IE0.0    -10.078       1       1 8.8547  1.4418  1.5429    56.14   56.14
OF1.0    -10.070    0.00 8.8547     0.00    0.00    0.00    0.00    0.00
OF2.0    -10.061    0.00 8.8547     0.00    0.00    0.00    0.00    0.00
OF3.0    -10.053    0.00 8.8547     0.00    0.00    0.00    0.00    0.00
OF4.0    -10.044    0.00 8.8547     0.00    0.00    0.00    0.00    0.00
OF5.0    -10.035    0.00 8.8547     0.00    0.00    0.00    0.00    0.00
OF6.0    -10.027    0.00 8.8547     0.00    0.00    0.00    0.00    0.00
OF7.0    -10.018    0.00 8.8547     0.00    0.00    0.00    0.00    0.00
OF8.0    -10.009    0.00 8.8547     0.00    0.00    0.00    0.00    0.00
OF9.0    -10.001    0.00 8.8547     0.00    0.00    0.00    0.00    0.00
OF10.0   -9.9925    0.00 8.8547     0.00    0.00    0.00    0.00    0.00
OF11.0   -9.9838    0.00 8.8547     0.00    0.00    0.00    0.00    0.00
OF12.0   -9.9752    0.00 8.8547     0.00    0.00    0.00    0.00    0.00
OF13.0   -9.9665    0.00 8.8547     0.00    0.00    0.00    0.00    0.00
OF14.0   -9.9579    0.00 8.8547     0.00    0.00    0.00    0.00    0.00
OF15.0   -9.9492    0.00 8.8547     0.00    0.00    0.00    0.00    0.00
OF16.0   -9.9406    0.00 8.8547     0.00    0.00    0.00    0.00    0.00
OF17.0   -9.9319    0.00 8.8547     0.00    0.00    0.00    0.00    0.00
OF18.0   -9.9234    0.00 8.8547     0.00    0.00    0.00    0.00    0.00
OF19.0   -9.9147    0.00 8.8547     0.00    0.00    0.00    0.00    0.00
OF20.0   -9.9061    0.00 8.8547     0.00    0.00    0.00    0.00    0.00
OF21.0   -9.8974    0.00 8.8547     0.00    0.00    0.00    0.00    0.00
OF22.0   -9.8888    0.00 8.8547     0.00    0.00    0.00    0.00    0.00
OF23.0   -9.8801    0.00 8.8547     0.00    0.00    0.00    0.00    0.00
OF24.0   -9.8715    0.00 8.8547     0.00    0.00    0.00    0.00    0.00
OF25.0   -9.8628    0.00 8.8547     0.00    0.00    0.00    0.00    0.00
OF26.0   -9.8542    0.00 8.8547     0.00    0.00    0.00    0.00    0.00
OF27.0   -9.8455    0.00 8.8547     0.00    0.00    0.00    0.00    0.00
OF28.0   -9.8369    0.00 8.8547     0.00    0.00    0.00    0.00    0.00
OF29.0   -9.8283    0.00 8.8547     0.00    0.00    0.00    0.00    0.00
OF30.0   -9.8196    0.00 8.8547     0.00    0.00    0.00    0.00    0.00
OF31.0   -9.811     0.00 8.8548     0.00    0.00    0.00    0.00    0.00
OF32.0   -9.8023    0.00 8.8548     0.00    0.00    0.00    0.00    0.00
OF33.0   -9.7937    0.00 8.8548     0.00    0.00    0.00    0.00    0.00
OF34.0   -9.785     0.00 8.8548     0.00    0.00    0.00    0.00    0.00
OF35.0   -9.7764    0.00 8.8548     0.00    0.00    0.00    0.00    0.00
OF36.0   -9.7677    0.00 8.8548     0.00    0.00    0.00    0.00    0.00
OF37.0   -9.7591    0.00 8.8548     0.00    0.00    0.00    0.00    0.00
OF38.0   -9.7505    0.00 8.8548     0.00    0.00    0.00    0.00    0.00
OF39.0   -9.7418    0.00 8.8548     0.00    0.00    0.00    0.00    0.00
OF40.0   -9.7332    0.00 8.8548     0.00    0.00    0.00    0.00    0.00
OF41.0   -9.7245    0.00 8.8548     0.00    0.00    0.00    0.00    0.00
OF42.0   -9.7159    0.00 8.8548     0.00    0.00    0.00    0.00    0.00
OF43.0   -9.7072    0.00 8.8548     0.00    0.00    0.00    0.00    0.00
OF44.0   -9.6986    0.00 8.8548     0.00    0.00    0.00    0.00    0.00
OF45.0   -9.6899    0.00 8.8548     0.00    0.00    0.00    0.00    0.00
OF46.0   -9.6813    0.00 8.8548     0.00    0.00    0.00    0.00    0.00
OF47.0   -9.6726    0.00 8.8548     0.00    0.00    0.00    0.00    0.00
OF48.0   -9.664     0.00 8.8548     0.00    0.00    0.00    0.00    0.00
OF49.0   -9.6554    0.00 8.8548     0.00    0.00    0.00    0.00    0.00
OF50.0   -9.6467    0.00 8.8548     0.00    0.00    0.00    0.00    0.00
OF51.0   -9.6381    0.00 8.8548     0.00    0.00    0.00    0.00    0.00
OF52.0   -9.6294    0.00 8.8548     0.00    0.00    0.00    0.00    0.00
OF53.0   -9.6208    0.00 8.8548     0.00    0.00    0.00    0.00    0.00
OF54.0   -9.6121    0.00 8.8548     0.00    0.00    0.00    0.00    0.00
OF55.0   -9.6035    0.00 8.8548     0.00    0.00    0.00    0.00    0.00
OF56.0   -9.5948    0.00 8.8548     0.00    0.00    0.00    0.00    0.00
OF57.0   -9.5862    0.00 8.8548     0.00    0.00    0.00    0.00    0.00
OF58.0   -9.5776    0.00 8.8548     0.00    0.00    0.00    0.00    0.00
OF59.0   -9.5689    0.00 8.8548     0.00    0.00    0.00    0.00    0.00
OF60.0   -9.5603    0.00 8.8548     0.00    0.00    0.00    0.00    0.00
OF61.0   -9.5517    0.00 8.8548     0.00    0.00    0.00    0.00    0.00
OF62.0   -9.543     0.00 8.8548     0.00    0.00    0.00    0.00    0.00
OF63.0   -9.5344    0.00 8.8549     0.00    0.00    0.00    0.00    0.00
OF64.0   -9.5257    0.00 8.8549     0.00    0.00    0.00    0.00    0.00
OF65.0   -9.5171    0.00 8.8549     0.00    0.00    0.00    0.00    0.00
OF66.0   -9.5084    0.00 8.8549     0.00    0.00    0.00    0.00    0.00
OF67.0   -9.4998    0.00 8.8549     0.00    0.00    0.00    0.00    0.00
OF68.0   -9.4912    0.00 8.8549     0.00    0.00    0.00    0.00    0.00
OF69.0   -9.4825    0.00 8.8549     0.00    0.00    0.00    0.00    0.00
OF70.0   -9.4739    0.00 8.8549     0.00    0.00    0.00    0.00    0.00
OF71.0   -9.4652    0.00 8.8549     0.00    0.00    0.00    0.00    0.00
OF72.0   -9.4566    0.00 8.8549     0.00    0.00    0.00    0.00    0.00
OF73.0   -9.4479    0.00 8.8549     0.00    0.00    0.00    0.00    0.00
OF74.0   -9.4393    0.00 8.8549     0.00    0.00    0.00    0.00    0.00
OF75.0   -9.4306    0.00 8.8549     0.00    0.00    0.00    0.00    0.00
OF76.0   -9.422     0.00 8.8549     0.00    0.00    0.00    0.00    0.00
OF77.0   -9.4133    0.00 8.8549     0.00    0.00    0.00    0.00    0.00
OF78.0   -9.4047    0.00 8.8549     0.00    0.00    0.00    0.00    0.00
OF79.0   -9.3961    0.00 8.8549     0.00    0.00    0.00    0.00    0.00
OF80.0   -9.3874    0.00 8.8549     0.00    0.00    0.00    0.00    0.00
OF81.0   -9.3788    0.00 8.8549     0.00    0.00    0.00    0.00    0.00
OF82.0   -9.3701    0.00 8.8549     0.00    0.00    0.00    0.00    0.00
OF83.0   -9.3615    0.00 8.8549     0.00    0.00    0.00    0.00    0.00
OF84.0   -9.3528    0.00 8.8549     0.00    0.00    0.00    0.00    0.00
OF85.0   -9.3442    0.00 8.8549     0.00    0.00    0.00    0.00    0.00
OF86.0   -9.3355    0.00 8.8549     0.00    0.00    0.00    0.00    0.00
OF87.0   -9.3269    0.00 8.8549     0.00    0.00    0.00    0.00    0.00
OF88.0   -9.3183    0.00 8.8549     0.00    0.00    0.00    0.00    0.00
OF89.0   -9.3096    0.00 8.8549     0.00    0.00    0.00    0.00    0.00
OF90.0   -9.301     0.00 8.8549     0.00    0.00    0.00    0.00    0.00
OF91.0   -9.2923    0.00 8.8549     0.00    0.00    0.00    0.00    0.00
OF92.0   -9.2837    0.00 8.8549     0.00    0.00    0.00    0.00    0.00
OF93.0   -9.275     0.00 8.8549     0.00    0.00    0.00    0.00    0.00
OF94.0   -9.2664    0.00 8.8549     0.00    0.00    0.00    0.00    0.00
OF95.0   -9.2577    0.00 8.8549     0.00    0.00    0.00    0.00    0.00
OF96.0   -9.2491    0.00 8.8549     0.00    0.00    0.00    0.00    0.00
OF97.0   -9.2405    0.00 8.8549     0.00    0.00    0.00    0.00    0.00
OF98.0   -9.2318    0.00 8.8549     0.00    0.00    0.00    0.00    0.00
OF99.0   -9.2232    0.00 8.8549     0.00    0.00    0.00    0.00    0.00
OF100.0  -9.2145    0.00 8.8548     0.00    0.00    0.00    0.00    0.00
OF101.0  -9.2059    0.00 8.8548     0.00    0.00    0.00    0.00    0.00
OF102.0  -9.1972    0.00 8.8548     0.00    0.00    0.00    0.00    0.00
OF103.0  -9.1886    0.00 8.8548     0.00    0.00    0.00    0.00    0.00
OF104.0  -9.18      0.00 8.8548     0.00    0.00    0.00    0.00    0.00
OF105.0  -9.1713    0.00 8.8548     0.00    0.00    0.00    0.00    0.00
OF106.0  -9.1627    0.00 8.8548     0.00    0.00    0.00    0.00    0.00
OF107.0  -9.1541    0.00 8.8548     0.00    0.00    0.00    0.00    0.00
OF108.0  -9.1454    0.00 8.8548     0.00    0.00    0.00    0.00    0.00
OF109.0  -9.1368    0.00 8.8548     0.00    0.00    0.00    0.00    0.00
OF110.0  -9.1281    0.00 8.8548     0.00    0.00    0.00    0.00    0.00
OF111.0  -9.1195    0.00 8.8548     0.00    0.00    0.00    0.00    0.00
OF112.0  -9.1108    0.00 8.8548     0.00    0.00    0.00    0.00    0.00
OF113.0  -9.1022    0.00 8.8548     0.00    0.00    0.00    0.00    0.00
OF114.0  -9.0935    0.00 8.8548     0.00    0.00    0.00    0.00    0.00
OF115.0  -9.0849    0.00 8.8548     0.00    0.00    0.00    0.00    0.00
OF116.0  -9.0762    0.00 8.8548     0.00    0.00    0.00    0.00    0.00
OF117.0  -9.0676    0.00 8.8548     0.00    0.00    0.00    0.00    0.00
OF118.0  -9.059     0.00 8.8548     0.00    0.00    0.00    0.00    0.00
OF119.0  -9.0503    0.00 8.8548     0.00    0.00    0.00    0.00    0.00
OF120.0  -9.0417    0.00 8.8548     0.00    0.00    0.00    0.00    0.00
OF121.0  -9.033     0.00 8.8548     0.00    0.00    0.00    0.00    0.00
OF122.0  -9.0244    0.00 8.8548     0.00    0.00    0.00    0.00    0.00
OF123.0  -9.0157    0.00 8.8548     0.00    0.00    0.00    0.00    0.00
OF124.0  -9.0071    0.00 8.8548     0.00    0.00    0.00    0.00    0.00
OF125.0  -8.9984    0.00 8.8548     0.00    0.00    0.00    0.00    0.00
OF126.0  -8.9898    0.00 8.8548     0.00    0.00    0.00    0.00    0.00
OF127.0  -8.9812    0.00 8.8548     0.00    0.00    0.00    0.00    0.00
OF128.0  -8.9725    0.00 8.8548     0.00    0.00    0.00    0.00    0.00
OF129.0  -8.9639    0.00 8.8548     0.00    0.00    0.00    0.00    0.00
OF130.0  -8.9552    0.00 8.8548     0.00    0.00    0.00    0.00    0.00
OF131.0  -8.9466    0.00 8.8548     0.00    0.00    0.00    0.00    0.00
OF132.0  -8.9379    0.00 8.8548     0.00    0.00    0.00    0.00    0.00
OF133.0  -8.9293    0.00 8.8548     0.00    0.00    0.00    0.00    0.00
OF134.0  -8.9206    0.00 8.8548     0.00    0.00    0.00    0.00    0.00
OF135.0  -8.912     0.00 8.8548     0.00    0.00    0.00    0.00    0.00
OF136.0  -8.9034    0.00 8.8548     0.00    0.00    0.00    0.00    0.00
OF137.0  -8.8947    0.00 8.8548     0.00    0.00    0.00    0.00    0.00
OF138.0  -8.8861    0.00 8.8548     0.00    0.00    0.00    0.00    0.00
OF139.0  -8.8774    0.00 8.8548     0.00    0.00    0.00    0.00    0.00
OF140.0  -8.8688    0.00 8.8548     0.00    0.00    0.00    0.00    0.00
OF141.0  -8.8601    0.00 8.8548     0.00    0.00    0.00    0.00    0.00
OF142.0  -8.8515    0.00 8.8548     0.00    0.00    0.00    0.00    0.00
OF143.0  -8.8428    0.00 8.8548     0.00    0.00    0.00    0.00    0.00
OF144.0  -8.8342    0.00 8.8548     0.00    0.00    0.00    0.00    0.00
OF145.0  -8.8255    0.00 8.8548     0.00    0.00    0.00    0.00    0.00
OF146.0  -8.817     0.00 8.8548     0.00    0.00    0.00    0.00    0.00
OF147.0  -8.8083    0.00 8.8548     0.00    0.00    0.00    0.00    0.00
OF148.0  -8.7997    0.00 8.8548     0.00    0.00    0.00    0.00    0.00
OF149.0  -8.791     0.00 8.8548     0.00    0.00    0.00    0.00    0.00
OF150.0  -8.7824    0.00 8.8548     0.00    0.00    0.00    0.00    0.00
OF151.0  -8.7737    0.00 8.8548     0.00    0.00    0.00    0.00    0.00
OF152.0  -8.7651    0.00 8.8548     0.00    0.00    0.00    0.00    0.00
OF153.0  -8.7564    0.00 8.8548     0.00    0.00    0.00    0.00    0.00
OF154.0  -8.7478    0.00 8.8548     0.00    0.00    0.00    0.00    0.00
OF155.0  -8.7392    0.00 8.8548     0.00    0.00    0.00    0.00    0.00
OF156.0  -8.7305    0.00 8.8548     0.00    0.00    0.00    0.00    0.00
OF157.0  -8.7219    0.00 8.8548     0.00    0.00    0.00    0.00    0.00
OF158.0  -8.7132    0.00 8.8548     0.00    0.00    0.00    0.00    0.00
OF159.0  -8.7046    0.00 8.8548     0.00    0.00    0.00    0.00    0.00
OF160.0  -8.6959    0.00 8.8548     0.00    0.00    0.00    0.00    0.00
OF161.0  -8.6873    0.00 8.8548     0.00    0.00    0.00    0.00    0.00
OF162.0  -8.6786    0.00 8.8548     0.00    0.00    0.00    0.00    0.00
OF163.0  -8.67      0.00 8.8548     0.00    0.00    0.00    0.00    0.00
OF164.0  -8.6613    0.00 8.8548     0.00    0.00    0.00    0.00    0.00
OF165.0  -8.6527    0.00 8.8548     0.00    0.00    0.00    0.00    0.00
OF166.0  -8.6441    0.00 8.8548     0.00    0.00    0.00    0.00    0.00
OF167.0  -8.6354    0.00 8.8548     0.00    0.00    0.00    0.00    0.00
OF168.0  -8.6268    0.00 8.8548     0.00    0.00    0.00    0.00    0.00
OF169.0  -8.6181    0.00 8.8548     0.00    0.00    0.00    0.00    0.00
OF170.0  -8.6095    0.00 8.8548     0.00    0.00    0.00    0.00    0.00
OF171.0  -8.6008    0.00 8.8548     0.00    0.00    0.00    0.00    0.00
OF172.0  -8.5922    0.00 8.8548     0.00    0.00    0.00    0.00    0.00
OF173.0  -8.5835    0.00 8.8548     0.00    0.00    0.00    0.00    0.00
OF174.0  -8.5749    0.00 8.8548     0.00    0.00    0.00    0.00    0.00
OF175.0  -8.5663    0.00 8.8548     0.00    0.00    0.00    0.00    0.00
OF176.0  -8.5576    0.00 8.8548     0.00    0.00    0.00    0.00    0.00
OF177.0  -8.549     0.00 8.8548     0.00    0.00    0.00    0.00    0.00
OF178.0  -8.5422    0.00 8.8548     0.00    0.00    0.00    0.00    0.00
OF179.0  -8.5359    0.00 8.8548     0.00    0.00    0.00    0.00    0.00
OF180.0  -8.5295    0.00 8.8548     0.00    0.00    0.00    0.00    0.00
OF181.0  -8.5232    0.00 8.8548     0.00    0.00    0.00    0.00    0.00
OF182.0  -8.5169    0.00 8.8548     0.00    0.00    0.00    0.00    0.00
OF183.0  -8.5105    0.00 8.8548     0.00    0.00    0.00    0.00    0.00
OF184.0  -8.5042    0.00 8.8548     0.00    0.00    0.00    0.00    0.00
OF185.0  -8.4972    0.00 8.8548     0.00    0.00    0.00    0.00    0.00
OF186.0  -8.4876    0.00 8.8547     0.00    0.00    0.00    0.00    0.00
OF187.0  -8.478     0.00 8.8547     0.00    0.00    0.00    0.00    0.00
OF188.0  -8.4684    0.00 8.8547     0.00    0.00    0.00    0.00    0.00
OF189.0  -8.4588    0.00 8.8547     0.00    0.00    0.00    0.00    0.00
OF190.0  -8.4492    0.00 8.8547     0.00    0.00    0.00    0.00    0.00
OF191.0  -8.4397    0.00 8.8547     0.00    0.00    0.00    0.00    0.00
OF192.0  -8.4301    0.00 8.8547     0.00    0.00    0.00    0.00    0.00
OF193.0  -8.4205    0.00 8.8547     0.00    0.00    0.00    0.00    0.00
OF194.0  -8.4109    0.00 8.8547     0.00    0.00    0.00    0.00    0.00
OF195.0  -8.4013    0.00 8.8547     0.00    0.00    0.00    0.00    0.00
OF196.0  -8.3917    0.00 8.8547     0.00    0.00    0.00    0.00    0.00
OF197.0  -8.3822    0.00 8.8547     0.00    0.00    0.00    0.00    0.00
OF198.0  -8.3726    0.00 8.8547     0.00    0.00    0.00    0.00    0.00
OF199.0  -8.363     0.00 8.8547     0.00    0.00    0.00    0.00    0.00
OF200.0  -8.3534    0.00 8.8547     0.00    0.00    0.00    0.00    0.00
OF201.0  -8.3438    0.00 8.8547     0.00    0.00    0.00    0.00    0.00
OF202.0  -8.3342    0.00 8.8547     0.00    0.00    0.00    0.00    0.00
OF203.0  -8.3246    0.00 8.8546     0.00    0.00    0.00    0.00    0.00
OF204.0  -8.3156    0.00 8.8546     0.00    0.00    0.00    0.00    0.00
OF205.0  -8.307     0.00 8.8546     0.00    0.00    0.00    0.00    0.00
OF206.0  -8.2983    0.00 8.8546     0.00    0.00    0.00    0.00    0.00
OF207.0  -8.2897    0.00 8.8546     0.00    0.00    0.00    0.00    0.00
OF208.0  -8.281     0.00 8.8546     0.00    0.00    0.00    0.00    0.00
OF209.0  -8.2724    0.00 8.8546     0.00    0.00    0.00    0.00    0.00
OF210.0  -8.2637    0.00 8.8546     0.00    0.00    0.00    0.00    0.00
OF211.0  -8.2551    0.00 8.8546     0.00    0.00    0.00    0.00    0.00
OF212.0  -8.2464    0.00 8.8546     0.00    0.00    0.00    0.00    0.00
OF213.0  -8.2378    0.00 8.8546     0.00    0.00    0.00    0.00    0.00
OF214.0  -8.2292    0.00 8.8546     0.00    0.00    0.00    0.00    0.00
OF215.0  -8.2205    0.00 8.8546     0.00    0.00    0.00    0.00    0.00
OF216.0  -8.2119    0.00 8.8546     0.00    0.00    0.00    0.00    0.00
OF217.0  -8.2032    0.00 8.8546     0.00    0.00    0.00    0.00    0.00
OF218.0  -8.1946    0.00 8.8546     0.00    0.00    0.00    0.00    0.00
OF219.0  -8.1859    0.00 8.8546     0.00    0.00    0.00    0.00    0.00
OF220.0  -8.1773    0.00 8.8545     0.00    0.00    0.00    0.00    0.00
OF221.0  -8.1686    0.00 8.8545     0.00    0.00    0.00    0.00    0.00
OF222.0  -8.16      0.00 8.8545     0.00    0.00    0.00    0.00    0.00
OF223.0  -8.1514    0.00 8.8545     0.00    0.00    0.00    0.00    0.00
OF224.0  -8.1427    0.00 8.8545     0.00    0.00    0.00    0.00    0.00
OF225.0  -8.1341    0.00 8.8545     0.00    0.00    0.00    0.00    0.00
OF226.0  -8.1254    0.00 8.8545     0.00    0.00    0.00    0.00    0.00
OF227.0  -8.1168    0.00 8.8545     0.00    0.00    0.00    0.00    0.00
OF228.0  -8.1081    0.00 8.8545     0.00    0.00    0.00    0.00    0.00
OF229.0  -8.0995    0.00 8.8545     0.00    0.00    0.00    0.00    0.00
OF230.0  -8.0908    0.00 8.8545     0.00    0.00    0.00    0.00    0.00
OF231.0  -8.0822    0.00 8.8545     0.00    0.00    0.00    0.00    0.00
OF232.0  -8.0735    0.00 8.8545     0.00    0.00    0.00    0.00    0.00
OF233.0  -8.0649    0.00 8.8545     0.00    0.00    0.00    0.00    0.00
OF234.0  -8.0563    0.00 8.8545     0.00    0.00    0.00    0.00    0.00
OF235.0  -8.0476    0.00 8.8545     0.00    0.00    0.00    0.00    0.00
OF236.0  -8.039     0.00 8.8544     0.00    0.00    0.00    0.00    0.00
OF237.0  -8.0304    0.00 8.8544     0.00    0.00    0.00    0.00    0.00
OF238.0  -8.0217    0.00 8.8544     0.00    0.00    0.00    0.00    0.00
OF239.0  -8.0131    0.00 8.8544     0.00    0.00    0.00    0.00    0.00
OF240.0  -8.0044    0.00 8.8544     0.00    0.00    0.00    0.00    0.00
OF241.0  -7.9958    0.00 8.8544     0.00    0.00    0.00    0.00    0.00
OF242.0  -7.9872    0.00 8.8544     0.00    0.00    0.00    0.00    0.00
OF243.0  -7.9785    0.00 8.8544     0.00    0.00    0.00    0.00    0.00
OF244.0  -7.9699    0.00 8.8544     0.00    0.00    0.00    0.00    0.00
OF245.0  -7.9612    0.00 8.8544     0.00    0.00    0.00    0.00    0.00
OF246.0  -7.9526    0.00 8.8544     0.00    0.00    0.00    0.00    0.00
OF247.0  -7.9439    0.00 8.8544     0.00    0.00    0.00    0.00    0.00
OF248.0  -7.9353    0.00 8.8544     0.00    0.00    0.00    0.00    0.00
OF249.0  -7.9266    0.00 8.8544     0.00    0.00    0.00    0.00    0.00
OF250.0  -7.918     0.00 8.8544     0.00    0.00    0.00    0.00    0.00
OF251.0  -7.9093    0.00 8.8544     0.00    0.00    0.00    0.00    0.00
OF252.0  -7.9007    0.00 8.8544     0.00    0.00    0.00    0.00    0.00
OF253.0  -7.8921    0.00 8.8543     0.00    0.00    0.00    0.00    0.00
OF254.0  -7.8834    0.00 8.8543     0.00    0.00    0.00    0.00    0.00
OF255.0  -7.8748    0.00 8.8543     0.00    0.00    0.00    0.00    0.00
OF256.0  -7.8661    0.00 8.8543     0.00    0.00    0.00    0.00    0.00
OF257.0  -7.8575    0.00 8.8543     0.00    0.00    0.00    0.00    0.00
OF258.0  -7.8488    0.00 8.8543     0.00    0.00    0.00    0.00    0.00
OF259.0  -7.8402    0.00 8.8543     0.00    0.00    0.00    0.00    0.00
OF260.0  -7.8315    0.00 8.8543     0.00    0.00    0.00    0.00    0.00
OF261.0  -7.8229    0.00 8.8543     0.00    0.00    0.00    0.00    0.00
OF262.0  -7.8143    0.00 8.8543     0.00    0.00    0.00    0.00    0.00
OF263.0  -7.8056    0.00 8.8543     0.00    0.00    0.00    0.00    0.00
OF264.0  -7.797     0.00 8.8543     0.00    0.00    0.00    0.00    0.00
OF265.0  -7.7883    0.00 8.8543     0.00    0.00    0.00    0.00    0.00
OF266.0  -7.7797    0.00 8.8543     0.00    0.00    0.00    0.00    0.00
OF267.0  -7.771     0.00 8.8543     0.00    0.00    0.00    0.00    0.00
OF268.0  -7.7624    0.00 8.8543     0.00    0.00    0.00    0.00    0.00
OF269.0  -7.7537    0.00 8.8542     0.00    0.00    0.00    0.00    0.00
OF270.0  -7.664     0.00 8.8542     0.00    0.00    0.00    0.00    0.00
OF271.0  -7.4363    0.00 8.8542     0.00    0.00    0.00    0.00    0.00
OF272.0  -7.2087    0.00 8.8542     0.00    0.00    0.00    0.00    0.00
OF273.0  -6.9804    0.00 8.8542     0.00    0.00    0.00    0.00    0.00
OF274.0  -6.7527    0.00 8.8542     0.00    0.00    0.00    0.00    0.00
OF275.0  -6.5251    0.00 8.8542     0.00    0.00    0.00    0.00    0.00
OF276.0  -6.2968    0.00 8.8542     0.00    0.00    0.00    0.00    0.00
OF277.0  -6.0691    0.00 8.8542     0.00    0.00    0.00    0.00    0.00
OF278.0  -5.8415    0.00 8.8542     0.00    0.00    0.00    0.00    0.00
OF279.0  -5.6132    0.00 8.8542     0.00    0.00    0.00    0.00    0.00
OF280.0  -5.3855    0.00 8.8542     0.00    0.00    0.00    0.00    0.00
OF281.0  -5.1573    0.00 8.8542     0.00    0.00    0.00    0.00    0.00
OF282.0  -4.9296    0.00 8.8542     0.00    0.00    0.00    0.00    0.00
OF283.0  -4.7022    0.00 8.8542     0.00    0.00    0.00    0.00    0.00
OF284.0  -4.474     0.00 8.8542     0.00    0.00    0.00    0.00    0.00
OF285.0  -4.2463    0.00 8.8542     0.00    0.00    0.00    0.00    0.00
OF286.0  -4.0186    0.00 8.8542     0.00    0.00    0.00    0.00    0.00
OF287.0  -3.7904    0.00 8.8542     0.00    0.00    0.00    0.00    0.00
OF288.0  -3.5627    0.00 8.8542     0.00    0.00    0.00    0.00    0.00
OF289.0  -3.335     0.00 8.8542     0.00    0.00    0.00    0.00    0.00
OF290.0  -3.1068    0.00 8.8542     0.00    0.00    0.00    0.00    0.00
OF291.0  -2.8791    0.00 8.8542     0.00    0.00    0.00    0.00    0.00
OF292.0  -2.6514    0.00 8.8542     0.00    0.00    0.00    0.00    0.00
OF293.0  -2.4232    0.00 8.8542     0.00    0.00    0.00    0.00    0.00
OF294.0  -2.1955    0.00 8.8542     0.00    0.00    0.00    0.00    0.00
OF295.0  -1.9678    0.00 8.8542     0.00    0.00    0.00    0.00    0.00
OF296.0  -1.7396    0.00 8.8542     0.00    0.00    0.00    0.00    0.00
OF297.0  -1.5119    0.00 8.8542     0.00    0.00    0.00    0.00    0.00
OF298.0  -1.2842    0.00 8.8542     0.00    0.00    0.00    0.00    0.00
OF299.0  -1.056     0.00 8.8542     0.00    0.00    0.00    0.00    0.00
OF300.0  -0.8282    0.00 8.8542     0.00    0.00    0.00    0.00    0.00
OF301.0  -0.6077    0.00 8.8542     0.00    0.00    0.00    0.00    0.00
OF302.0  -0.3868    0.00 8.8542     0.00    0.00    0.00    0.00    0.00
OF303.0  -0.1664    0.00 8.8542     0.00    0.00    0.00    0.00    0.00
IF310.5  0.97441    0.00 8.8542     0.00    0.00    0.00    0.00    0.00
IF320.0  8.8542     0.00 8.8542     0.00    0.00    0.00    0.00    0.00
PS START(427922.9338,4848688.8355)
PS END(428037.2588,4848648.2637)
ET
 
 
 
