  FEMA                                                      sjh            job 2
  RUNUP2 transect: CM-151-1                                                    1
5.00                                                                            
  -14.53 -476.0 0.8                                                             
  -13.94 -346.0 0.8                                                             
  -13.93 -345.0 0.8                                                             
  -13.87 -313.0 0.8                                                             
  -13.43 -204.0 0.8                                                             
  -13.41 -203.0 0.8                                                             
  -12.37 -138.0 0.8                                                             
  -11.40 -68.0  0.8                                                             
  -11.36 -67.0  0.8                                                             
  -9.32 -55.0  0.8                                                              
  -8.65 -51.0  0.8                                                              
  -6.78 -40.0  0.8                                                              
  -5.09 -30.0  0.8                                                              
  -4.92 -29.0  0.8                                                              
  -1.70 -10.0  0.8                                                              
  -0.68 -4.0   0.8                                                              
  0.16  1.0    0.8                                                              
  0.68  4.0    0.8                                                              
  2.98  17.0   0.8                                                              
1 18.61 89.5   0.8                                                              
 8.9   0.86  1.86                                                               
 8.9   0.86  1.95                                                               
 8.9   0.86  2.05                                                               
 8.9   0.91  1.86                                                               
 8.9   0.91  1.95                                                               
 8.9   0.91  2.05                                                               
 8.9   0.95  1.86                                                               
 8.9   0.95  1.95                                                               
 8.9   0.95  2.05                                                               
