  FEMA                                                      sjh            job 2
  RUNUP2 transect: CM-137                                                      1
4.00                                                                            
  -38.40 -282.4 0.8                                                             
  -33.83 -266.4 0.8                                                             
  -29.16 -236.4 0.8                                                             
  -11.19 -148.4 0.8                                                             
  -8.72 -124.4 0.8                                                              
  -8.72 -82.4  0.8                                                              
  -5.06 -80.4  0.8                                                              
  -5.05 -36.4  0.8                                                              
  -1.84 -16.4  0.8                                                              
  -0.58 -2.4   0.8                                                              
  1.66  9.6    0.8                                                              
  1.66  41.6   0.8                                                              
  4.17  65.6   0.8                                                              
  6.47  81.6   0.8                                                              
  8.21  87.6   0.8                                                              
  10.45 99.6   0.8                                                              
  11.94 103.6  0.8                                                              
  13.25 113.6  0.8                                                              
  13.68 127.6  0.8                                                              
1 17.89 145.6  0.8                                                              
 8.8   2.46  7.74                                                               
 8.8   2.46  8.14                                                               
 8.8   2.46  8.55                                                               
 8.8   2.59  7.74                                                               
 8.8   2.59  8.14                                                               
 8.8   2.59  8.55                                                               
 8.8   2.72  7.74                                                               
 8.8   2.72  8.14                                                               
 8.8   2.72  8.55                                                               
