  FEMA                                                      sjh            job 2
  RUNUP2 transect: CM-140                                                      1
3.00                                                                            
  -27.89 -286.4 0.8                                                             
  -27.49 -264.4 0.8                                                             
  -27.49 -182.4 0.8                                                             
  -23.87 -150.4 0.8                                                             
  -17.46 -100.4 0.8                                                             
  -13.22 -78.4  0.8                                                             
  -4.15 -76.4  0.8                                                              
  -4.03 -54.4  0.8                                                              
  -2.46 -38.4  0.8                                                              
  -1.24 -10.4  0.8                                                              
  -0.26 -0.4   0.8                                                              
  3.00  5.6    0.8                                                              
  5.22  15.6   0.8                                                              
  5.22  29.6   0.8                                                              
  10.10 39.6   0.8                                                              
  17.61 65.6   0.8                                                              
  19.28 79.6   0.8                                                              
  22.98 87.6   0.8                                                              
  24.95 97.6   0.8                                                              
1 31.03 113.6  0.8                                                              
 8.8   9.75  11.74                                                              
 8.8   9.75  12.36                                                              
 8.8   9.75  12.98                                                              
 8.8   10.26 11.74                                                              
 8.8   10.26 12.36                                                              
 8.8   10.26 12.98                                                              
 8.8   10.78 11.74                                                              
 8.8   10.78 12.36                                                              
 8.8   10.78 12.98                                                              
