  FEMA                                                      sjh            job 2
  RUNUP2 transect: CM-158-1                                                    1
2.00                                                                            
  -19.64 -81.4  0.6                                                             
  -19.64 -45.4  0.6                                                             
  -19.38 -44.4  0.6                                                             
  -17.60 -39.4  0.6                                                             
  -17.25 -38.4  0.6                                                             
  -14.11 -30.4  0.6                                                             
  -12.93 -27.4  0.6                                                             
  -10.97 -22.4  0.6                                                             
  -9.79 -19.4  0.6                                                              
  -9.40 -18.4  0.6                                                              
  -8.23 -15.4  0.6                                                              
  -7.83 -14.4  0.6                                                              
  -6.26 -10.4  0.6                                                              
  -5.87 -9.4   0.6                                                              
  -4.70 -6.4   0.6                                                              
  -2.34 -0.4   0.6                                                              
  4.22  0.6    0.6                                                              
  4.45  6.6    0.6                                                              
  5.01  13.6   0.6                                                              
1 11.96 24.6   0.6                                                              
 8.8   1.04  2.18                                                               
 8.8   1.04  2.29                                                               
 8.8   1.04  2.41                                                               
 8.8   1.10  2.18                                                               
 8.8   1.10  2.29                                                               
 8.8   1.10  2.41                                                               
 8.8   1.15  2.18                                                               
 8.8   1.15  2.29                                                               
 8.8   1.15  2.41                                                               
