  FEMA                                                      sjh            job 2
  RUNUP2 transect: CM-135-1                                                    1
0.00                                                                            
  -23.92 -108.1 0.8                                                             
  -23.71 -107.1 0.8                                                             
  -20.49 -92.1  0.8                                                             
  -20.06 -90.1  0.8                                                             
  -18.44 -83.1  0.8                                                             
  -16.83 -76.1  0.8                                                             
  -14.98 -68.1  0.8                                                             
  -13.36 -61.1  0.8                                                             
  -13.13 -60.1  0.8                                                             
  -11.52 -53.1  0.8                                                             
  -11.29 -52.1  0.8                                                             
  -7.82 -37.1  0.8                                                              
  -6.21 -30.1  0.8                                                              
  -5.98 -29.1  0.8                                                              
  -2.90 -14.1  0.8                                                              
  -1.25 -6.1   0.8                                                              
  2.86  13.9   0.8                                                              
  4.35  48.4   0.8                                                              
  5.07  56.9   0.8                                                              
1 13.80 58.9   0.8                                                              
 8.8   1.27  2.81                                                               
 8.8   1.27  2.96                                                               
 8.8   1.27  3.10                                                               
 8.8   1.33  2.81                                                               
 8.8   1.33  2.96                                                               
 8.8   1.33  3.10                                                               
 8.8   1.40  2.81                                                               
 8.8   1.40  2.96                                                               
 8.8   1.40  3.10                                                               
