  FEMA                                                      sjh            job 2
  RUNUP2 transect: CM-150-1                                                    1
3.00                                                                            
  -16.19 -249.2 0.8                                                             
  -16.08 -243.2 0.8                                                             
  -15.18 -176.2 0.8                                                             
  -15.17 -175.2 0.8                                                             
  -14.84 -154.2 0.8                                                             
  -14.76 -153.2 0.8                                                             
  -14.16 -148.2 0.8                                                             
  -12.49 -134.2 0.8                                                             
  -10.58 -118.2 0.8                                                             
  -10.45 -117.2 0.8                                                             
  -9.30 -108.2 0.8                                                              
  -7.38 -93.2  0.8                                                              
  -6.74 -88.2  0.8                                                              
  -4.82 -73.2  0.8                                                              
  -3.92 -66.2  0.8                                                              
  -2.00 -51.2  0.8                                                              
  -2.00 -22.2  0.8                                                              
  -1.44 -6.7   0.8                                                              
  1.44  6.8    0.8                                                              
1 15.15 50.8   0.8                                                              
 8.9   0.89  1.86                                                               
 8.9   0.89  1.95                                                               
 8.9   0.89  2.05                                                               
 8.9   0.94  1.86                                                               
 8.9   0.94  1.95                                                               
 8.9   0.94  2.05                                                               
 8.9   0.99  1.86                                                               
 8.9   0.99  1.95                                                               
 8.9   0.99  2.05                                                               
