  FEMA                                                      sjh            job 2
  RUNUP2 transect: CM-159-1                                                    1
5.00                                                                            
  -10.76 -903.8 0.8                                                             
  -10.76 -643.8 0.8                                                             
  -9.33 -571.8 0.8                                                              
  -9.33 -536.8 0.8                                                              
  -8.98 -452.8 0.8                                                              
  -8.83 -359.8 0.8                                                              
  -8.83 -183.8 0.8                                                              
  -7.61 -92.8  0.8                                                              
  -5.89 -70.8  0.8                                                              
  -2.45 -32.8  0.8                                                              
  2.99  40.2   0.8                                                              
  4.83  47.7   0.8                                                              
  6.01  84.7   0.8                                                              
  8.11  104.2  0.8                                                              
  8.11  131.7  0.8                                                              
  8.51  173.7  0.8                                                              
  9.36  204.7  0.8                                                              
  12.64 260.7  0.8                                                              
  14.71 310.7  0.8                                                              
1 17.01 322.7  0.8                                                              
 8.8   1.80  10.88                                                              
 8.8   1.80  11.45                                                              
 8.8   1.80  12.03                                                              
 8.8   1.89  10.88                                                              
 8.8   1.89  11.45                                                              
 8.8   1.89  12.03                                                              
 8.8   1.99  10.88                                                              
 8.8   1.99  11.45                                                              
 8.8   1.99  12.03                                                              
