  FEMA                                                      sjh            job 2
  RUNUP2 transect: CM-139-1                                                    1
5.00                                                                            
  -56.77 -414.6 0.8                                                             
  -52.57 -362.6 0.8                                                             
  -52.53 -361.6 0.8                                                             
  -52.51 -359.6 0.8                                                             
  -52.43 -358.6 0.8                                                             
  -41.08 -304.6 0.8                                                             
  -28.47 -244.6 0.8                                                             
  -26.00 -232.6 0.8                                                             
  -16.75 -187.6 0.8                                                             
  -16.55 -186.6 0.8                                                             
  -13.66 -144.6 0.8                                                             
  -13.60 -143.6 0.8                                                             
  -12.78 -107.6 0.8                                                             
  -11.84 -66.6  0.8                                                             
  -11.75 -65.6  0.8                                                             
  -5.98 -25.6  0.8                                                              
  -4.11 -17.6  0.8                                                              
  2.91  12.4   0.8                                                              
  7.50  41.9   0.8                                                              
1 13.89 71.4   0.8                                                              
 8.8   4.59  8.00                                                               
 8.8   4.59  8.42                                                               
 8.8   4.59  8.84                                                               
 8.8   4.83  8.00                                                               
 8.8   4.83  8.42                                                               
 8.8   4.83  8.84                                                               
 8.8   5.08  8.00                                                               
 8.8   5.08  8.42                                                               
 8.8   5.08  8.84                                                               
