  FEMA                                                      sjh            job 2
  RUNUP2 transect: CM-124                                                      1
10.0                                                                            
  -19.59 -513.3 0.8                                                             
  -16.23 -353.3 0.8                                                             
  -14.21 -267.3 0.8                                                             
  -5.70 -265.3 0.8                                                              
  -5.22 -249.3 0.8                                                              
  -5.20 -153.3 0.8                                                              
  -3.47 -103.3 0.8                                                              
  -3.47 -35.3  0.8                                                              
  -1.43 -23.3  0.8                                                              
  0.58  8.7    0.8                                                              
  2.28  10.7   0.8                                                              
  3.46  22.7   0.8                                                              
  5.44  28.7   0.8                                                              
  5.82  32.7   0.8                                                              
  10.35 44.7   0.8                                                              
  11.54 56.7   0.8                                                              
  14.31 68.7   0.8                                                              
  16.48 92.7   0.8                                                              
  16.62 100.7  0.8                                                              
1 17.44 108.7  0.8                                                              
 9.0   2.28  4.04                                                               
 9.0   2.28  4.25                                                               
 9.0   2.28  4.46                                                               
 9.0   2.40  4.04                                                               
 9.0   2.40  4.25                                                               
 9.0   2.40  4.46                                                               
 9.0   2.52  4.04                                                               
 9.0   2.52  4.25                                                               
 9.0   2.52  4.46                                                               
