  FEMA                                                      sjh            job 2
  RUNUP2 transect: CM-129-1                                                    1
2.00                                                                            
  -16.94 -546.7 0.6                                                             
  -16.82 -540.7 0.6                                                             
  -15.55 -502.7 0.6                                                             
  -13.40 -424.7 0.6                                                             
  -11.79 -361.7 0.6                                                             
  -9.91 -302.7 0.6                                                              
  -8.97 -272.7 0.6                                                              
  -6.55 -190.7 0.6                                                              
  -6.03 -171.7 0.6                                                              
  -5.99 -170.7 0.6                                                              
  -4.90 -145.7 0.6                                                              
  -2.88 -87.7  0.6                                                              
  -0.16 -4.7   0.6                                                              
  0.18  5.3    0.6                                                              
  0.57  18.3   0.6                                                              
  2.98  84.3   0.6                                                              
  4.49  283.8  0.6                                                              
  6.16  300.3  0.6                                                              
  8.33  313.8  0.6                                                              
1 10.99 318.3  0.6                                                              
 8.8   2.24  9.94                                                               
 8.8   2.24  10.46                                                              
 8.8   2.24  10.99                                                              
 8.8   2.36  9.94                                                               
 8.8   2.36  10.46                                                              
 8.8   2.36  10.99                                                              
 8.8   2.48  9.94                                                               
 8.8   2.48  10.46                                                              
 8.8   2.48  10.99                                                              
