  FEMA                                                      sjh            job 2
  RUNUP2 transect: CM-139-2                                                    1
6.00                                                                            
  -37.36 -289.7 0.8                                                             
  -32.76 -258.7 0.8                                                             
  -32.55 -257.7 0.8                                                             
  -27.46 -237.7 0.8                                                             
  -22.37 -217.7 0.8                                                             
  -22.11 -216.7 0.8                                                             
  -14.98 -188.7 0.8                                                             
  -11.42 -174.7 0.8                                                             
  -11.23 -173.7 0.8                                                             
  -7.96 -137.7 0.8                                                              
  -7.90 -136.7 0.8                                                              
  -7.18 -107.7 0.8                                                              
  -5.46 -39.7  0.8                                                              
  -5.40 -38.7  0.8                                                              
  -2.54 -15.7  0.8                                                              
  2.94  18.3   0.8                                                              
  6.55  23.3   0.8                                                              
  6.55  33.3   0.8                                                              
  9.37  42.3   0.8                                                              
1 10.88 50.8   0.8                                                              
 8.8   3.80  7.50                                                               
 8.8   3.80  7.89                                                               
 8.8   3.80  8.28                                                               
 8.8   4.00  7.50                                                               
 8.8   4.00  7.89                                                               
 8.8   4.00  8.28                                                               
 8.8   4.20  7.50                                                               
 8.8   4.20  7.89                                                               
 8.8   4.20  8.28                                                               
