  FEMA                                                      sjh            job 2
  RUNUP2 transect: CM-132                                                      1
3.00                                                                            
  -15.99 -856.1 1.0                                                             
  -13.41 -834.1 1.0                                                             
  -4.72 -832.1 1.0                                                              
  -4.47 -812.1 1.0                                                              
  -4.32 -790.1 1.0                                                              
  -4.32 -424.1 1.0                                                              
  -3.77 -416.1 1.0                                                              
  -3.77 -112.1 1.0                                                              
  -2.38 -100.1 1.0                                                              
  -0.55 -90.1  1.0                                                              
  -0.37 -86.1  1.0                                                              
  -0.37 -4.1   1.0                                                              
  1.69  15.9   1.0                                                              
  1.69  69.9   1.0                                                              
  2.58  85.9   1.0                                                              
  3.38  95.9   1.0                                                              
  5.30  107.9  1.0                                                              
  10.32 117.9  1.0                                                              
  12.77 121.9  1.0                                                              
1 16.53 131.9  1.0                                                              
 8.9   1.95  3.84                                                               
 8.9   1.95  4.05                                                               
 8.9   1.95  4.25                                                               
 8.9   2.06  3.84                                                               
 8.9   2.06  4.05                                                               
 8.9   2.06  4.25                                                               
 8.9   2.16  3.84                                                               
 8.9   2.16  4.05                                                               
 8.9   2.16  4.25                                                               
