  FEMA                                                      sjh            job 2
  RUNUP2 transect: CM-133                                                      1
2.00                                                                            
  -19.94 -787.9 1.0                                                             
  -19.03 -713.9 1.0                                                             
  -17.60 -653.9 1.0                                                             
  -15.13 -527.9 1.0                                                             
  -14.30 -491.9 1.0                                                             
  -12.54 -429.9 1.0                                                             
  -3.88 -427.9 1.0                                                              
  -3.83 -413.9 1.0                                                              
  -3.83 -93.9  1.0                                                              
  -3.34 -71.9  1.0                                                              
  -3.34 -37.9  1.0                                                              
  -1.80 -13.9  1.0                                                              
  -0.22 -1.9   1.0                                                              
  1.67  18.1   1.0                                                              
  3.26  30.1   1.0                                                              
  5.76  54.1   1.0                                                              
  7.47  60.1   1.0                                                              
  16.39 72.1   1.0                                                              
  22.77 78.1   1.0                                                              
1 25.10 82.1   1.0                                                              
 8.9   2.64  6.42                                                               
 8.9   2.64  6.76                                                               
 8.9   2.64  7.10                                                               
 8.9   2.78  6.42                                                               
 8.9   2.78  6.76                                                               
 8.9   2.78  7.10                                                               
 8.9   2.91  6.42                                                               
 8.9   2.91  6.76                                                               
 8.9   2.91  7.10                                                               
