  FEMA                                                      sjh            job 2
  RUNUP2 transect: CM-150-2                                                    1
5.00                                                                            
  -15.58 -252.3 1.0                                                             
  -14.30 -181.3 1.0                                                             
  -14.29 -180.3 1.0                                                             
  -13.49 -114.3 1.0                                                             
  -13.37 -113.3 1.0                                                             
  -10.88 -95.3  1.0                                                             
  -8.39 -77.3  1.0                                                              
  -8.25 -76.3  1.0                                                              
  -5.34 -55.3  1.0                                                              
  -2.44 -34.3  1.0                                                              
  -2.02 -31.3  1.0                                                              
  -1.94 -21.3  1.0                                                              
  -1.05 -10.3  1.0                                                              
  -0.27 -1.3   1.0                                                              
  0.75  3.7    1.0                                                              
  1.17  10.7   1.0                                                              
  7.41  18.7   1.0                                                              
  17.97 39.7   1.0                                                              
  20.04 51.2   1.0                                                              
1 22.79 64.2   1.0                                                              
 8.9   1.29  6.95                                                               
 8.9   1.29  7.32                                                               
 8.9   1.29  7.68                                                               
 8.9   1.35  6.95                                                               
 8.9   1.35  7.32                                                               
 8.9   1.35  7.68                                                               
 8.9   1.42  6.95                                                               
 8.9   1.42  7.32                                                               
 8.9   1.42  7.68                                                               
