  FEMA                                                      sjh            job 2
  RUNUP2 transect: CM-145                                                      1
6.00                                                                            
  -44.79 -924.5 0.8                                                             
  -44.29 -872.5 0.8                                                             
  -43.31 -794.5 0.8                                                             
  -40.97 -740.5 0.8                                                             
  -39.01 -702.5 0.8                                                             
  -21.61 -588.5 0.8                                                             
  -11.74 -494.5 0.8                                                             
  -11.74 -86.5  0.8                                                             
  -5.18 -84.5  0.8                                                              
  -5.13 -32.5  0.8                                                              
  -3.26 -20.5  0.8                                                              
  -1.62 -4.5   0.8                                                              
  6.79  17.5   0.8                                                              
  7.75  27.5   0.8                                                              
  15.62 39.5   0.8                                                              
  17.87 47.5   0.8                                                              
  20.66 59.5   0.8                                                              
  21.93 69.5   0.8                                                              
  26.60 77.5   0.8                                                              
1 28.79 89.5   0.8                                                              
 8.8   3.98  9.44                                                               
 8.8   3.98  9.94                                                               
 8.8   3.98  10.43                                                              
 8.8   4.19  9.44                                                               
 8.8   4.19  9.94                                                               
 8.8   4.19  10.43                                                              
 8.8   4.40  9.44                                                               
 8.8   4.40  9.94                                                               
 8.8   4.40  10.43                                                              
