  FEMA                                                      sjh            job 2
  RUNUP2 transect: CM-123-1                                                    1
3.00                                                                            
  -18.61 -496.4 1.0                                                             
  -14.44 -373.4 1.0                                                             
  -14.42 -372.4 1.0                                                             
  -12.75 -276.4 1.0                                                             
  -12.40 -252.4 1.0                                                             
  -11.97 -224.4 1.0                                                             
  -11.96 -223.4 1.0                                                             
  -11.16 -161.4 1.0                                                             
  -11.13 -160.4 1.0                                                             
  -8.12 -116.4 1.0                                                              
  -8.05 -115.4 1.0                                                              
  -5.85 -84.4  1.0                                                              
  -5.78 -83.4  1.0                                                              
  -1.09 -15.4  1.0                                                              
  1.46  20.6   1.0                                                              
  2.94  41.6   1.0                                                              
  7.36  237.6  1.0                                                              
  15.09 249.1  1.0                                                              
  18.21 256.6  1.0                                                              
1 22.97 268.1  1.0                                                              
 9.0   2.05  4.05                                                               
 9.0   2.05  4.27                                                               
 9.0   2.05  4.48                                                               
 9.0   2.16  4.05                                                               
 9.0   2.16  4.27                                                               
 9.0   2.16  4.48                                                               
 9.0   2.27  4.05                                                               
 9.0   2.27  4.27                                                               
 9.0   2.27  4.48                                                               
