  FEMA                                                      sjh            job 2
  RUNUP2 transect: CM-138                                                      1
6.00                                                                            
  -43.32 -324.1 0.8                                                             
  -35.06 -268.1 0.8                                                             
  -26.95 -226.1 0.8                                                             
  -18.90 -190.1 0.8                                                             
  -16.20 -150.1 0.8                                                             
  -13.87 -128.1 0.8                                                             
  -5.06 -126.1 0.8                                                              
  -4.60 -90.1  0.8                                                              
  -4.60 -14.1  0.8                                                              
  -0.04 -0.1   0.8                                                              
  2.66  3.9    0.8                                                              
  4.03  31.9   0.8                                                              
  4.20  47.9   0.8                                                              
  5.85  59.9   0.8                                                              
  6.88  89.9   0.8                                                              
  6.90  105.9  0.8                                                              
  7.93  117.9  0.8                                                              
  10.04 125.9  0.8                                                              
  15.07 137.9  0.8                                                              
1 17.88 155.9  0.8                                                              
 8.8   4.98  9.50                                                               
 8.8   4.98  10.00                                                              
 8.8   4.98  10.50                                                              
 8.8   5.24  9.50                                                               
 8.8   5.24  10.00                                                              
 8.8   5.24  10.50                                                              
 8.8   5.50  9.50                                                               
 8.8   5.50  10.00                                                              
 8.8   5.50  10.50                                                              
