  FEMA                                                      sjh            job 2
  RUNUP2 transect: CM-127                                                      1
4.00                                                                            
  -30.48 -706.0 0.8                                                             
  -30.48 -680.0 0.8                                                             
  -28.87 -568.0 0.8                                                             
  -28.82 -426.0 0.8                                                             
  -26.19 -372.0 0.8                                                             
  -25.86 -344.0 0.8                                                             
  -24.48 -318.0 0.8                                                             
  -17.98 -244.0 0.8                                                             
  -14.37 -170.0 0.8                                                             
  -12.94 -154.0 0.8                                                             
  -4.40 -152.0 0.8                                                              
  -4.33 -54.0  0.8                                                              
  -2.50 -28.0  0.8                                                              
  1.06  10.0   0.8                                                              
  4.10  54.0   0.8                                                              
  6.68  72.0   0.8                                                              
  13.30 100.0  0.8                                                              
  13.88 114.0  0.8                                                              
  16.59 144.0  0.8                                                              
1 20.47 158.0  0.8                                                              
 8.9   3.00  7.86                                                               
 8.9   3.00  8.28                                                               
 8.9   3.00  8.69                                                               
 8.9   3.16  7.86                                                               
 8.9   3.16  8.28                                                               
 8.9   3.16  8.69                                                               
 8.9   3.32  7.86                                                               
 8.9   3.32  8.28                                                               
 8.9   3.32  8.69                                                               
