  FEMA                                                      sjh            job 2
  RUNUP2 transect: CM-151                                                      1
14.0                                                                            
  -18.36 -299.5 0.8                                                             
  -18.36 -171.5 0.8                                                             
  -13.44 -135.5 0.8                                                             
  -4.67 -133.5 0.8                                                              
  -4.59 -19.5  0.8                                                              
  -3.77 -7.5   0.8                                                              
  -0.37 -1.5   0.8                                                              
  4.97  34.5   0.8                                                              
  4.98  110.5  0.8                                                              
  8.25  126.5  0.8                                                              
  14.46 138.5  0.8                                                              
  20.34 172.5  0.8                                                              
  26.24 222.5  0.8                                                              
  30.76 244.5  0.8                                                              
  31.53 256.5  0.8                                                              
  31.53 326.5  0.8                                                              
  33.85 344.5  0.8                                                              
  34.18 372.5  0.8                                                              
  38.36 384.5  0.8                                                              
1 46.49 500.5  0.8                                                              
 8.9   1.48  6.99                                                               
 8.9   1.48  7.35                                                               
 8.9   1.48  7.72                                                               
 8.9   1.56  6.99                                                               
 8.9   1.56  7.35                                                               
 8.9   1.56  7.72                                                               
 8.9   1.64  6.99                                                               
 8.9   1.64  7.35                                                               
 8.9   1.64  7.72                                                               
