  FEMA                                                      sjh            job 2
  RUNUP2 transect: CM-134-1                                                    1
7.00                                                                            
  -13.53 -664.8 0.8                                                             
  -13.26 -647.8 0.8                                                             
  -13.11 -638.8 0.8                                                             
  -12.64 -611.8 0.8                                                             
  -12.60 -609.8 0.8                                                             
  -11.95 -572.8 0.8                                                             
  -11.93 -571.8 0.8                                                             
  -9.98 -504.8 0.8                                                              
  -9.95 -503.8 0.8                                                              
  -9.02 -468.8 0.8                                                              
  -8.49 -448.8 0.8                                                              
  -7.61 -415.8 0.8                                                              
  -7.58 -414.8 0.8                                                              
  -7.52 -412.8 0.8                                                              
  -7.50 -411.8 0.8                                                              
  -7.49 -409.8 0.8                                                              
  -7.44 -399.8 0.8                                                              
  -7.03 -314.8 0.8                                                              
  -2.00 -13.8  0.8                                                              
1 13.19 90.7   0.8                                                              
 8.9   1.32  2.66                                                               
 8.9   1.32  2.80                                                               
 8.9   1.32  2.95                                                               
 8.9   1.38  2.66                                                               
 8.9   1.38  2.80                                                               
 8.9   1.38  2.95                                                               
 8.9   1.45  2.66                                                               
 8.9   1.45  2.80                                                               
 8.9   1.45  2.95                                                               
