  FEMA                                                      sjh            job 2
  RUNUP2 transect: CM-142                                                      1
3.00                                                                            
  -30.46 -603.1 0.8                                                             
  -29.37 -529.1 0.8                                                             
  -27.03 -493.1 0.8                                                             
  -21.91 -433.1 0.8                                                             
  -15.32 -325.1 0.8                                                             
  -15.32 -221.1 0.8                                                             
  -13.87 -209.1 0.8                                                             
  -5.11 -207.1 0.8                                                              
  -5.06 -127.1 0.8                                                              
  -4.68 -97.1  0.8                                                              
  -3.03 -85.1  0.8                                                              
  -2.55 -71.1  0.8                                                              
  -2.44 -11.1  0.8                                                              
  0.13  0.9    0.8                                                              
  1.11  22.9   0.8                                                              
  1.20  42.9   0.8                                                              
  2.51  52.9   0.8                                                              
  5.79  68.9   0.8                                                              
  18.67 88.9   0.8                                                              
1 21.08 96.9   0.8                                                              
 8.8   5.81  11.35                                                              
 8.8   5.81  11.95                                                              
 8.8   5.81  12.55                                                              
 8.8   6.12  11.35                                                              
 8.8   6.12  11.95                                                              
 8.8   6.12  12.55                                                              
 8.8   6.42  11.35                                                              
 8.8   6.42  11.95                                                              
 8.8   6.42  12.55                                                              
