  FEMA                                                      sjh            job 2
  RUNUP2 transect: CM-135-2                                                    1
7.00                                                                            
  -6.69 -77.5  1.0                                                              
  -6.10 -70.5  1.0                                                              
  -5.00 -57.5  1.0                                                              
  -4.41 -50.5  1.0                                                              
  -3.32 -37.5  1.0                                                              
  -2.73 -30.5  1.0                                                              
  -2.23 -24.5  1.0                                                              
  -1.05 -10.5  1.0                                                              
  -0.95 -9.5   1.0                                                              
  0.05  0.5    1.0                                                              
  0.10  1.5    1.0                                                              
  0.16  3.5    1.0                                                              
  0.19  4.5    1.0                                                              
  1.93  22.5   1.0                                                              
  2.99  33.5   1.0                                                              
  6.29  34.5   1.0                                                              
  7.93  40.0   1.0                                                              
  8.09  52.0   1.0                                                              
  8.09  239.0  1.0                                                              
1 9.99  252.5  1.0                                                              
 8.8   1.27  3.42                                                               
 8.8   1.27  3.60                                                               
 8.8   1.27  3.78                                                               
 8.8   1.34  3.42                                                               
 8.8   1.34  3.60                                                               
 8.8   1.34  3.78                                                               
 8.8   1.40  3.42                                                               
 8.8   1.40  3.60                                                               
 8.8   1.40  3.78                                                               
