  FEMA                                                      sjh            job 2
  RUNUP2 transect: CM-131-1                                                    1
14.0                                                                            
  -16.94 -493.6 1.0                                                             
  -16.41 -398.6 1.0                                                             
  -15.09 -360.6 1.0                                                             
  -10.25 -261.6 1.0                                                             
  -6.35 -163.6 1.0                                                              
  -2.67 -52.6  1.0                                                              
  -0.24 -6.6   1.0                                                              
  3.00  81.4   1.0                                                              
  3.46  116.9  1.0                                                              
  7.11  149.9  1.0                                                              
  7.11  571.4  1.0                                                              
  7.37  662.9  1.0                                                              
  8.16  677.4  1.0                                                              
  8.29  747.4  1.0                                                              
  9.43  770.4  1.0                                                              
  10.52 892.9  1.0                                                              
  12.03 913.9  1.0                                                              
  12.26 955.4  1.0                                                              
  14.95 974.4  1.0                                                              
1 16.26 992.9  1.0                                                              
 8.8   2.02  2.97                                                               
 8.8   2.02  3.12                                                               
 8.8   2.02  3.28                                                               
 8.8   2.12  2.97                                                               
 8.8   2.12  3.12                                                               
 8.8   2.12  3.28                                                               
 8.8   2.23  2.97                                                               
 8.8   2.23  3.12                                                               
 8.8   2.23  3.28                                                               
