  FEMA                                                      sjh            job 2
  RUNUP2 transect: CM-159                                                      1
5.00                                                                            
  -25.29 -625.9 0.8                                                             
  -23.39 -545.9 0.8                                                             
  -21.80 -521.9 0.8                                                             
  -19.77 -463.9 0.8                                                             
  -16.59 -433.9 0.8                                                             
  -13.95 -395.9 0.8                                                             
  -13.95 -277.9 0.8                                                             
  -12.79 -257.9 0.8                                                             
  -4.08 -255.9 0.8                                                              
  -3.76 -237.9 0.8                                                              
  -3.71 -51.9  0.8                                                              
  -3.51 -37.9  0.8                                                              
  -1.67 -21.9  0.8                                                              
  -1.23 -11.9  0.8                                                              
  0.53  4.1    0.8                                                              
  1.81  10.1   0.8                                                              
  4.54  34.1   0.8                                                              
  13.43 46.1   0.8                                                              
  17.93 62.1   0.8                                                              
1 25.63 102.1  0.8                                                              
 8.8   2.78  11.85                                                              
 8.8   2.78  12.48                                                              
 8.8   2.78  13.10                                                              
 8.8   2.92  11.85                                                              
 8.8   2.92  12.48                                                              
 8.8   2.92  13.10                                                              
 8.8   3.07  11.85                                                              
 8.8   3.07  12.48                                                              
 8.8   3.07  13.10                                                              
