  FEMA                                                      sjh            job 2
  RUNUP2 transect: CM-139                                                      1
17.0                                                                            
  -24.08 -396.0 1.0                                                             
  -23.70 -390.0 1.0                                                             
  -15.66 -320.0 1.0                                                             
  -14.05 -284.0 1.0                                                             
  -4.98 -282.0 1.0                                                              
  -4.53 -178.0 1.0                                                              
  -4.53 -40.0  1.0                                                              
  3.47  32.0   1.0                                                              
  8.07  56.0   1.0                                                              
  11.31 90.0   1.0                                                              
  14.40 148.0  1.0                                                              
  16.96 186.0  1.0                                                              
  18.94 202.0  1.0                                                              
  22.30 260.0  1.0                                                              
  28.25 318.0  1.0                                                              
  29.04 342.0  1.0                                                              
  31.83 380.0  1.0                                                              
  35.84 426.0  1.0                                                              
  38.75 448.0  1.0                                                              
1 41.95 500.0  1.0                                                              
 8.8   2.70  8.43                                                               
 8.8   2.70  8.88                                                               
 8.8   2.70  9.32                                                               
 8.8   2.84  8.43                                                               
 8.8   2.84  8.88                                                               
 8.8   2.84  9.32                                                               
 8.8   2.98  8.43                                                               
 8.8   2.98  8.88                                                               
 8.8   2.98  9.32                                                               
