  FEMA                                                      sjh            job 2
  RUNUP2 transect: CM-130                                                      1
3.00                                                                            
  -22.93 -488.3 0.8                                                             
  -20.62 -358.3 0.8                                                             
  -19.87 -286.3 0.8                                                             
  -18.47 -234.3 0.8                                                             
  -14.27 -172.3 0.8                                                             
  -5.55 -170.3 0.8                                                              
  -4.97 -158.3 0.8                                                              
  -4.76 -128.3 0.8                                                              
  -4.76 -46.3  0.8                                                              
  -2.88 -36.3  0.8                                                              
  -0.09 -4.3   0.8                                                              
  0.56  13.7   0.8                                                              
  3.60  49.7   0.8                                                              
  6.39  51.7   0.8                                                              
  6.39  59.7   0.8                                                              
  9.46  61.7   0.8                                                              
  9.46  75.7   0.8                                                              
  10.57 79.7   0.8                                                              
  16.93 87.7   0.8                                                              
1 18.51 91.7   0.8                                                              
 8.8   3.17  10.98                                                              
 8.8   3.17  11.55                                                              
 8.8   3.17  12.13                                                              
 8.8   3.34  10.98                                                              
 8.8   3.34  11.55                                                              
 8.8   3.34  12.13                                                              
 8.8   3.50  10.98                                                              
 8.8   3.50  11.55                                                              
 8.8   3.50  12.13                                                              
