  FEMA                                                      sjh            job 2
  RUNUP2 transect: CM-133-1                                                    1
1.00                                                                            
  -8.24 -494.0 0.8                                                              
  -8.13 -481.0 0.8                                                              
  -8.02 -461.0 0.8                                                              
  -6.88 -350.0 0.8                                                              
  -6.48 -313.0 0.8                                                              
  -6.41 -236.0 0.8                                                              
  -6.36 -207.0 0.8                                                              
  -6.25 -194.0 0.8                                                              
  -2.64 -135.0 0.8                                                              
  -2.60 -134.0 0.8                                                              
  -1.04 -42.0  0.8                                                              
  -0.03 -4.0   0.8                                                              
  0.23  46.0   0.8                                                              
  2.89  127.0  0.8                                                              
  2.95  128.0  0.8                                                              
  3.37  163.0  0.8                                                              
  4.36  182.5  0.8                                                              
  4.78  207.5  0.8                                                              
  4.78  225.0  0.8                                                              
1 15.48 234.0  0.8                                                              
 8.9   1.04  2.18                                                               
 8.9   1.04  2.30                                                               
 8.9   1.04  2.41                                                               
 8.9   1.10  2.18                                                               
 8.9   1.10  2.30                                                               
 8.9   1.10  2.41                                                               
 8.9   1.15  2.18                                                               
 8.9   1.15  2.30                                                               
 8.9   1.15  2.41                                                               
