  FEMA                                                      sjh            job 2
  RUNUP2 transect: CM-122-1                                                    1
5.00                                                                            
  -9.84 -504.3 0.8                                                              
  -9.84 -500.3 0.8                                                              
  -9.73 -454.3 0.8                                                              
  -9.72 -453.3 0.8                                                              
  -8.94 -285.3 0.8                                                              
  -8.94 -284.3 0.8                                                              
  -8.75 -204.3 0.8                                                              
  -8.72 -203.3 0.8                                                              
  -7.99 -186.3 0.8                                                              
  -6.15 -143.3 0.8                                                              
  -4.65 -108.3 0.8                                                              
  0.33  7.7    0.8                                                              
  2.99  69.7   0.8                                                              
  4.20  274.2  0.8                                                              
  4.72  284.2  0.8                                                              
  4.72  289.7  0.8                                                              
  4.75  297.7  0.8                                                              
  6.20  308.2  0.8                                                              
  11.55 321.7  0.8                                                              
1 13.32 330.2  0.8                                                              
 9.1   1.19  4.02                                                               
 9.1   1.19  4.24                                                               
 9.1   1.19  4.45                                                               
 9.1   1.26  4.02                                                               
 9.1   1.26  4.24                                                               
 9.1   1.26  4.45                                                               
 9.1   1.32  4.02                                                               
 9.1   1.32  4.24                                                               
 9.1   1.32  4.45                                                               
