  FEMA                                                      sjh            job 2
  RUNUP2 transect: CM-124-1                                                    1
3.00                                                                            
  -21.56 -510.4 1.0                                                             
  -19.31 -456.4 1.0                                                             
  -18.43 -436.4 1.0                                                             
  -18.37 -435.4 1.0                                                             
  -16.75 -412.4 1.0                                                             
  -12.14 -344.4 1.0                                                             
  -12.10 -343.4 1.0                                                             
  -9.41 -270.4 1.0                                                              
  -9.18 -263.4 1.0                                                              
  -9.03 -259.4 1.0                                                              
  -6.26 -174.4 1.0                                                              
  -6.22 -173.4 1.0                                                              
  -4.28 -119.4 1.0                                                              
  -2.11 -55.4  1.0                                                              
  2.27  59.6   1.0                                                              
  2.98  81.6   1.0                                                              
  5.40  379.6  1.0                                                              
  8.55  393.1  1.0                                                              
  10.84 401.6  1.0                                                              
1 16.29 415.1  1.0                                                              
 9.0   1.55  2.75                                                               
 9.0   1.55  2.89                                                               
 9.0   1.55  3.03                                                               
 9.0   1.64  2.75                                                               
 9.0   1.64  2.89                                                               
 9.0   1.64  3.03                                                               
 9.0   1.72  2.75                                                               
 9.0   1.72  2.89                                                               
 9.0   1.72  3.03                                                               
