  FEMA                                                      sjh            job 2
  RUNUP2 transect: CM-124-2                                                    1
3.00                                                                            
  -34.91 -568.6 0.6                                                             
  -34.67 -564.6 0.6                                                             
  -32.92 -542.6 0.6                                                             
  -26.18 -467.6 0.6                                                             
  -21.08 -397.6 0.6                                                             
  -20.51 -390.6 0.6                                                             
  -19.36 -374.6 0.6                                                             
  -13.48 -295.6 0.6                                                             
  -10.61 -257.6 0.6                                                             
  -4.64 -181.6 0.6                                                              
  -2.01 -145.6 0.6                                                              
  -2.01 -46.1  0.6                                                              
  -1.50 -27.1  0.6                                                              
  -0.91 -12.6  0.6                                                              
  0.35  4.9    0.6                                                              
  0.78  16.4   0.6                                                              
  1.86  20.9   0.6                                                              
  3.87  35.9   0.6                                                              
  6.85  59.4   0.6                                                              
1 16.30 82.4   0.6                                                              
 9.0   1.53  2.81                                                               
 9.0   1.53  2.96                                                               
 9.0   1.53  3.11                                                               
 9.0   1.61  2.81                                                               
 9.0   1.61  2.96                                                               
 9.0   1.61  3.11                                                               
 9.0   1.69  2.81                                                               
 9.0   1.69  2.96                                                               
 9.0   1.69  3.11                                                               
