  FEMA                                                      sjh            job 2
  RUNUP2 transect: CM-126-1                                                    1
12.0                                                                            
  -14.01 -172.1 0.8                                                             
  -14.01 -167.1 0.8                                                             
  -13.99 -166.1 0.8                                                             
  -11.97 -97.1  0.8                                                             
  -11.90 -96.1  0.8                                                             
  -9.87 -80.1  0.8                                                              
  -7.98 -65.1  0.8                                                              
  -5.07 -42.1  0.8                                                              
  -4.94 -41.1  0.8                                                              
  -2.42 -20.1  0.8                                                              
  -2.18 -18.1  0.8                                                              
  -0.01 -0.1   0.8                                                              
  0.11  0.9    0.8                                                              
  1.59  12.9   0.8                                                              
  2.95  23.9   0.8                                                              
  4.45  84.4   0.8                                                              
  5.66  95.4   0.8                                                              
  6.35  102.9  0.8                                                              
  11.24 114.9  0.8                                                              
1 13.18 138.4  0.8                                                              
 8.9   1.61  9.13                                                               
 8.9   1.61  9.61                                                               
 8.9   1.61  10.09                                                              
 8.9   1.69  9.13                                                               
 8.9   1.69  9.61                                                               
 8.9   1.69  10.09                                                              
 8.9   1.78  9.13                                                               
 8.9   1.78  9.61                                                               
 8.9   1.78  10.09                                                              
