  FEMA                                                      sjh            job 2
  RUNUP2 transect: CM-127-1                                                    1
5.00                                                                            
  -18.81 -517.6 0.8                                                             
  -18.40 -500.6 0.8                                                             
  -15.63 -419.6 0.8                                                             
  -11.58 -319.6 0.8                                                             
  -11.54 -318.6 0.8                                                             
  -8.21 -255.6 0.8                                                              
  -8.19 -254.6 0.8                                                              
  -7.07 -170.6 0.8                                                              
  -6.61 -131.6 0.8                                                              
  -6.60 -130.6 0.8                                                              
  -6.16 -68.6  0.8                                                              
  -6.10 -58.6  0.8                                                              
  -6.03 -57.6  0.8                                                              
  -0.77 -7.6   0.8                                                              
  -0.66 -6.6   0.8                                                              
  2.94  29.4   0.8                                                              
  3.31  41.9   0.8                                                              
  5.93  68.9   0.8                                                              
  7.25  91.9   0.8                                                              
1 10.79 110.9  0.8                                                              
 8.9   1.73  4.98                                                               
 8.9   1.73  5.24                                                               
 8.9   1.73  5.50                                                               
 8.9   1.82  4.98                                                               
 8.9   1.82  5.24                                                               
 8.9   1.82  5.50                                                               
 8.9   1.91  4.98                                                               
 8.9   1.91  5.24                                                               
 8.9   1.91  5.50                                                               
