  FEMA                                                      sjh            job 2
  RUNUP2 transect: CM-161-1                                                    1
1.00                                                                            
  -67.68 -599.6 0.8                                                             
  -67.49 -589.6 0.8                                                             
  -67.42 -588.6 0.8                                                             
  -62.07 -521.6 0.8                                                             
  -61.96 -520.6 0.8                                                             
  -55.07 -469.6 0.8                                                             
  -47.37 -412.6 0.8                                                             
  -39.40 -353.6 0.8                                                             
  -38.99 -350.6 0.8                                                             
  -38.66 -348.6 0.8                                                             
  -32.17 -300.6 0.8                                                             
  -20.28 -212.6 0.8                                                             
  -20.13 -211.6 0.8                                                             
  -10.20 -146.6 0.8                                                             
  -2.09 -93.6  0.8                                                              
  -2.09 -17.6  0.8                                                              
  0.58  1.9    0.8                                                              
  2.42  13.4   0.8                                                              
  3.17  22.9   0.8                                                              
1 15.61 37.4   0.8                                                              
 8.9   0.86  1.78                                                               
 8.9   0.86  1.87                                                               
 8.9   0.86  1.97                                                               
 8.9   0.91  1.78                                                               
 8.9   0.91  1.87                                                               
 8.9   0.91  1.97                                                               
 8.9   0.95  1.78                                                               
 8.9   0.95  1.87                                                               
 8.9   0.95  1.97                                                               
