  FEMA                                                      sjh            job 2
  RUNUP2 transect: CM-136                                                      1
2.00                                                                            
  -43.08 -865.1 1.0                                                             
  -42.11 -843.1 1.0                                                             
  -36.76 -773.1 1.0                                                             
  -31.47 -679.1 1.0                                                             
  -30.53 -641.1 1.0                                                             
  -26.71 -579.1 1.0                                                             
  -20.18 -467.1 1.0                                                             
  -14.99 -327.1 1.0                                                             
  -13.88 -309.1 1.0                                                             
  -5.30 -307.1 1.0                                                              
  -4.65 -221.1 1.0                                                              
  -4.65 -129.1 1.0                                                              
  -4.37 -103.1 1.0                                                              
  -2.88 -83.1  1.0                                                              
  -2.55 -27.1  1.0                                                              
  -0.56 -3.1   1.0                                                              
  1.34  6.9    1.0                                                              
  4.00  38.9   1.0                                                              
  6.45  52.9   1.0                                                              
1 11.23 60.9   1.0                                                              
 8.8   1.39  7.98                                                               
 8.8   1.39  8.40                                                               
 8.8   1.39  8.82                                                               
 8.8   1.47  7.98                                                               
 8.8   1.47  8.40                                                               
 8.8   1.47  8.82                                                               
 8.8   1.54  7.98                                                               
 8.8   1.54  8.40                                                               
 8.8   1.54  8.82                                                               
