  FEMA                                                      sjh            job 2
  RUNUP2 transect: CM-141                                                      1
1.00                                                                            
  -22.31 -914.2 0.8                                                             
  -15.51 -856.2 0.8                                                             
  -14.01 -838.2 0.8                                                             
  -14.01 -728.2 0.8                                                             
  -12.73 -702.2 0.8                                                             
  -4.15 -700.2 0.8                                                              
  -4.15 -616.2 0.8                                                              
  -3.96 -588.2 0.8                                                              
  -3.95 -268.2 0.8                                                              
  -3.79 -266.2 0.8                                                              
  -3.79 -94.2  0.8                                                              
  -3.03 -66.2  0.8                                                              
  -3.03 -42.2  0.8                                                              
  0.91  11.8   0.8                                                              
  3.38  27.8   0.8                                                              
  7.13  45.8   0.8                                                              
  10.04 67.8   0.8                                                              
  12.86 77.8   0.8                                                              
  22.52 97.8   0.8                                                              
1 39.98 123.8  0.8                                                              
 8.8   7.06  12.18                                                              
 8.8   7.06  12.82                                                              
 8.8   7.06  13.46                                                              
 8.8   7.43  12.18                                                              
 8.8   7.43  12.82                                                              
 8.8   7.43  13.46                                                              
 8.8   7.81  12.18                                                              
 8.8   7.81  12.82                                                              
 8.8   7.81  13.46                                                              
