  FEMA                                                      sjh            job 2
  RUNUP2 transect: CM-149                                                      1
6.00                                                                            
  -37.30 -500.5 0.8                                                             
  -36.38 -470.5 0.8                                                             
  -35.02 -372.5 0.8                                                             
  -34.25 -328.5 0.8                                                             
  -33.56 -242.5 0.8                                                             
  -26.72 -180.5 0.8                                                             
  -26.66 -142.5 0.8                                                             
  -26.33 -140.5 0.8                                                             
  -14.26 -94.5  0.8                                                             
  -5.05 -92.5  0.8                                                              
  -4.85 -68.5  0.8                                                              
  -4.85 -28.5  0.8                                                              
  0.28  1.5    0.8                                                              
  0.87  15.5   0.8                                                              
  3.98  31.5   0.8                                                              
  5.27  35.5   0.8                                                              
  22.26 61.5   0.8                                                              
  25.23 75.5   0.8                                                              
  25.64 83.5   0.8                                                              
1 27.90 95.5   0.8                                                              
 8.8   4.78  10.99                                                              
 8.8   4.78  11.57                                                              
 8.8   4.78  12.14                                                              
 8.8   5.03  10.99                                                              
 8.8   5.03  11.57                                                              
 8.8   5.03  12.14                                                              
 8.8   5.28  10.99                                                              
 8.8   5.28  11.57                                                              
 8.8   5.28  12.14                                                              
