  FEMA                                                      sjh            job 2
  RUNUP2 transect: CM-149-1                                                    1
2.00                                                                            
  -50.26 -394.8 0.8                                                             
  -48.59 -382.8 0.8                                                             
  -44.22 -352.8 0.8                                                             
  -41.01 -330.8 0.8                                                             
  -37.37 -305.8 0.8                                                             
  -37.29 -304.8 0.8                                                             
  -33.38 -248.8 0.8                                                             
  -33.31 -247.8 0.8                                                             
  -24.38 -134.8 0.8                                                             
  -24.22 -133.8 0.8                                                             
  -18.75 -117.8 0.8                                                             
  -18.52 -116.8 0.8                                                             
  -15.40 -92.8  0.8                                                             
  -15.18 -91.8  0.8                                                             
  -7.19 -54.8  0.8                                                              
  -7.00 -53.8  0.8                                                              
  0.02  0.2    0.8                                                              
  0.16  1.2    0.8                                                              
  2.90  19.2   0.8                                                              
1 8.95  28.2   0.8                                                              
 8.9   2.26  8.68                                                               
 8.9   2.26  9.14                                                               
 8.9   2.26  9.59                                                               
 8.9   2.38  8.68                                                               
 8.9   2.38  9.14                                                               
 8.9   2.38  9.59                                                               
 8.9   2.50  8.68                                                               
 8.9   2.50  9.14                                                               
 8.9   2.50  9.59                                                               
