  FEMA                                                      sjh            job 2
  RUNUP2 transect: CM-123                                                      1
5.00                                                                            
  -19.26 -504.5 0.9                                                             
  -18.19 -458.5 0.9                                                             
  -18.19 -394.5 0.9                                                             
  -16.92 -366.5 0.9                                                             
  -14.07 -332.5 0.9                                                             
  -5.60 -330.5 0.9                                                              
  -5.60 -106.5 0.9                                                              
  -5.30 -96.5  0.9                                                              
  -5.30 -32.5  0.9                                                              
  -3.58 -18.5  0.9                                                              
  -0.78 -8.5   0.9                                                              
  -0.07 -0.5   0.9                                                              
  1.62  13.5   0.9                                                              
  2.37  17.5   0.9                                                              
  2.40  29.5   0.9                                                              
  3.55  43.5   0.9                                                              
  4.83  51.5   0.9                                                              
  6.73  55.5   0.9                                                              
  12.27 73.5   0.9                                                              
1 13.26 77.5   0.9                                                              
 9.0   2.25  4.17                                                               
 9.0   2.25  4.38                                                               
 9.0   2.25  4.60                                                               
 9.0   2.36  4.17                                                               
 9.0   2.36  4.38                                                               
 9.0   2.36  4.60                                                               
 9.0   2.48  4.17                                                               
 9.0   2.48  4.38                                                               
 9.0   2.48  4.60                                                               
