  FEMA                                                      sjh            job 2
  RUNUP2 transect: CM-134                                                      1
2.00                                                                            
  -20.33 -1786.0 0.8                                                            
  -20.33 -1730.0 0.8                                                            
  -13.21 -1660.0 0.8                                                            
  -12.66 -1608.0 0.8                                                            
  -11.40 -1520.0 0.8                                                            
  -11.24 -1480.0 0.8                                                            
  -10.52 -1444.0 0.8                                                            
  -8.49 -1410.0 0.8                                                             
  -8.49 -1104.0 0.8                                                             
  -5.56 -1046.0 0.8                                                             
  -5.07 -972.0 0.8                                                              
  -5.07 -914.0 0.8                                                              
  -4.41 -758.0 0.8                                                              
  -4.30 -650.0 0.8                                                              
  -1.00 -648.0 0.8                                                              
  -0.12 -626.0 0.8                                                              
  -0.12 -4.0   0.8                                                              
  0.98  24.0   0.8                                                              
  5.93  60.0   0.8                                                              
1 20.92 88.0   0.8                                                              
 8.9   1.61  4.00                                                               
 8.9   1.61  4.21                                                               
 8.9   1.61  4.42                                                               
 8.9   1.69  4.00                                                               
 8.9   1.69  4.21                                                               
 8.9   1.69  4.42                                                               
 8.9   1.78  4.00                                                               
 8.9   1.78  4.21                                                               
 8.9   1.78  4.42                                                               
