header
IE0.0    -22.504       1       1 8.8908  29.7769 14.0299   56.14   56.14
OF3.3    -22.429    0.00 8.8936     0.00    0.00    0.00    0.00    0.00
OF6.6    -22.355    0.00 8.896      0.00    0.00    0.00    0.00    0.00
OF9.8    -22.280    0.00 8.8989     0.00    0.00    0.00    0.00    0.00
OF13.1   -22.206    0.00 8.9019     0.00    0.00    0.00    0.00    0.00
OF16.4   -22.131    0.00 8.9051     0.00    0.00    0.00    0.00    0.00
OF19.7   -22.056    0.00 8.9079     0.00    0.00    0.00    0.00    0.00
OF23.0   -21.982    0.00 8.9113     0.00    0.00    0.00    0.00    0.00
OF26.2   -21.907    0.00 8.9147     0.00    0.00    0.00    0.00    0.00
OF29.5   -21.833    0.00 8.9179     0.00    0.00    0.00    0.00    0.00
OF32.8   -21.758    0.00 8.9214     0.00    0.00    0.00    0.00    0.00
OF36.1   -21.683    0.00 8.925      0.00    0.00    0.00    0.00    0.00
OF39.4   -21.609    0.00 8.9287     0.00    0.00    0.00    0.00    0.00
OF42.7   -21.534    0.00 8.932      0.00    0.00    0.00    0.00    0.00
OF45.9   -21.460    0.00 8.9358     0.00    0.00    0.00    0.00    0.00
OF49.2   -21.414    0.00 8.9399     0.00    0.00    0.00    0.00    0.00
OF52.5   -21.422    0.00 8.9443     0.00    0.00    0.00    0.00    0.00
OF55.8   -21.430    0.00 8.9487     0.00    0.00    0.00    0.00    0.00
OF59.1   -21.439    0.00 8.953      0.00    0.00    0.00    0.00    0.00
OF62.3   -21.447    0.00 8.9577     0.00    0.00    0.00    0.00    0.00
OF65.6   -21.454    0.00 8.9619     0.00    0.00    0.00    0.00    0.00
OF68.9   -21.422    0.00 8.9657     0.00    0.00    0.00    0.00    0.00
OF72.2   -21.385    0.00 8.9695     0.00    0.00    0.00    0.00    0.00
OF75.5   -21.348    0.00 8.9733     0.00    0.00    0.00    0.00    0.00
OF78.7   -21.311    0.00 8.977      0.00    0.00    0.00    0.00    0.00
OF82.0   -21.274    0.00 8.9803     0.00    0.00    0.00    0.00    0.00
OF85.3   -21.237    0.00 8.9841     0.00    0.00    0.00    0.00    0.00
OF88.6   -21.200    0.00 8.9877     0.00    0.00    0.00    0.00    0.00
OF91.9   -21.163    0.00 8.9914     0.00    0.00    0.00    0.00    0.00
OF95.1   -21.126    0.00 8.9951     0.00    0.00    0.00    0.00    0.00
OF98.4   -21.089    0.00 8.9987     0.00    0.00    0.00    0.00    0.00
OF101.7  -21.052    0.00 9.0023     0.00    0.00    0.00    0.00    0.00
OF105.0  -21.015    0.00 9.0059     0.00    0.00    0.00    0.00    0.00
OF108.3  -20.978    0.00 9.0091     0.00    0.00    0.00    0.00    0.00
OF111.5  -20.941    0.00 9.0127     0.00    0.00    0.00    0.00    0.00
OF114.8  -20.904    0.00 9.0162     0.00    0.00    0.00    0.00    0.00
OF118.1  -20.867    0.00 9.0198     0.00    0.00    0.00    0.00    0.00
OF121.4  -20.830    0.00 9.0233     0.00    0.00    0.00    0.00    0.00
OF124.7  -20.793    0.00 9.0268     0.00    0.00    0.00    0.00    0.00
OF128.0  -20.756    0.00 9.0303     0.00    0.00    0.00    0.00    0.00
OF131.2  -20.719    0.00 9.0338     0.00    0.00    0.00    0.00    0.00
OF134.5  -20.682    0.00 9.0369     0.00    0.00    0.00    0.00    0.00
OF137.8  -20.644    0.00 9.0403     0.00    0.00    0.00    0.00    0.00
OF141.1  -20.607    0.00 9.0438     0.00    0.00    0.00    0.00    0.00
OF144.4  -20.570    0.00 9.0471     0.00    0.00    0.00    0.00    0.00
OF147.6  -20.533    0.00 9.0504     0.00    0.00    0.00    0.00    0.00
OF150.9  -20.496    0.00 9.0537     0.00    0.00    0.00    0.00    0.00
OF154.2  -20.459    0.00 9.0569     0.00    0.00    0.00    0.00    0.00
OF157.5  -20.422    0.00 9.0597     0.00    0.00    0.00    0.00    0.00
OF160.8  -20.385    0.00 9.0629     0.00    0.00    0.00    0.00    0.00
OF164.0  -20.348    0.00 9.0661     0.00    0.00    0.00    0.00    0.00
OF167.3  -20.311    0.00 9.0692     0.00    0.00    0.00    0.00    0.00
OF170.6  -20.274    0.00 9.0723     0.00    0.00    0.00    0.00    0.00
OF173.9  -20.237    0.00 9.0753     0.00    0.00    0.00    0.00    0.00
OF177.2  -20.200    0.00 9.0783     0.00    0.00    0.00    0.00    0.00
OF180.4  -20.163    0.00 9.0813     0.00    0.00    0.00    0.00    0.00
OF183.7  -20.126    0.00 9.084      0.00    0.00    0.00    0.00    0.00
OF187.0  -20.089    0.00 9.087      0.00    0.00    0.00    0.00    0.00
OF190.3  -20.052    0.00 9.0899     0.00    0.00    0.00    0.00    0.00
OF193.6  -20.015    0.00 9.0928     0.00    0.00    0.00    0.00    0.00
OF196.8  -19.978    0.00 9.0957     0.00    0.00    0.00    0.00    0.00
OF200.1  -19.941    0.00 9.0986     0.00    0.00    0.00    0.00    0.00
OF203.4  -19.904    0.00 9.1014     0.00    0.00    0.00    0.00    0.00
OF206.7  -19.867    0.00 9.1042     0.00    0.00    0.00    0.00    0.00
OF210.0  -19.830    0.00 9.1067     0.00    0.00    0.00    0.00    0.00
OF213.3  -19.793    0.00 9.1095     0.00    0.00    0.00    0.00    0.00
OF216.5  -19.752    0.00 9.1123     0.00    0.00    0.00    0.00    0.00
OF219.8  -19.671    0.00 9.1147     0.00    0.00    0.00    0.00    0.00
OF223.1  -19.578    0.00 9.1168     0.00    0.00    0.00    0.00    0.00
OF226.4  -19.485    0.00 9.1189     0.00    0.00    0.00    0.00    0.00
OF229.7  -19.392    0.00 9.121      0.00    0.00    0.00    0.00    0.00
OF232.9  -19.299    0.00 9.1232     0.00    0.00    0.00    0.00    0.00
OF236.2  -19.206    0.00 9.1253     0.00    0.00    0.00    0.00    0.00
OF239.5  -19.112    0.00 9.1278     0.00    0.00    0.00    0.00    0.00
OF242.8  -19.019    0.00 9.13       0.00    0.00    0.00    0.00    0.00
OF246.1  -18.926    0.00 9.1322     0.00    0.00    0.00    0.00    0.00
OF249.3  -18.833    0.00 9.1345     0.00    0.00    0.00    0.00    0.00
OF252.6  -18.740    0.00 9.1368     0.00    0.00    0.00    0.00    0.00
OF255.9  -18.647    0.00 9.1392     0.00    0.00    0.00    0.00    0.00
OF259.2  -18.553    0.00 9.1419     0.00    0.00    0.00    0.00    0.00
OF262.5  -18.460    0.00 9.1442     0.00    0.00    0.00    0.00    0.00
OF265.7  -18.367    0.00 9.1466     0.00    0.00    0.00    0.00    0.00
OF269.0  -18.274    0.00 9.149      0.00    0.00    0.00    0.00    0.00
OF272.3  -18.181    0.00 9.1514     0.00    0.00    0.00    0.00    0.00
OF275.6  -18.088    0.00 9.1538     0.00    0.00    0.00    0.00    0.00
OF278.9  -17.995    0.00 9.1564     0.00    0.00    0.00    0.00    0.00
OF282.2  -17.901    0.00 9.1594     0.00    0.00    0.00    0.00    0.00
OF285.4  -17.808    0.00 9.162      0.00    0.00    0.00    0.00    0.00
OF288.7  -17.715    0.00 9.1647     0.00    0.00    0.00    0.00    0.00
OF292.0  -17.622    0.00 9.1675     0.00    0.00    0.00    0.00    0.00
OF295.3  -17.542    0.00 9.1705     0.00    0.00    0.00    0.00    0.00
OF298.6  -17.486    0.00 9.1736     0.00    0.00    0.00    0.00    0.00
OF301.8  -17.430    0.00 9.1766     0.00    0.00    0.00    0.00    0.00
OF305.1  -17.374    0.00 9.1798     0.00    0.00    0.00    0.00    0.00
OF308.4  -17.318    0.00 9.1826     0.00    0.00    0.00    0.00    0.00
OF311.7  -17.262    0.00 9.1852     0.00    0.00    0.00    0.00    0.00
OF315.0  -17.206    0.00 9.1879     0.00    0.00    0.00    0.00    0.00
OF318.2  -17.151    0.00 9.1909     0.00    0.00    0.00    0.00    0.00
OF321.5  -17.095    0.00 9.1935     0.00    0.00    0.00    0.00    0.00
OF324.8  -17.039    0.00 9.1961     0.00    0.00    0.00    0.00    0.00
OF328.1  -16.983    0.00 9.199      0.00    0.00    0.00    0.00    0.00
OF331.4  -16.927    0.00 9.2014     0.00    0.00    0.00    0.00    0.00
OF334.6  -16.871    0.00 9.2039     0.00    0.00    0.00    0.00    0.00
OF337.9  -16.815    0.00 9.2068     0.00    0.00    0.00    0.00    0.00
OF341.2  -16.76     0.00 9.2093     0.00    0.00    0.00    0.00    0.00
OF344.5  -16.704    0.00 9.2118     0.00    0.00    0.00    0.00    0.00
OF347.8  -16.648    0.00 9.2143     0.00    0.00    0.00    0.00    0.00
OF351.0  -16.592    0.00 9.2172     0.00    0.00    0.00    0.00    0.00
OF354.3  -16.536    0.00 9.2196     0.00    0.00    0.00    0.00    0.00
OF357.6  -16.480    0.00 9.2221     0.00    0.00    0.00    0.00    0.00
OF360.9  -16.449    0.00 9.2249     0.00    0.00    0.00    0.00    0.00
OF364.2  -16.436    0.00 9.2281     0.00    0.00    0.00    0.00    0.00
OF367.5  -16.423    0.00 9.2312     0.00    0.00    0.00    0.00    0.00
OF370.7  -16.410    0.00 9.2339     0.00    0.00    0.00    0.00    0.00
OF374.0  -16.398    0.00 9.2369     0.00    0.00    0.00    0.00    0.00
OF377.3  -16.385    0.00 9.2396     0.00    0.00    0.00    0.00    0.00
OF380.6  -16.372    0.00 9.2425     0.00    0.00    0.00    0.00    0.00
OF383.9  -16.359    0.00 9.2454     0.00    0.00    0.00    0.00    0.00
OF387.1  -16.346    0.00 9.2479     0.00    0.00    0.00    0.00    0.00
OF390.4  -16.333    0.00 9.2508     0.00    0.00    0.00    0.00    0.00
OF393.7  -16.321    0.00 9.2532     0.00    0.00    0.00    0.00    0.00
OF397.0  -16.308    0.00 9.256      0.00    0.00    0.00    0.00    0.00
OF400.3  -16.295    0.00 9.2587     0.00    0.00    0.00    0.00    0.00
OF403.5  -16.282    0.00 9.261      0.00    0.00    0.00    0.00    0.00
OF406.8  -16.269    0.00 9.2636     0.00    0.00    0.00    0.00    0.00
OF410.1  -16.257    0.00 9.2662     0.00    0.00    0.00    0.00    0.00
OF413.4  -16.244    0.00 9.2683     0.00    0.00    0.00    0.00    0.00
OF416.7  -16.231    0.00 9.2708     0.00    0.00    0.00    0.00    0.00
OF419.9  -16.218    0.00 9.2729     0.00    0.00    0.00    0.00    0.00
OF423.2  -16.205    0.00 9.2753     0.00    0.00    0.00    0.00    0.00
OF426.5  -16.192    0.00 9.2776     0.00    0.00    0.00    0.00    0.00
OF429.8  -16.18     0.00 9.2796     0.00    0.00    0.00    0.00    0.00
OF433.1  -16.167    0.00 9.282      0.00    0.00    0.00    0.00    0.00
OF436.4  -16.154    0.00 9.2839     0.00    0.00    0.00    0.00    0.00
OF439.6  -16.141    0.00 9.2862     0.00    0.00    0.00    0.00    0.00
OF442.9  -16.128    0.00 9.2884     0.00    0.00    0.00    0.00    0.00
OF446.2  -16.115    0.00 9.2903     0.00    0.00    0.00    0.00    0.00
OF449.5  -16.103    0.00 9.2924     0.00    0.00    0.00    0.00    0.00
OF452.8  -16.090    0.00 9.2943     0.00    0.00    0.00    0.00    0.00
OF456.0  -16.077    0.00 9.2964     0.00    0.00    0.00    0.00    0.00
OF459.3  -16.064    0.00 9.2985     0.00    0.00    0.00    0.00    0.00
OF462.6  -16.051    0.00 9.3002     0.00    0.00    0.00    0.00    0.00
OF465.9  -16.039    0.00 9.3023     0.00    0.00    0.00    0.00    0.00
OF469.2  -16.026    0.00 9.304      0.00    0.00    0.00    0.00    0.00
OF472.4  -16.013    0.00 9.306      0.00    0.00    0.00    0.00    0.00
OF475.7  -16.000    0.00 9.3079     0.00    0.00    0.00    0.00    0.00
OF479.0  -15.987    0.00 9.3096     0.00    0.00    0.00    0.00    0.00
OF482.3  -15.974    0.00 9.3115     0.00    0.00    0.00    0.00    0.00
OF485.6  -15.962    0.00 9.3134     0.00    0.00    0.00    0.00    0.00
OF488.8  -15.929    0.00 9.3149     0.00    0.00    0.00    0.00    0.00
OF492.1  -15.868    0.00 9.3162     0.00    0.00    0.00    0.00    0.00
OF495.4  -15.806    0.00 9.3174     0.00    0.00    0.00    0.00    0.00
OF498.7  -15.750    0.00 9.3186     0.00    0.00    0.00    0.00    0.00
OF502.0  -15.723    0.00 9.3202     0.00    0.00    0.00    0.00    0.00
OF505.2  -15.701    0.00 9.3221     0.00    0.00    0.00    0.00    0.00
OF508.5  -15.680    0.00 9.3236     0.00    0.00    0.00    0.00    0.00
OF511.8  -15.658    0.00 9.3251     0.00    0.00    0.00    0.00    0.00
OF515.1  -15.637    0.00 9.3269     0.00    0.00    0.00    0.00    0.00
OF518.4  -15.615    0.00 9.3284     0.00    0.00    0.00    0.00    0.00
OF521.7  -15.594    0.00 9.3299     0.00    0.00    0.00    0.00    0.00
OF524.9  -15.572    0.00 9.3316     0.00    0.00    0.00    0.00    0.00
OF528.2  -15.551    0.00 9.3331     0.00    0.00    0.00    0.00    0.00
OF531.5  -15.531    0.00 9.3345     0.00    0.00    0.00    0.00    0.00
OF534.8  -15.512    0.00 9.3362     0.00    0.00    0.00    0.00    0.00
OF538.1  -15.493    0.00 9.3376     0.00    0.00    0.00    0.00    0.00
OF541.3  -15.474    0.00 9.3393     0.00    0.00    0.00    0.00    0.00
OF544.6  -15.455    0.00 9.3406     0.00    0.00    0.00    0.00    0.00
OF547.9  -15.436    0.00 9.342      0.00    0.00    0.00    0.00    0.00
OF551.2  -15.417    0.00 9.3436     0.00    0.00    0.00    0.00    0.00
OF554.5  -15.398    0.00 9.3449     0.00    0.00    0.00    0.00    0.00
OF557.7  -15.379    0.00 9.3465     0.00    0.00    0.00    0.00    0.00
OF561.0  -15.360    0.00 9.3478     0.00    0.00    0.00    0.00    0.00
OF564.3  -15.341    0.00 9.3494     0.00    0.00    0.00    0.00    0.00
OF567.6  -15.322    0.00 9.3507     0.00    0.00    0.00    0.00    0.00
OF570.9  -15.303    0.00 9.352      0.00    0.00    0.00    0.00    0.00
OF574.1  -15.284    0.00 9.3536     0.00    0.00    0.00    0.00    0.00
OF577.4  -15.265    0.00 9.3548     0.00    0.00    0.00    0.00    0.00
OF580.7  -15.246    0.00 9.3563     0.00    0.00    0.00    0.00    0.00
OF584.0  -15.228    0.00 9.3576     0.00    0.00    0.00    0.00    0.00
OF587.3  -15.209    0.00 9.3591     0.00    0.00    0.00    0.00    0.00
OF590.5  -15.19     0.00 9.3603     0.00    0.00    0.00    0.00    0.00
OF593.8  -15.171    0.00 9.3615     0.00    0.00    0.00    0.00    0.00
OF597.1  -15.152    0.00 9.363      0.00    0.00    0.00    0.00    0.00
OF600.4  -15.133    0.00 9.3642     0.00    0.00    0.00    0.00    0.00
OF603.7  -15.114    0.00 9.3657     0.00    0.00    0.00    0.00    0.00
OF607.0  -15.095    0.00 9.3669     0.00    0.00    0.00    0.00    0.00
OF610.2  -15.076    0.00 9.3684     0.00    0.00    0.00    0.00    0.00
OF613.5  -15.057    0.00 9.3695     0.00    0.00    0.00    0.00    0.00
OF616.8  -15.038    0.00 9.3707     0.00    0.00    0.00    0.00    0.00
OF620.1  -15.019    0.00 9.3722     0.00    0.00    0.00    0.00    0.00
OF623.4  -15.000    0.00 9.3733     0.00    0.00    0.00    0.00    0.00
OF626.6  -14.981    0.00 9.3748     0.00    0.00    0.00    0.00    0.00
OF629.9  -14.962    0.00 9.3759     0.00    0.00    0.00    0.00    0.00
OF633.2  -14.943    0.00 9.3771     0.00    0.00    0.00    0.00    0.00
OF636.5  -14.924    0.00 9.3786     0.00    0.00    0.00    0.00    0.00
OF639.8  -14.905    0.00 9.3797     0.00    0.00    0.00    0.00    0.00
OF643.0  -14.886    0.00 9.3812     0.00    0.00    0.00    0.00    0.00
OF646.3  -14.867    0.00 9.3823     0.00    0.00    0.00    0.00    0.00
OF649.6  -14.848    0.00 9.3837     0.00    0.00    0.00    0.00    0.00
OF652.9  -14.829    0.00 9.3848     0.00    0.00    0.00    0.00    0.00
OF656.2  -14.810    0.00 9.386      0.00    0.00    0.00    0.00    0.00
OF659.4  -14.791    0.00 9.3874     0.00    0.00    0.00    0.00    0.00
OF662.7  -14.772    0.00 9.3885     0.00    0.00    0.00    0.00    0.00
OF666.0  -14.753    0.00 9.3899     0.00    0.00    0.00    0.00    0.00
OF669.3  -14.735    0.00 9.391      0.00    0.00    0.00    0.00    0.00
OF672.6  -14.716    0.00 9.3923     0.00    0.00    0.00    0.00    0.00
OF675.9  -14.697    0.00 9.3934     0.00    0.00    0.00    0.00    0.00
OF679.1  -14.678    0.00 9.3945     0.00    0.00    0.00    0.00    0.00
OF682.4  -14.659    0.00 9.3959     0.00    0.00    0.00    0.00    0.00
OF685.7  -14.640    0.00 9.397      0.00    0.00    0.00    0.00    0.00
OF689.0  -14.621    0.00 9.3984     0.00    0.00    0.00    0.00    0.00
OF692.3  -14.602    0.00 9.3995     0.00    0.00    0.00    0.00    0.00
OF695.5  -14.583    0.00 9.4006     0.00    0.00    0.00    0.00    0.00
OF698.8  -14.564    0.00 9.402      0.00    0.00    0.00    0.00    0.00
OF702.1  -14.545    0.00 9.4031     0.00    0.00    0.00    0.00    0.00
OF705.4  -14.526    0.00 9.4044     0.00    0.00    0.00    0.00    0.00
OF708.7  -14.507    0.00 9.4055     0.00    0.00    0.00    0.00    0.00
OF711.9  -14.513    0.00 9.4068     0.00    0.00    0.00    0.00    0.00
OF715.2  -14.537    0.00 9.4084     0.00    0.00    0.00    0.00    0.00
OF718.5  -14.561    0.00 9.4099     0.00    0.00    0.00    0.00    0.00
OF721.8  -14.585    0.00 9.4114     0.00    0.00    0.00    0.00    0.00
OF725.1  -14.609    0.00 9.4126     0.00    0.00    0.00    0.00    0.00
OF728.3  -14.633    0.00 9.4141     0.00    0.00    0.00    0.00    0.00
OF731.6  -14.657    0.00 9.4155     0.00    0.00    0.00    0.00    0.00
OF734.9  -14.681    0.00 9.4166     0.00    0.00    0.00    0.00    0.00
OF738.2  -14.705    0.00 9.418      0.00    0.00    0.00    0.00    0.00
OF741.5  -14.729    0.00 9.4194     0.00    0.00    0.00    0.00    0.00
OF744.7  -14.753    0.00 9.4207     0.00    0.00    0.00    0.00    0.00
OF748.0  -14.777    0.00 9.4217     0.00    0.00    0.00    0.00    0.00
OF751.3  -14.801    0.00 9.423      0.00    0.00    0.00    0.00    0.00
OF754.6  -14.824    0.00 9.4243     0.00    0.00    0.00    0.00    0.00
OF757.9  -14.848    0.00 9.4255     0.00    0.00    0.00    0.00    0.00
OF761.2  -14.872    0.00 9.4265     0.00    0.00    0.00    0.00    0.00
OF764.4  -14.896    0.00 9.4277     0.00    0.00    0.00    0.00    0.00
OF767.7  -14.920    0.00 9.4288     0.00    0.00    0.00    0.00    0.00
OF771.0  -14.944    0.00 9.43       0.00    0.00    0.00    0.00    0.00
OF774.3  -14.968    0.00 9.4309     0.00    0.00    0.00    0.00    0.00
OF777.6  -14.992    0.00 9.432      0.00    0.00    0.00    0.00    0.00
OF780.8  -15.016    0.00 9.4331     0.00    0.00    0.00    0.00    0.00
OF784.1  -15.037    0.00 9.434      0.00    0.00    0.00    0.00    0.00
OF787.4  -14.981    0.00 9.4346     0.00    0.00    0.00    0.00    0.00
OF790.7  -14.916    0.00 9.435      0.00    0.00    0.00    0.00    0.00
OF794.0  -14.851    0.00 9.4354     0.00    0.00    0.00    0.00    0.00
OF797.2  -14.786    0.00 9.4358     0.00    0.00    0.00    0.00    0.00
OF800.5  -14.720    0.00 9.4363     0.00    0.00    0.00    0.00    0.00
OF803.8  -14.655    0.00 9.4367     0.00    0.00    0.00    0.00    0.00
OF807.1  -14.590    0.00 9.4372     0.00    0.00    0.00    0.00    0.00
OF810.4  -14.525    0.00 9.4377     0.00    0.00    0.00    0.00    0.00
OF813.6  -14.460    0.00 9.4382     0.00    0.00    0.00    0.00    0.00
OF816.9  -14.395    0.00 9.4386     0.00    0.00    0.00    0.00    0.00
OF820.2  -14.330    0.00 9.4392     0.00    0.00    0.00    0.00    0.00
OF823.5  -14.265    0.00 9.4397     0.00    0.00    0.00    0.00    0.00
OF826.8  -14.200    0.00 9.4402     0.00    0.00    0.00    0.00    0.00
OF830.1  -14.135    0.00 9.4408     0.00    0.00    0.00    0.00    0.00
OF833.3  -14.07     0.00 9.4413     0.00    0.00    0.00    0.00    0.00
OF836.6  -13.996    0.00 9.4419     0.00    0.00    0.00    0.00    0.00
OF839.9  -13.884    0.00 9.442      0.00    0.00    0.00    0.00    0.00
OF843.2  -13.769    0.00 9.4424     0.00    0.00    0.00    0.00    0.00
OF846.5  -13.655    0.00 9.4425     0.00    0.00    0.00    0.00    0.00
OF849.7  -13.540    0.00 9.4429     0.00    0.00    0.00    0.00    0.00
OF853.0  -13.426    0.00 9.4431     0.00    0.00    0.00    0.00    0.00
OF856.3  -13.311    0.00 9.4435     0.00    0.00    0.00    0.00    0.00
OF859.6  -13.197    0.00 9.4438     0.00    0.00    0.00    0.00    0.00
OF862.9  -13.083    0.00 9.4443     0.00    0.00    0.00    0.00    0.00
OF866.1  -12.968    0.00 9.4446     0.00    0.00    0.00    0.00    0.00
OF869.4  -12.854    0.00 9.4452     0.00    0.00    0.00    0.00    0.00
OF872.7  -12.739    0.00 9.4456     0.00    0.00    0.00    0.00    0.00
OF876.0  -12.625    0.00 9.4463     0.00    0.00    0.00    0.00    0.00
OF879.3  -12.510    0.00 9.4468     0.00    0.00    0.00    0.00    0.00
OF882.5  -12.396    0.00 9.4475     0.00    0.00    0.00    0.00    0.00
OF885.8  -12.282    0.00 9.4481     0.00    0.00    0.00    0.00    0.00
OF889.1  -12.167    0.00 9.4489     0.00    0.00    0.00    0.00    0.00
OF892.4  -12.053    0.00 9.4495     0.00    0.00    0.00    0.00    0.00
OF895.7  -11.938    0.00 9.4505     0.00    0.00    0.00    0.00    0.00
OF898.9  -11.824    0.00 9.4512     0.00    0.00    0.00    0.00    0.00
OF902.2  -11.709    0.00 9.4522     0.00    0.00    0.00    0.00    0.00
OF905.5  -11.595    0.00 9.453      0.00    0.00    0.00    0.00    0.00
OF908.8  -11.481    0.00 9.4541     0.00    0.00    0.00    0.00    0.00
OF912.1  -11.366    0.00 9.4549     0.00    0.00    0.00    0.00    0.00
OF915.4  -11.252    0.00 9.4561     0.00    0.00    0.00    0.00    0.00
OF918.6  -11.137    0.00 9.4571     0.00    0.00    0.00    0.00    0.00
OF921.9  -11.023    0.00 9.4584     0.00    0.00    0.00    0.00    0.00
OF925.2  -10.908    0.00 9.4594     0.00    0.00    0.00    0.00    0.00
OF928.5  -10.794    0.00 9.4608     0.00    0.00    0.00    0.00    0.00
OF931.8  -10.68     0.00 9.4623     0.00    0.00    0.00    0.00    0.00
OF935.0  -10.565    0.00 9.4634     0.00    0.00    0.00    0.00    0.00
OF938.3  -10.451    0.00 9.465      0.00    0.00    0.00    0.00    0.00
OF941.6  -10.341    0.00 9.4663     0.00    0.00    0.00    0.00    0.00
OF944.9  -10.245    0.00 9.4679     0.00    0.00    0.00    0.00    0.00
OF948.2  -10.149    0.00 9.4696     0.00    0.00    0.00    0.00    0.00
OF951.4  -10.054    0.00 9.4714     0.00    0.00    0.00    0.00    0.00
OF954.7  -9.959     0.00 9.4735     0.00    0.00    0.00    0.00    0.00
OF958.0  -9.8636    0.00 9.4752     0.00    0.00    0.00    0.00    0.00
OF961.3  -9.7683    0.00 9.4771     0.00    0.00    0.00    0.00    0.00
OF964.6  -9.6729    0.00 9.4789     0.00    0.00    0.00    0.00    0.00
OF967.8  -9.5776    0.00 9.4808     0.00    0.00    0.00    0.00    0.00
OF971.1  -9.4822    0.00 9.4827     0.00    0.00    0.00    0.00    0.00
OF974.4  -9.3868    0.00 9.4847     0.00    0.00    0.00    0.00    0.00
OF977.7  -9.2915    0.00 9.4867     0.00    0.00    0.00    0.00    0.00
OF981.0  -9.196     0.00 9.4887     0.00    0.00    0.00    0.00    0.00
OF984.2  -9.1007    0.00 9.4908     0.00    0.00    0.00    0.00    0.00
OF987.5  -9.0053    0.00 9.4929     0.00    0.00    0.00    0.00    0.00
OF990.8  -8.91      0.00 9.4954     0.00    0.00    0.00    0.00    0.00
OF994.1  -8.8146    0.00 9.4976     0.00    0.00    0.00    0.00    0.00
OF997.4  -8.7192    0.00 9.4997     0.00    0.00    0.00    0.00    0.00
OF1000.7 -8.6239    0.00 9.502      0.00    0.00    0.00    0.00    0.00
OF1003.9 -8.5285    0.00 9.5042     0.00    0.00    0.00    0.00    0.00
OF1007.2 -8.4331    0.00 9.5065     0.00    0.00    0.00    0.00    0.00
OF1010.5 -8.3386    0.00 9.5088     0.00    0.00    0.00    0.00    0.00
OF1013.8 -8.2537    0.00 9.5115     0.00    0.00    0.00    0.00    0.00
OF1017.1 -8.1728    0.00 9.5139     0.00    0.00    0.00    0.00    0.00
OF1020.3 -8.0919    0.00 9.5166     0.00    0.00    0.00    0.00    0.00
OF1023.6 -8.0111    0.00 9.519      0.00    0.00    0.00    0.00    0.00
OF1026.9 -7.9302    0.00 9.5217     0.00    0.00    0.00    0.00    0.00
OF1030.2 -7.8493    0.00 9.5242     0.00    0.00    0.00    0.00    0.00
OF1033.5 -7.7684    0.00 9.527      0.00    0.00    0.00    0.00    0.00
OF1036.7 -7.6875    0.00 9.5294     0.00    0.00    0.00    0.00    0.00
OF1040.0 -7.6066    0.00 9.5322     0.00    0.00    0.00    0.00    0.00
OF1043.3 -7.5257    0.00 9.5347     0.00    0.00    0.00    0.00    0.00
OF1046.6 -7.4449    0.00 9.5375     0.00    0.00    0.00    0.00    0.00
OF1049.9 -7.364     0.00 9.54       0.00    0.00    0.00    0.00    0.00
OF1053.1 -7.2831    0.00 9.5429     0.00    0.00    0.00    0.00    0.00
OF1056.4 -7.2022    0.00 9.5458     0.00    0.00    0.00    0.00    0.00
OF1059.7 -7.1214    0.00 9.5483     0.00    0.00    0.00    0.00    0.00
OF1063.0 -7.0405    0.00 9.5512     0.00    0.00    0.00    0.00    0.00
OF1066.3 -6.9595    0.00 9.5538     0.00    0.00    0.00    0.00    0.00
OF1069.6 -6.8787    0.00 9.5567     0.00    0.00    0.00    0.00    0.00
OF1072.8 -6.7978    0.00 9.5593     0.00    0.00    0.00    0.00    0.00
OF1076.1 -6.7169    0.00 9.5622     0.00    0.00    0.00    0.00    0.00
OF1079.4 -6.6375    0.00 9.5648     0.00    0.00    0.00    0.00    0.00
OF1082.7 -6.5589    0.00 9.5678     0.00    0.00    0.00    0.00    0.00
OF1086.0 -6.4804    0.00 9.5707     0.00    0.00    0.00    0.00    0.00
OF1089.2 -6.4018    0.00 9.5734     0.00    0.00    0.00    0.00    0.00
OF1092.5 -6.3232    0.00 9.5763     0.00    0.00    0.00    0.00    0.00
OF1095.8 -6.2446    0.00 9.579      0.00    0.00    0.00    0.00    0.00
OF1099.1 -6.1661    0.00 9.582      0.00    0.00    0.00    0.00    0.00
OF1102.4 -6.0875    0.00 9.585      0.00    0.00    0.00    0.00    0.00
OF1105.6 -6.0089    0.00 9.5877     0.00    0.00    0.00    0.00    0.00
OF1108.9 -5.9303    0.00 9.5907     0.00    0.00    0.00    0.00    0.00
OF1112.2 -5.8518    0.00 9.5934     0.00    0.00    0.00    0.00    0.00
OF1115.5 -5.7732    0.00 9.5964     0.00    0.00    0.00    0.00    0.00
OF1118.8 -5.6946    0.00 9.5995     0.00    0.00    0.00    0.00    0.00
OF1122.0 -5.616     0.00 9.6022     0.00    0.00    0.00    0.00    0.00
OF1125.3 -5.5412    0.00 9.6052     0.00    0.00    0.00    0.00    0.00
OF1128.6 -5.4734    0.00 9.6083     0.00    0.00    0.00    0.00    0.00
OF1131.9 -5.406     0.00 9.6113     0.00    0.00    0.00    0.00    0.00
OF1135.2 -5.3387    0.00 9.6143     0.00    0.00    0.00    0.00    0.00
OF1138.4 -5.2713    0.00 9.6173     0.00    0.00    0.00    0.00    0.00
OF1141.7 -5.2038    0.00 9.6203     0.00    0.00    0.00    0.00    0.00
OF1145.0 -5.1365    0.00 9.6232     0.00    0.00    0.00    0.00    0.00
OF1148.3 -5.0691    0.00 9.6258     0.00    0.00    0.00    0.00    0.00
OF1151.6 -5.0017    0.00 9.6288     0.00    0.00    0.00    0.00    0.00
OF1154.9 -4.9343    0.00 9.6317     0.00    0.00    0.00    0.00    0.00
OF1158.1 -4.8669    0.00 9.6347     0.00    0.00    0.00    0.00    0.00
OF1161.4 -4.7995    0.00 9.6377     0.00    0.00    0.00    0.00    0.00
OF1164.7 -4.7321    0.00 9.6406     0.00    0.00    0.00    0.00    0.00
OF1168.0 -4.6647    0.00 9.6436     0.00    0.00    0.00    0.00    0.00
OF1171.3 -4.5971    0.00 9.6465     0.00    0.00    0.00    0.00    0.00
OF1174.5 -4.527     0.00 9.6495     0.00    0.00    0.00    0.00    0.00
OF1177.8 -4.4564    0.00 9.6524     0.00    0.00    0.00    0.00    0.00
OF1181.1 -4.3857    0.00 9.6553     0.00    0.00    0.00    0.00    0.00
OF1184.4 -4.315     0.00 9.6583     0.00    0.00    0.00    0.00    0.00
OF1187.7 -4.2443    0.00 9.6609     0.00    0.00    0.00    0.00    0.00
OF1190.9 -4.1736    0.00 9.6638     0.00    0.00    0.00    0.00    0.00
OF1194.2 -4.103     0.00 9.6668     0.00    0.00    0.00    0.00    0.00
OF1197.5 -4.0323    0.00 9.6698     0.00    0.00    0.00    0.00    0.00
OF1200.8 -3.9616    0.00 9.6727     0.00    0.00    0.00    0.00    0.00
OF1204.1 -3.8909    0.00 9.6757     0.00    0.00    0.00    0.00    0.00
OF1207.3 -3.8202    0.00 9.6783     0.00    0.00    0.00    0.00    0.00
OF1210.6 -3.7496    0.00 9.6813     0.00    0.00    0.00    0.00    0.00
OF1213.9 -3.6789    0.00 9.6843     0.00    0.00    0.00    0.00    0.00
OF1217.2 -3.6291    0.00 9.6877     0.00    0.00    0.00    0.00    0.00
OF1220.5 -3.5818    0.00 9.6906     0.00    0.00    0.00    0.00    0.00
OF1223.8 -3.5346    0.00 9.6939     0.00    0.00    0.00    0.00    0.00
OF1227.0 -3.4873    0.00 9.6967     0.00    0.00    0.00    0.00    0.00
OF1230.3 -3.4401    0.00 9.6999     0.00    0.00    0.00    0.00    0.00
OF1233.6 -3.3929    0.00 9.7027     0.00    0.00    0.00    0.00    0.00
OF1236.9 -3.3455    0.00 9.7058     0.00    0.00    0.00    0.00    0.00
OF1240.2 -3.2983    0.00 9.7089     0.00    0.00    0.00    0.00    0.00
OF1243.4 -3.251     0.00 9.7116     0.00    0.00    0.00    0.00    0.00
OF1246.7 -3.2038    0.00 9.7146     0.00    0.00    0.00    0.00    0.00
OF1250.0 -3.1565    0.00 9.7172     0.00    0.00    0.00    0.00    0.00
OF1253.3 -3.1092    0.00 9.7202     0.00    0.00    0.00    0.00    0.00
OF1256.6 -3.0619    0.00 9.7227     0.00    0.00    0.00    0.00    0.00
OF1259.8 -3.0147    0.00 9.7257     0.00    0.00    0.00    0.00    0.00
OF1263.1 -2.9675    0.00 9.7282     0.00    0.00    0.00    0.00    0.00
OF1266.4 -2.9202    0.00 9.731      0.00    0.00    0.00    0.00    0.00
OF1269.7 -2.8729    0.00 9.7339     0.00    0.00    0.00    0.00    0.00
OF1273.0 -2.8256    0.00 9.7363     0.00    0.00    0.00    0.00    0.00
OF1276.2 -2.7784    0.00 9.739      0.00    0.00    0.00    0.00    0.00
OF1279.5 -2.7311    0.00 9.7414     0.00    0.00    0.00    0.00    0.00
OF1282.8 -2.6839    0.00 9.7441     0.00    0.00    0.00    0.00    0.00
OF1286.1 -2.6366    0.00 9.7465     0.00    0.00    0.00    0.00    0.00
OF1289.4 -2.5893    0.00 9.7492     0.00    0.00    0.00    0.00    0.00
OF1292.6 -2.5421    0.00 9.7515     0.00    0.00    0.00    0.00    0.00
OF1295.9 -2.4948    0.00 9.7541     0.00    0.00    0.00    0.00    0.00
OF1299.2 -2.4476    0.00 9.7568     0.00    0.00    0.00    0.00    0.00
OF1302.5 -2.4003    0.00 9.759      0.00    0.00    0.00    0.00    0.00
OF1305.8 -2.353     0.00 9.7616     0.00    0.00    0.00    0.00    0.00
OF1309.1 -2.3057    0.00 9.7638     0.00    0.00    0.00    0.00    0.00
OF1312.3 -2.2585    0.00 9.7663     0.00    0.00    0.00    0.00    0.00
OF1315.6 -2.2113    0.00 9.7685     0.00    0.00    0.00    0.00    0.00
OF1318.9 -2.164     0.00 9.771      0.00    0.00    0.00    0.00    0.00
OF1322.2 -2.1167    0.00 9.7735     0.00    0.00    0.00    0.00    0.00
OF1325.5 -2.0694    0.00 9.7756     0.00    0.00    0.00    0.00    0.00
OF1328.7 -2.0222    0.00 9.7781     0.00    0.00    0.00    0.00    0.00
OF1332.0 -1.9749    0.00 9.7802     0.00    0.00    0.00    0.00    0.00
OF1335.3 -1.9277    0.00 9.7826     0.00    0.00    0.00    0.00    0.00
OF1338.6 -1.8804    0.00 9.7847     0.00    0.00    0.00    0.00    0.00
OF1341.9 -1.8331    0.00 9.7871     0.00    0.00    0.00    0.00    0.00
OF1345.1 -1.7859    0.00 9.7892     0.00    0.00    0.00    0.00    0.00
OF1348.4 -1.7386    0.00 9.7916     0.00    0.00    0.00    0.00    0.00
OF1351.7 -1.6914    0.00 9.794      0.00    0.00    0.00    0.00    0.00
OF1355.0 -1.6441    0.00 9.796      0.00    0.00    0.00    0.00    0.00
OF1358.3 -1.5968    0.00 9.7983     0.00    0.00    0.00    0.00    0.00
OF1361.5 -1.5495    0.00 9.8003     0.00    0.00    0.00    0.00    0.00
OF1364.8 -1.5023    0.00 9.8026     0.00    0.00    0.00    0.00    0.00
OF1368.1 -1.4551    0.00 9.8046     0.00    0.00    0.00    0.00    0.00
OF1371.4 -1.4078    0.00 9.8069     0.00    0.00    0.00    0.00    0.00
OF1374.7 -1.3605    0.00 9.8089     0.00    0.00    0.00    0.00    0.00
OF1377.9 -1.3132    0.00 9.8112     0.00    0.00    0.00    0.00    0.00
OF1381.2 -1.266     0.00 9.8135     0.00    0.00    0.00    0.00    0.00
OF1384.5 -1.2183    0.00 9.8154     0.00    0.00    0.00    0.00    0.00
OF1387.8 -1.1675    0.00 9.8177     0.00    0.00    0.00    0.00    0.00
OF1391.1 -1.1165    0.00 9.8196     0.00    0.00    0.00    0.00    0.00
OF1394.4 -1.0653    0.00 9.8215     0.00    0.00    0.00    0.00    0.00
OF1397.6 -1.0148    0.00 9.8238     0.00    0.00    0.00    0.00    0.00
OF1400.9 -0.9654    0.00 9.8257     0.00    0.00    0.00    0.00    0.00
OF1404.2 -0.9160    0.00 9.828      0.00    0.00    0.00    0.00    0.00
OF1407.5 -0.8666    0.00 9.8299     0.00    0.00    0.00    0.00    0.00
OF1410.8 -0.8171    0.00 9.8321     0.00    0.00    0.00    0.00    0.00
OF1414.0 -0.7678    0.00 9.834      0.00    0.00    0.00    0.00    0.00
OF1417.3 -0.7184    0.00 9.8363     0.00    0.00    0.00    0.00    0.00
OF1420.6 -0.6690    0.00 9.8382     0.00    0.00    0.00    0.00    0.00
OF1423.9 -0.6196    0.00 9.8404     0.00    0.00    0.00    0.00    0.00
OF1427.2 -0.5703    0.00 9.8423     0.00    0.00    0.00    0.00    0.00
OF1430.4 -0.5208    0.00 9.8445     0.00    0.00    0.00    0.00    0.00
OF1433.7 -0.4714    0.00 9.8464     0.00    0.00    0.00    0.00    0.00
OF1437.0 -0.4220    0.00 9.8486     0.00    0.00    0.00    0.00    0.00
OF1440.3 -0.3727    0.00 9.8505     0.00    0.00    0.00    0.00    0.00
OF1443.6 -0.3233    0.00 9.8527     0.00    0.00    0.00    0.00    0.00
OF1446.8 -0.3140    0.00 9.8553     0.00    0.00    0.00    0.00    0.00
OF1450.1 -0.3109    0.00 9.8574     0.00    0.00    0.00    0.00    0.00
OF1453.4 -0.3077    0.00 9.8598     0.00    0.00    0.00    0.00    0.00
OF1456.7 -0.3046    0.00 9.8621     0.00    0.00    0.00    0.00    0.00
OF1460.0 -0.3014    0.00 9.8644     0.00    0.00    0.00    0.00    0.00
OF1463.3 -0.2983    0.00 9.8665     0.00    0.00    0.00    0.00    0.00
IF1466.5 0.02309    0.00 9.8651     0.00    0.00    0.00    0.00    0.00
IF1469.8 0.07599    0.00 9.8673     0.00    0.00    0.00    0.00    0.00
IF1473.1 0.12889    0.00 9.8692     0.00    0.00    0.00    0.00    0.00
IF1476.4 0.18179    0.00 9.871      0.00    0.00    0.00    0.00    0.00
IF1479.7 0.23469    0.00 9.8733     0.00    0.00    0.00    0.00    0.00
IF1482.9 0.28759    0.00 9.8751     0.00    0.00    0.00    0.00    0.00
IF1486.2 0.34049    0.00 9.8774     0.00    0.00    0.00    0.00    0.00
IF1489.5 0.39339    0.00 9.8792     0.00    0.00    0.00    0.00    0.00
IF1492.8 0.44628    0.00 9.8811     0.00    0.00    0.00    0.00    0.00
IF1496.1 0.49918    0.00 9.8834     0.00    0.00    0.00    0.00    0.00
IF1499.3 0.55208    0.00 9.8852     0.00    0.00    0.00    0.00    0.00
IF1502.6 0.60498    0.00 9.8875     0.00    0.00    0.00    0.00    0.00
IF1505.9 0.65832    0.00 9.8894     0.00    0.00    0.00    0.00    0.00
IF1509.2 0.71598    0.00 9.8913     0.00    0.00    0.00    0.00    0.00
IF1512.5 0.77364    0.00 9.8932     0.00    0.00    0.00    0.00    0.00
IF1515.7 0.8313     0.00 9.8955     0.00    0.00    0.00    0.00    0.00
IF1519.0 0.88896    0.00 9.8974     0.00    0.00    0.00    0.00    0.00
IF1522.3 0.94662    0.00 9.8993     0.00    0.00    0.00    0.00    0.00
IF1525.6 1.0043     0.00 9.9013     0.00    0.00    0.00    0.00    0.00
IF1528.9 1.0619     0.00 9.9036     0.00    0.00    0.00    0.00    0.00
IF1532.1 1.1196     0.00 9.9056     0.00    0.00    0.00    0.00    0.00
IF1535.4 1.1773     0.00 9.9075     0.00    0.00    0.00    0.00    0.00
IF1538.7 1.2349     0.00 9.9095     0.00    0.00    0.00    0.00    0.00
IF1542.0 1.2926     0.00 9.9119     0.00    0.00    0.00    0.00    0.00
IF1545.3 1.3502     0.00 9.9139     0.00    0.00    0.00    0.00    0.00
IF1548.6 1.4117     0.00 9.9159     0.00    0.00    0.00    0.00    0.00
IF1551.8 1.4735     0.00 9.9179     0.00    0.00    0.00    0.00    0.00
IF1555.1 1.5354     0.00 9.9199     0.00    0.00    0.00    0.00    0.00
IF1558.4 1.5972     0.00 9.922      0.00    0.00    0.00    0.00    0.00
IF1561.7 1.659      0.00 9.9241     0.00    0.00    0.00    0.00    0.00
IF1565.0 1.7209     0.00 9.9266     0.00    0.00    0.00    0.00    0.00
IF1568.2 1.7827     0.00 9.9287     0.00    0.00    0.00    0.00    0.00
IF1571.5 1.8446     0.00 9.9308     0.00    0.00    0.00    0.00    0.00
IF1574.8 1.9064     0.00 9.9329     0.00    0.00    0.00    0.00    0.00
IF1578.1 1.9683     0.00 9.9351     0.00    0.00    0.00    0.00    0.00
IF1581.4 2.0301     0.00 9.9373     0.00    0.00    0.00    0.00    0.00
IF1584.6 2.092      0.00 9.9395     0.00    0.00    0.00    0.00    0.00
IF1587.9 2.1538     0.00 9.9417     0.00    0.00    0.00    0.00    0.00
IF1591.2 2.2156     0.00 9.944      0.00    0.00    0.00    0.00    0.00
IF1594.5 2.323      0.00 9.9458     0.00    0.00    0.00    0.00    0.00
IF1597.8 2.5554     0.00 9.9461     0.00    0.00    0.00    0.00    0.00
IF1601.0 2.7879     0.00 9.9467     0.00    0.00    0.00    0.00    0.00
IF1604.3 3.0203     0.00 9.9478     0.00    0.00    0.00    0.00    0.00
IF1607.6 3.2527     0.00 9.9494     0.00    0.00    0.00    0.00    0.00
IF1610.9 3.4852     0.00 9.9516     0.00    0.00    0.00    0.00    0.00
IF1614.2 3.7176     0.00 9.9545     0.00    0.00    0.00    0.00    0.00
IF1617.5 3.95       0.00 9.9582     0.00    0.00    0.00    0.00    0.00
IF1620.7 4.1603     0.00 9.9627     0.00    0.00    0.00    0.00    0.00
IF1624.0 4.3279     0.00 9.9694     0.00    0.00    0.00    0.00    0.00
IF1627.3 4.4955     0.00 9.9765     0.00    0.00    0.00    0.00    0.00
IF1630.6 4.6631     0.00 9.9842     0.00    0.00    0.00    0.00    0.00
IF1633.9 4.8307     0.00 9.9923     0.00    0.00    0.00    0.00    0.00
IF1637.1 4.9983     0.00 10.0009    0.00    0.00    0.00    0.00    0.00
IF1640.4 5.1659     0.00 10.0101    0.00    0.00    0.00    0.00    0.00
IF1643.7 5.3335     0.00 10.019     0.00    0.00    0.00    0.00    0.00
IF1647.0 5.5011     0.00 10.0295    0.00    0.00    0.00    0.00    0.00
IF1650.3 5.6687     0.00 10.0405    0.00    0.00    0.00    0.00    0.00
IF1653.5 5.8363     0.00 10.052     0.00    0.00    0.00    0.00    0.00
IF1656.8 6.0392     0.00 10.0633    0.00    0.00    0.00    0.00    0.00
IF1660.1 6.3025     0.00 10.0741    0.00    0.00    0.00    0.00    0.00
IF1663.4 6.5657     0.00 10.0871    0.00    0.00    0.00    0.00    0.00
IF1666.7 6.829      0.00 10.1027    0.00    0.00    0.00    0.00    0.00
IF1669.9 7.0923     0.00 10.121     0.00    0.00    0.00    0.00    0.00
IF1673.2 7.3556     0.00 10.1462    0.00    0.00    0.00    0.00    0.00
IF1676.5 7.6182     0.00 10.1793    0.00    0.00    0.00    0.00    0.00
IF1679.8 7.879      0.00 10.2162    0.00    0.00    0.00    0.00    0.00
IF1683.1 8.1397     0.00 10.2539    0.00    0.00    0.00    0.00    0.00
IF1686.3 8.4005     0.00 10.287     0.00    0.00    0.00    0.00    0.00
IF1689.6 6.5198     0.00 10.3371    0.00    0.00    0.00    0.00    0.00
IF1692.9 8.7508     0.00 10.3111    0.00    0.00    0.00    0.00    0.00
IF1695.2 10.3111    0.00 10.3111    0.00    0.00    0.00    0.00    0.00
AS1818.6 9.4324     0.00 9.4324     0.00    0.00    0.00    0.00    0.00
IF1821.6 8.92       0.00 9.4324     0.00    0.00    0.00    0.00    0.00
IF1823.6 8.878      0.00 9.4324     0.00    0.00    0.00    0.00    0.00
IF1833.6 8.624      0.00 9.4324     0.00    0.00    0.00    0.00    0.00
IF1845.6 7.7006     0.00 9.4324     0.00    0.00    0.00    0.00    0.00
IF1847.6 7.627      0.00 9.4324     0.00    0.00    0.00    0.00    0.00
IF1859.6 7.85       0.00 9.4324     0.00    0.00    0.00    0.00    0.00
IF1871.6 7.481      0.00 9.4324     0.00    0.00    0.00    0.00    0.00
IF1879.6 7.296      0.00 9.4324     0.00    0.00    0.00    0.00    0.00
IF1891.6 6.8425     0.00 9.4324     0.00    0.00    0.00    0.00    0.00
IF1899.6 6.889      0.00 9.4324     0.00    0.00    0.00    0.00    0.00
IF1911.6 6.7676     0.00 9.4324     0.00    0.00    0.00    0.00    0.00
IF1929.6 6.2908     0.00 9.4324     0.00    0.00    0.00    0.00    0.00
IF1931.6 6.1547     0.00 9.4324     0.00    0.00    0.00    0.00    0.00
IF1965.6 5.8885     0.00 9.4324     0.00    0.00    0.00    0.00    0.00
IF1967.6 5.8716     0.00 9.4324     0.00    0.00    0.00    0.00    0.00
IF1987.6 6.001      0.00 9.4324     0.00    0.00    0.00    0.00    0.00
IF1989.6 5.982      0.00 9.4323     0.00    0.00    0.00    0.00    0.00
IF2035.6 6.428      0.00 9.4313     0.00    0.00    0.00    0.00    0.00
IF2051.6 6.1183     0.00 9.431      0.00    0.00    0.00    0.00    0.00
IF2053.6 6.1101     0.00 9.4309     0.00    0.00    0.00    0.00    0.00
IF2095.6 6.4759     0.00 9.4302     0.00    0.00    0.00    0.00    0.00
IF2103.6 6.225      0.00 9.43       0.00    0.00    0.00    0.00    0.00
IF2121.6 5.7767     0.00 9.4297     0.00    0.00    0.00    0.00    0.00
IF2137.6 5.8954     0.00 9.4294     0.00    0.00    0.00    0.00    0.00
IF2153.6 5.8704     0.00 9.4292     0.00    0.00    0.00    0.00    0.00
IF2155.6 5.867      0.00 9.4291     0.00    0.00    0.00    0.00    0.00
IF2177.6 5.4501     0.00 9.4288     0.00    0.00    0.00    0.00    0.00
IF2179.6 5.4228     0.00 9.4287     0.00    0.00    0.00    0.00    0.00
IF2197.6 5.5473     0.00 9.429      0.00    0.00    0.00    0.00    0.00
IF2201.6 5.5175     0.00 9.4291     0.00    0.00    0.00    0.00    0.00
IF2225.6 5.8153     0.00 9.4302     0.00    0.00    0.00    0.00    0.00
IF2227.6 5.8231     0.00 9.4303     0.00    0.00    0.00    0.00    0.00
IF2259.6 6.4443     0.00 9.4316     0.00    0.00    0.00    0.00    0.00
IF2275.6 5.7852     0.00 9.4323     0.00    0.00    0.00    0.00    0.00
IF2277.6 5.8041     0.00 9.4324     0.00    0.00    0.00    0.00    0.00
IF2297.6 6.0023     0.00 9.4331     0.00    0.00    0.00    0.00    0.00
IF2305.6 5.6949     0.00 9.4333     0.00    0.00    0.00    0.00    0.00
IF2327.6 5.2355     0.00 9.4339     0.00    0.00    0.00    0.00    0.00
IF2329.6 5.2382     0.00 9.434      0.00    0.00    0.00    0.00    0.00
IF2353.6 5.6123     0.00 9.4357     0.00    0.00    0.00    0.00    0.00
IF2377.6 5.436      0.00 9.4373     0.00    0.00    0.00    0.00    0.00
IF2379.6 5.4327     0.00 9.4375     0.00    0.00    0.00    0.00    0.00
IF2397.6 5.3618     0.00 9.4387     0.00    0.00    0.00    0.00    0.00
IF2399.6 5.3414     0.00 9.4388     0.00    0.00    0.00    0.00    0.00
IF2437.6 5.0861     0.00 9.4415     0.00    0.00    0.00    0.00    0.00
IF2439.6 5.0301     0.00 9.4416     0.00    0.00    0.00    0.00    0.00
IF2477.6 5.3743     0.00 9.4429     0.00    0.00    0.00    0.00    0.00
IF2479.6 5.4071     0.00 9.4429     0.00    0.00    0.00    0.00    0.00
IF2513.6 4.8081     0.00 9.443      0.00    0.00    0.00    0.00    0.00
IF2515.6 4.7851     0.00 9.443      0.00    0.00    0.00    0.00    0.00
IF2549.6 5.4204     0.00 9.4432     0.00    0.00    0.00    0.00    0.00
IF2565.6 5.885      0.00 9.4432     0.00    0.00    0.00    0.00    0.00
IF2585.6 6.0713     0.00 9.4433     0.00    0.00    0.00    0.00    0.00
IF2587.6 6.0217     0.00 9.4433     0.00    0.00    0.00    0.00    0.00
IF2605.6 6.0609     0.00 9.4438     0.00    0.00    0.00    0.00    0.00
IF2611.6 6.0034     0.00 9.4439     0.00    0.00    0.00    0.00    0.00
IF2635.6 5.8903     0.00 9.4442     0.00    0.00    0.00    0.00    0.00
IF2647.6 6.0254     0.00 9.4443     0.00    0.00    0.00    0.00    0.00
IF2653.6 5.6182     0.00 9.4444     0.00    0.00    0.00    0.00    0.00
IF2677.6 5.7918     0.00 9.4447     0.00    0.00    0.00    0.00    0.00
IF2693.6 6.0908     0.00 9.4449     0.00    0.00    0.00    0.00    0.00
IF2695.6 6.0902     0.00 9.4449     0.00    0.00    0.00    0.00    0.00
IF2717.6 5.9465     0.00 9.4452     0.00    0.00    0.00    0.00    0.00
IF2719.6 5.8908     0.00 9.4452     0.00    0.00    0.00    0.00    0.00
IF2735.6 5.7832     0.00 9.4454     0.00    0.00    0.00    0.00    0.00
IF2761.6 5.9202     0.00 9.4458     0.00    0.00    0.00    0.00    0.00
IF2763.6 5.8401     0.00 9.4458     0.00    0.00    0.00    0.00    0.00
IF2781.6 5.9177     0.00 9.4462     0.00    0.00    0.00    0.00    0.00
IF2783.6 5.9331     0.00 9.4463     0.00    0.00    0.00    0.00    0.00
IF2803.6 6.0021     0.00 9.4467     0.00    0.00    0.00    0.00    0.00
IF2805.6 6.0198     0.00 9.4467     0.00    0.00    0.00    0.00    0.00
IF2827.6 6.1552     0.00 9.4472     0.00    0.00    0.00    0.00    0.00
IF2845.6 6.2648     0.00 9.4476     0.00    0.00    0.00    0.00    0.00
IF2855.6 6.2504     0.00 9.4478     0.00    0.00    0.00    0.00    0.00
IF2873.6 6.1735     0.00 9.4481     0.00    0.00    0.00    0.00    0.00
IF2875.6 6.1618     0.00 9.4482     0.00    0.00    0.00    0.00    0.00
IF2895.6 6.3678     0.00 9.4485     0.00    0.00    0.00    0.00    0.00
IF2899.6 6.3527     0.00 9.4485     0.00    0.00    0.00    0.00    0.00
IF2923.6 6.2876     0.00 9.4484     0.00    0.00    0.00    0.00    0.00
IF2925.6 6.2976     0.00 9.4483     0.00    0.00    0.00    0.00    0.00
IF2949.6 6.7015     0.00 9.4482     0.00    0.00    0.00    0.00    0.00
IF2971.6 6.7383     0.00 9.448      0.00    0.00    0.00    0.00    0.00
IF2973.6 6.7332     0.00 9.448      0.00    0.00    0.00    0.00    0.00
IF2987.6 6.6542     0.00 9.4479     0.00    0.00    0.00    0.00    0.00
IF2991.6 6.6649     0.00 9.4479     0.00    0.00    0.00    0.00    0.00
IF3005.6 6.7001     0.00 9.4478     0.00    0.00    0.00    0.00    0.00
IF3007.6 6.6902     0.00 9.4478     0.00    0.00    0.00    0.00    0.00
IF3021.6 7.3342     0.00 9.4477     0.00    0.00    0.00    0.00    0.00
IF3037.6 7.9238     0.00 9.4476     0.00    0.00    0.00    0.00    0.00
IF3039.6 7.9505     0.00 9.4476     0.00    0.00    0.00    0.00    0.00
IF3051.6 8.2235     0.00 9.4476     0.00    0.00    0.00    0.00    0.00
IF3059.6 7.7141     0.00 9.4473     0.00    0.00    0.00    0.00    0.00
IF3075.6 7.0608     0.00 9.4466     0.00    0.00    0.00    0.00    0.00
IF3077.6 7.0382     0.00 9.4465     0.00    0.00    0.00    0.00    0.00
IF3099.6 7.4782     0.00 9.4456     0.00    0.00    0.00    0.00    0.00
IF3101.6 7.4314     0.00 9.4455     0.00    0.00    0.00    0.00    0.00
IF3125.6 6.6234     0.00 9.4445     0.00    0.00    0.00    0.00    0.00
IF3127.6 6.487      0.00 9.4444     0.00    0.00    0.00    0.00    0.00
IF3143.6 6.6238     0.00 9.4438     0.00    0.00    0.00    0.00    0.00
IF3145.6 6.6486     0.00 9.4437     0.00    0.00    0.00    0.00    0.00
IF3163.6 7.2604     0.00 9.4429     0.00    0.00    0.00    0.00    0.00
IF3193.6 8.2166     0.00 9.4424     0.00    0.00    0.00    0.00    0.00
IF3195.6 8.272      0.00 9.4424     0.00    0.00    0.00    0.00    0.00
IF3209.6 9.0999     0.00 9.4424     0.00    0.00    0.00    0.00    0.00
IF3211.6 9.2206     0.00 9.4424     0.00    0.00    0.00    0.00    0.00
IF3215.5 9.4424     0.00 9.4424     0.00    0.00    0.00    0.00    0.00
AS3627.4 9.4384     0.00 9.4384     0.00    0.00    0.00    0.00    0.00
IF3629.6 9.3302     0.00 9.4384     0.00    0.00    0.00    0.00    0.00
IF5187.6 4.2758     0.00 9.4386     0.00    0.00    0.00    0.00    0.00
IF5191.6 4.3067     0.00 9.4387     0.00    0.00    0.00    0.00    0.00
IF5371.6 4.8384     0.00 9.4421     0.00    0.00    0.00    0.00    0.00
IF5375.6 4.2518     0.00 9.4422     0.00    0.00    0.00    0.00    0.00
IF5467.6 5.5524     0.00 9.4445     0.00    0.00    0.00    0.00    0.00
IF5487.6 5.7426     0.00 9.4449     0.00    0.00    0.00    0.00    0.00
IF5491.6 5.787      0.00 9.445      0.00    0.00    0.00    0.00    0.00
IF5553.6 5.9241     0.00 9.4464     0.00    0.00    0.00    0.00    0.00
IF5569.6 5.8615     0.00 9.4467     0.00    0.00    0.00    0.00    0.00
IF5571.6 5.8421     0.00 9.4468     0.00    0.00    0.00    0.00    0.00
IF5623.6 6.2939     0.00 9.4666     0.00    0.00    0.00    0.00    0.00
IF5625.6 6.299      0.00 9.4679     0.00    0.00    0.00    0.00    0.00
IF5659.6 6.2167     0.00 9.4937     0.00    0.00    0.00    0.00    0.00
IF5663.6 6.1899     0.00 9.4985     0.00    0.00    0.00    0.00    0.00
IF5683.6 6.045      0.00 9.5224     0.00    0.00    0.00    0.00    0.00
IF5693.6 5.782      0.00 9.5343     0.00    0.00    0.00    0.00    0.00
IF5701.6 5.7995     0.00 9.5439     0.00    0.00    0.00    0.00    0.00
IF5721.6 5.5411     0.00 9.5678     0.00    0.00    0.00    0.00    0.00
IF5723.6 5.5296     0.00 9.5702     0.00    0.00    0.00    0.00    0.00
IF5781.6 5.7864     0.00 9.6394     0.00    0.00    0.00    0.00    0.00
IF5783.6 5.7633     0.00 9.6418     0.00    0.00    0.00    0.00    0.00
IF5809.6 5.7387     0.00 9.6461     0.00    0.00    0.00    0.00    0.00
IF5811.6 5.7312     0.00 9.6461     0.00    0.00    0.00    0.00    0.00
IF5837.6 6.1375     0.00 9.6461     0.00    0.00    0.00    0.00    0.00
IF5839.6 6.1546     0.00 9.6461     0.00    0.00    0.00    0.00    0.00
IF5869.6 6.6904     0.00 9.6461     0.00    0.00    0.00    0.00    0.00
IF5877.6 7.0865     0.00 9.6461     0.00    0.00    0.00    0.00    0.00
IF5891.6 6.1035     0.00 9.6462     0.00    0.00    0.00    0.00    0.00
IF5895.6 5.7254     0.00 9.6462     0.00    0.00    0.00    0.00    0.00
IF5913.6 4.609      0.00 9.6462     0.00    0.00    0.00    0.00    0.00
IF5921.6 4.441      0.00 9.6462     0.00    0.00    0.00    0.00    0.00
IF5939.6 4.3533     0.00 9.6463     0.00    0.00    0.00    0.00    0.00
IF5991.6 0.6414     0.00 9.6467     0.00    0.00    0.00    0.00    0.00
IF5993.6 0.4215     0.00 9.6467     0.00    0.00    0.00    0.00    0.00
IF6079.6 3.259      0.00 9.6478     0.00    0.00    0.00    0.00    0.00
IF6081.6 3.2466     0.00 9.6478     0.00    0.00    0.00    0.00    0.00
IF6111.6 3.7722     0.00 9.6482     0.00    0.00    0.00    0.00    0.00
IF6113.6 3.7622     0.00 9.6482     0.00    0.00    0.00    0.00    0.00
IF6139.6 4.2666     0.00 9.6484     0.00    0.00    0.00    0.00    0.00
IF6141.6 4.2431     0.00 9.6484     0.00    0.00    0.00    0.00    0.00
IF6175.6 7.7821     0.00 9.6484     0.00    0.00    0.00    0.00    0.00
IF6185.6 7.474      0.00 9.6484     0.00    0.00    0.00    0.00    0.00
IF6191.6 7.3755     0.00 9.6484     0.00    0.00    0.00    0.00    0.00
IF6201.6 7.3396     0.00 9.6484     0.00    0.00    0.00    0.00    0.00
IF6209.6 7.4767     0.00 9.6484     0.00    0.00    0.00    0.00    0.00
IF6231.6 8.023      0.00 9.6484     0.00    0.00    0.00    0.00    0.00
IF6233.6 7.9624     0.00 9.6484     0.00    0.00    0.00    0.00    0.00
IF6247.6 8.0991     0.00 9.6484     0.00    0.00    0.00    0.00    0.00
IF6255.6 7.9951     0.00 9.6484     0.00    0.00    0.00    0.00    0.00
IF6271.6 7.8123     0.00 9.6484     0.00    0.00    0.00    0.00    0.00
IF6273.6 7.7599     0.00 9.6484     0.00    0.00    0.00    0.00    0.00
IF6313.6 8.245      0.00 9.6484     0.00    0.00    0.00    0.00    0.00
IF6315.6 8.0962     0.00 9.6484     0.00    0.00    0.00    0.00    0.00
IF6331.6 8.1109     0.00 9.6484     0.00    0.00    0.00    0.00    0.00
IF6333.6 8.0904     0.00 9.6484     0.00    0.00    0.00    0.00    0.00
IF6347.6 8.0224     0.00 9.6484     0.00    0.00    0.00    0.00    0.00
IF6349.6 8.0382     0.00 9.6484     0.00    0.00    0.00    0.00    0.00
IF6391.6 8.765      0.00 9.6484     0.00    0.00    0.00    0.00    0.00
IF6409.6 9.186      0.00 9.6484     0.00    0.00    0.00    0.00    0.00
IF6411.6 9.1535     0.00 9.6484     0.00    0.00    0.00    0.00    0.00
IF6427.6 9.481      0.00 9.6484     0.00    0.00    0.00    0.00    0.00
IF6429.6 9.541      0.00 9.6484     0.00    0.00    0.00    0.00    0.00
IF6433.5 9.6484     0.00 9.6484     0.00    0.00    0.00    0.00    0.00
PS START(374631.5097,4797684.5644)
PS END(373044.2436,4799096.45)
ET
 
 
 
