header
IE0.0    -25.116       1       1 8.9129  29.3065 13.9      56.14   56.14
OF3.3    -25.091    0.00 8.9144     0.00    0.00    0.00    0.00    0.00
OF6.6    -25.066    0.00 8.9162     0.00    0.00    0.00    0.00    0.00
OF9.8    -25.041    0.00 8.9178     0.00    0.00    0.00    0.00    0.00
OF13.1   -25.015    0.00 8.9195     0.00    0.00    0.00    0.00    0.00
OF16.4   -24.990    0.00 8.9211     0.00    0.00    0.00    0.00    0.00
OF19.7   -24.965    0.00 8.9231     0.00    0.00    0.00    0.00    0.00
OF23.0   -24.940    0.00 8.9249     0.00    0.00    0.00    0.00    0.00
OF26.2   -24.915    0.00 8.9267     0.00    0.00    0.00    0.00    0.00
OF29.5   -24.89     0.00 8.9285     0.00    0.00    0.00    0.00    0.00
OF32.8   -24.864    0.00 8.9306     0.00    0.00    0.00    0.00    0.00
OF36.1   -24.839    0.00 8.9324     0.00    0.00    0.00    0.00    0.00
OF39.4   -24.814    0.00 8.9343     0.00    0.00    0.00    0.00    0.00
OF42.7   -24.789    0.00 8.9362     0.00    0.00    0.00    0.00    0.00
OF45.9   -24.764    0.00 8.9381     0.00    0.00    0.00    0.00    0.00
OF49.2   -24.739    0.00 8.9403     0.00    0.00    0.00    0.00    0.00
OF52.5   -24.712    0.00 8.9422     0.00    0.00    0.00    0.00    0.00
OF55.8   -24.681    0.00 8.9442     0.00    0.00    0.00    0.00    0.00
OF59.1   -24.650    0.00 8.9462     0.00    0.00    0.00    0.00    0.00
OF62.3   -24.619    0.00 8.9481     0.00    0.00    0.00    0.00    0.00
OF65.6   -24.588    0.00 8.9501     0.00    0.00    0.00    0.00    0.00
OF68.9   -24.556    0.00 8.9521     0.00    0.00    0.00    0.00    0.00
OF72.2   -24.525    0.00 8.9541     0.00    0.00    0.00    0.00    0.00
OF75.5   -24.494    0.00 8.9561     0.00    0.00    0.00    0.00    0.00
OF78.7   -24.463    0.00 8.9581     0.00    0.00    0.00    0.00    0.00
OF82.0   -24.432    0.00 8.9601     0.00    0.00    0.00    0.00    0.00
OF85.3   -24.400    0.00 8.9621     0.00    0.00    0.00    0.00    0.00
OF88.6   -24.369    0.00 8.9641     0.00    0.00    0.00    0.00    0.00
OF91.9   -24.338    0.00 8.9663     0.00    0.00    0.00    0.00    0.00
OF95.1   -24.299    0.00 8.968      0.00    0.00    0.00    0.00    0.00
OF98.4   -24.254    0.00 8.97       0.00    0.00    0.00    0.00    0.00
OF101.7  -24.209    0.00 8.972      0.00    0.00    0.00    0.00    0.00
OF105.0  -24.165    0.00 8.9737     0.00    0.00    0.00    0.00    0.00
OF108.3  -24.120    0.00 8.9757     0.00    0.00    0.00    0.00    0.00
OF111.5  -24.075    0.00 8.9775     0.00    0.00    0.00    0.00    0.00
OF114.8  -24.031    0.00 8.9795     0.00    0.00    0.00    0.00    0.00
OF118.1  -23.986    0.00 8.9815     0.00    0.00    0.00    0.00    0.00
OF121.4  -23.941    0.00 8.9832     0.00    0.00    0.00    0.00    0.00
OF124.7  -23.896    0.00 8.9852     0.00    0.00    0.00    0.00    0.00
OF128.0  -23.852    0.00 8.9872     0.00    0.00    0.00    0.00    0.00
OF131.2  -23.807    0.00 8.989      0.00    0.00    0.00    0.00    0.00
OF134.5  -23.762    0.00 8.991      0.00    0.00    0.00    0.00    0.00
OF137.8  -23.717    0.00 8.993      0.00    0.00    0.00    0.00    0.00
OF141.1  -23.673    0.00 8.9948     0.00    0.00    0.00    0.00    0.00
OF144.4  -23.628    0.00 8.9968     0.00    0.00    0.00    0.00    0.00
OF147.6  -23.583    0.00 8.9985     0.00    0.00    0.00    0.00    0.00
OF150.9  -23.538    0.00 9.0006     0.00    0.00    0.00    0.00    0.00
OF154.2  -23.494    0.00 9.0026     0.00    0.00    0.00    0.00    0.00
OF157.5  -23.449    0.00 9.0044     0.00    0.00    0.00    0.00    0.00
OF160.8  -23.404    0.00 9.0065     0.00    0.00    0.00    0.00    0.00
OF164.0  -23.36     0.00 9.0085     0.00    0.00    0.00    0.00    0.00
OF167.3  -23.315    0.00 9.0103     0.00    0.00    0.00    0.00    0.00
OF170.6  -23.270    0.00 9.0124     0.00    0.00    0.00    0.00    0.00
OF173.9  -23.225    0.00 9.0145     0.00    0.00    0.00    0.00    0.00
OF177.2  -23.181    0.00 9.0162     0.00    0.00    0.00    0.00    0.00
OF180.4  -23.136    0.00 9.0183     0.00    0.00    0.00    0.00    0.00
OF183.7  -23.091    0.00 9.0201     0.00    0.00    0.00    0.00    0.00
OF187.0  -23.044    0.00 9.0221     0.00    0.00    0.00    0.00    0.00
OF190.3  -22.996    0.00 9.0241     0.00    0.00    0.00    0.00    0.00
OF193.6  -22.948    0.00 9.0259     0.00    0.00    0.00    0.00    0.00
OF196.8  -22.899    0.00 9.0279     0.00    0.00    0.00    0.00    0.00
OF200.1  -22.851    0.00 9.0296     0.00    0.00    0.00    0.00    0.00
OF203.4  -22.809    0.00 9.0316     0.00    0.00    0.00    0.00    0.00
OF206.7  -22.773    0.00 9.0335     0.00    0.00    0.00    0.00    0.00
OF210.0  -22.737    0.00 9.0355     0.00    0.00    0.00    0.00    0.00
OF213.3  -22.701    0.00 9.0375     0.00    0.00    0.00    0.00    0.00
OF216.5  -22.663    0.00 9.0391     0.00    0.00    0.00    0.00    0.00
OF219.8  -22.620    0.00 9.0411     0.00    0.00    0.00    0.00    0.00
OF223.1  -22.578    0.00 9.0431     0.00    0.00    0.00    0.00    0.00
OF226.4  -22.536    0.00 9.045      0.00    0.00    0.00    0.00    0.00
OF229.7  -22.493    0.00 9.0466     0.00    0.00    0.00    0.00    0.00
OF232.9  -22.451    0.00 9.0486     0.00    0.00    0.00    0.00    0.00
OF236.2  -22.408    0.00 9.0505     0.00    0.00    0.00    0.00    0.00
OF239.5  -22.366    0.00 9.0521     0.00    0.00    0.00    0.00    0.00
OF242.8  -22.324    0.00 9.0541     0.00    0.00    0.00    0.00    0.00
OF246.1  -22.281    0.00 9.056      0.00    0.00    0.00    0.00    0.00
OF249.3  -22.239    0.00 9.0579     0.00    0.00    0.00    0.00    0.00
OF252.6  -22.196    0.00 9.0595     0.00    0.00    0.00    0.00    0.00
OF255.9  -22.154    0.00 9.0614     0.00    0.00    0.00    0.00    0.00
OF259.2  -22.112    0.00 9.0633     0.00    0.00    0.00    0.00    0.00
OF262.5  -22.069    0.00 9.0649     0.00    0.00    0.00    0.00    0.00
OF265.7  -22.027    0.00 9.0668     0.00    0.00    0.00    0.00    0.00
OF269.0  -21.985    0.00 9.0686     0.00    0.00    0.00    0.00    0.00
OF272.3  -21.942    0.00 9.0702     0.00    0.00    0.00    0.00    0.00
OF275.6  -21.900    0.00 9.0721     0.00    0.00    0.00    0.00    0.00
OF278.9  -21.857    0.00 9.074      0.00    0.00    0.00    0.00    0.00
OF282.2  -21.815    0.00 9.0758     0.00    0.00    0.00    0.00    0.00
OF285.4  -21.773    0.00 9.0774     0.00    0.00    0.00    0.00    0.00
OF288.7  -21.730    0.00 9.0792     0.00    0.00    0.00    0.00    0.00
OF292.0  -21.688    0.00 9.0811     0.00    0.00    0.00    0.00    0.00
OF295.3  -21.645    0.00 9.0826     0.00    0.00    0.00    0.00    0.00
OF298.6  -21.603    0.00 9.0845     0.00    0.00    0.00    0.00    0.00
OF301.8  -21.561    0.00 9.0863     0.00    0.00    0.00    0.00    0.00
OF305.1  -21.518    0.00 9.0881     0.00    0.00    0.00    0.00    0.00
OF308.4  -21.476    0.00 9.0897     0.00    0.00    0.00    0.00    0.00
OF311.7  -21.434    0.00 9.0915     0.00    0.00    0.00    0.00    0.00
OF315.0  -21.391    0.00 9.0933     0.00    0.00    0.00    0.00    0.00
OF318.2  -21.349    0.00 9.0948     0.00    0.00    0.00    0.00    0.00
OF321.5  -21.307    0.00 9.0966     0.00    0.00    0.00    0.00    0.00
OF324.8  -21.273    0.00 9.0984     0.00    0.00    0.00    0.00    0.00
OF328.1  -21.239    0.00 9.1002     0.00    0.00    0.00    0.00    0.00
OF331.4  -21.205    0.00 9.102      0.00    0.00    0.00    0.00    0.00
OF334.6  -21.171    0.00 9.1037     0.00    0.00    0.00    0.00    0.00
OF337.9  -21.137    0.00 9.1055     0.00    0.00    0.00    0.00    0.00
OF341.2  -21.102    0.00 9.1072     0.00    0.00    0.00    0.00    0.00
OF344.5  -21.065    0.00 9.109      0.00    0.00    0.00    0.00    0.00
OF347.8  -21.020    0.00 9.1104     0.00    0.00    0.00    0.00    0.00
OF351.0  -20.975    0.00 9.1122     0.00    0.00    0.00    0.00    0.00
OF354.3  -20.930    0.00 9.1139     0.00    0.00    0.00    0.00    0.00
OF357.6  -20.885    0.00 9.1154     0.00    0.00    0.00    0.00    0.00
OF360.9  -20.840    0.00 9.1171     0.00    0.00    0.00    0.00    0.00
OF364.2  -20.795    0.00 9.1188     0.00    0.00    0.00    0.00    0.00
OF367.5  -20.75     0.00 9.1202     0.00    0.00    0.00    0.00    0.00
OF370.7  -20.705    0.00 9.1219     0.00    0.00    0.00    0.00    0.00
OF374.0  -20.66     0.00 9.1233     0.00    0.00    0.00    0.00    0.00
OF377.3  -20.614    0.00 9.1249     0.00    0.00    0.00    0.00    0.00
OF380.6  -20.569    0.00 9.1266     0.00    0.00    0.00    0.00    0.00
OF383.9  -20.524    0.00 9.1281     0.00    0.00    0.00    0.00    0.00
OF387.1  -20.479    0.00 9.1297     0.00    0.00    0.00    0.00    0.00
OF390.4  -20.434    0.00 9.1314     0.00    0.00    0.00    0.00    0.00
OF393.7  -20.389    0.00 9.1328     0.00    0.00    0.00    0.00    0.00
OF397.0  -20.344    0.00 9.1345     0.00    0.00    0.00    0.00    0.00
OF400.3  -20.299    0.00 9.1358     0.00    0.00    0.00    0.00    0.00
OF403.5  -20.254    0.00 9.1375     0.00    0.00    0.00    0.00    0.00
OF406.8  -20.209    0.00 9.1391     0.00    0.00    0.00    0.00    0.00
OF410.1  -20.164    0.00 9.1403     0.00    0.00    0.00    0.00    0.00
OF413.4  -20.119    0.00 9.1418     0.00    0.00    0.00    0.00    0.00
OF416.7  -20.074    0.00 9.1433     0.00    0.00    0.00    0.00    0.00
OF419.9  -20.029    0.00 9.1445     0.00    0.00    0.00    0.00    0.00
OF423.2  -19.985    0.00 9.1459     0.00    0.00    0.00    0.00    0.00
OF426.5  -19.940    0.00 9.147      0.00    0.00    0.00    0.00    0.00
OF429.8  -19.896    0.00 9.1485     0.00    0.00    0.00    0.00    0.00
OF433.1  -19.851    0.00 9.1499     0.00    0.00    0.00    0.00    0.00
OF436.4  -19.807    0.00 9.151      0.00    0.00    0.00    0.00    0.00
OF439.6  -19.762    0.00 9.1524     0.00    0.00    0.00    0.00    0.00
OF442.9  -19.718    0.00 9.1539     0.00    0.00    0.00    0.00    0.00
OF446.2  -19.673    0.00 9.155      0.00    0.00    0.00    0.00    0.00
OF449.5  -19.629    0.00 9.1564     0.00    0.00    0.00    0.00    0.00
OF452.8  -19.584    0.00 9.1579     0.00    0.00    0.00    0.00    0.00
OF456.0  -19.540    0.00 9.159      0.00    0.00    0.00    0.00    0.00
OF459.3  -19.495    0.00 9.1604     0.00    0.00    0.00    0.00    0.00
OF462.6  -19.451    0.00 9.1619     0.00    0.00    0.00    0.00    0.00
OF465.9  -19.406    0.00 9.163      0.00    0.00    0.00    0.00    0.00
OF469.2  -19.362    0.00 9.1645     0.00    0.00    0.00    0.00    0.00
OF472.4  -19.317    0.00 9.1657     0.00    0.00    0.00    0.00    0.00
OF475.7  -19.270    0.00 9.1672     0.00    0.00    0.00    0.00    0.00
OF479.0  -19.218    0.00 9.1683     0.00    0.00    0.00    0.00    0.00
OF482.3  -19.165    0.00 9.1698     0.00    0.00    0.00    0.00    0.00
OF485.6  -19.113    0.00 9.171      0.00    0.00    0.00    0.00    0.00
OF488.8  -19.061    0.00 9.1725     0.00    0.00    0.00    0.00    0.00
OF492.1  -19.009    0.00 9.1737     0.00    0.00    0.00    0.00    0.00
OF495.4  -18.956    0.00 9.1749     0.00    0.00    0.00    0.00    0.00
OF498.7  -18.904    0.00 9.1765     0.00    0.00    0.00    0.00    0.00
OF502.0  -18.852    0.00 9.1777     0.00    0.00    0.00    0.00    0.00
OF505.2  -18.8      0.00 9.1792     0.00    0.00    0.00    0.00    0.00
OF508.5  -18.734    0.00 9.1804     0.00    0.00    0.00    0.00    0.00
OF511.8  -18.653    0.00 9.1814     0.00    0.00    0.00    0.00    0.00
OF515.1  -18.572    0.00 9.1826     0.00    0.00    0.00    0.00    0.00
OF518.4  -18.491    0.00 9.1835     0.00    0.00    0.00    0.00    0.00
OF521.7  -18.410    0.00 9.1848     0.00    0.00    0.00    0.00    0.00
OF524.9  -18.329    0.00 9.1857     0.00    0.00    0.00    0.00    0.00
OF528.2  -18.248    0.00 9.1871     0.00    0.00    0.00    0.00    0.00
OF531.5  -18.167    0.00 9.1881     0.00    0.00    0.00    0.00    0.00
OF534.8  -18.085    0.00 9.1895     0.00    0.00    0.00    0.00    0.00
OF538.1  -18.004    0.00 9.1905     0.00    0.00    0.00    0.00    0.00
OF541.3  -17.923    0.00 9.1919     0.00    0.00    0.00    0.00    0.00
OF544.6  -17.842    0.00 9.1934     0.00    0.00    0.00    0.00    0.00
OF547.9  -17.761    0.00 9.1945     0.00    0.00    0.00    0.00    0.00
OF551.2  -17.680    0.00 9.1959     0.00    0.00    0.00    0.00    0.00
OF554.5  -17.599    0.00 9.1971     0.00    0.00    0.00    0.00    0.00
OF557.7  -17.518    0.00 9.1985     0.00    0.00    0.00    0.00    0.00
OF561.0  -17.437    0.00 9.1997     0.00    0.00    0.00    0.00    0.00
OF564.3  -17.356    0.00 9.2012     0.00    0.00    0.00    0.00    0.00
OF567.6  -17.275    0.00 9.2023     0.00    0.00    0.00    0.00    0.00
OF570.9  -17.195    0.00 9.2039     0.00    0.00    0.00    0.00    0.00
OF574.1  -17.115    0.00 9.2051     0.00    0.00    0.00    0.00    0.00
OF577.4  -17.035    0.00 9.2066     0.00    0.00    0.00    0.00    0.00
OF580.7  -16.956    0.00 9.2079     0.00    0.00    0.00    0.00    0.00
OF584.0  -16.876    0.00 9.2095     0.00    0.00    0.00    0.00    0.00
OF587.3  -16.796    0.00 9.2111     0.00    0.00    0.00    0.00    0.00
OF590.5  -16.716    0.00 9.2124     0.00    0.00    0.00    0.00    0.00
OF593.8  -16.636    0.00 9.214      0.00    0.00    0.00    0.00    0.00
OF597.1  -16.556    0.00 9.2153     0.00    0.00    0.00    0.00    0.00
OF600.4  -16.477    0.00 9.217      0.00    0.00    0.00    0.00    0.00
OF603.7  -16.398    0.00 9.2184     0.00    0.00    0.00    0.00    0.00
OF607.0  -16.330    0.00 9.2201     0.00    0.00    0.00    0.00    0.00
OF610.2  -16.263    0.00 9.2219     0.00    0.00    0.00    0.00    0.00
OF613.5  -16.195    0.00 9.2236     0.00    0.00    0.00    0.00    0.00
OF616.8  -16.127    0.00 9.2254     0.00    0.00    0.00    0.00    0.00
OF620.1  -16.060    0.00 9.2272     0.00    0.00    0.00    0.00    0.00
OF623.4  -15.992    0.00 9.229      0.00    0.00    0.00    0.00    0.00
OF626.6  -15.924    0.00 9.2308     0.00    0.00    0.00    0.00    0.00
OF629.9  -15.857    0.00 9.2326     0.00    0.00    0.00    0.00    0.00
OF633.2  -15.789    0.00 9.2344     0.00    0.00    0.00    0.00    0.00
OF636.5  -15.722    0.00 9.2362     0.00    0.00    0.00    0.00    0.00
OF639.8  -15.654    0.00 9.238      0.00    0.00    0.00    0.00    0.00
OF643.0  -15.583    0.00 9.2398     0.00    0.00    0.00    0.00    0.00
OF646.3  -15.505    0.00 9.2413     0.00    0.00    0.00    0.00    0.00
OF649.6  -15.427    0.00 9.2432     0.00    0.00    0.00    0.00    0.00
OF652.9  -15.349    0.00 9.245      0.00    0.00    0.00    0.00    0.00
OF656.2  -15.271    0.00 9.2465     0.00    0.00    0.00    0.00    0.00
OF659.4  -15.193    0.00 9.2484     0.00    0.00    0.00    0.00    0.00
OF662.7  -15.116    0.00 9.25       0.00    0.00    0.00    0.00    0.00
OF666.0  -15.038    0.00 9.2519     0.00    0.00    0.00    0.00    0.00
OF669.3  -14.960    0.00 9.2539     0.00    0.00    0.00    0.00    0.00
OF672.6  -14.882    0.00 9.2555     0.00    0.00    0.00    0.00    0.00
OF675.9  -14.804    0.00 9.2576     0.00    0.00    0.00    0.00    0.00
OF679.1  -14.726    0.00 9.2596     0.00    0.00    0.00    0.00    0.00
OF682.4  -14.649    0.00 9.2613     0.00    0.00    0.00    0.00    0.00
OF685.7  -14.571    0.00 9.2634     0.00    0.00    0.00    0.00    0.00
OF689.0  -14.493    0.00 9.2651     0.00    0.00    0.00    0.00    0.00
OF692.3  -14.415    0.00 9.2673     0.00    0.00    0.00    0.00    0.00
OF695.5  -14.337    0.00 9.2694     0.00    0.00    0.00    0.00    0.00
OF698.8  -14.259    0.00 9.2712     0.00    0.00    0.00    0.00    0.00
OF702.1  -14.181    0.00 9.2734     0.00    0.00    0.00    0.00    0.00
OF705.4  -14.104    0.00 9.2755     0.00    0.00    0.00    0.00    0.00
OF708.7  -14.031    0.00 9.2774     0.00    0.00    0.00    0.00    0.00
OF711.9  -13.962    0.00 9.2796     0.00    0.00    0.00    0.00    0.00
OF715.2  -13.893    0.00 9.2818     0.00    0.00    0.00    0.00    0.00
OF718.5  -13.823    0.00 9.284      0.00    0.00    0.00    0.00    0.00
OF721.8  -13.754    0.00 9.2863     0.00    0.00    0.00    0.00    0.00
OF725.1  -13.685    0.00 9.2885     0.00    0.00    0.00    0.00    0.00
OF728.3  -13.615    0.00 9.2908     0.00    0.00    0.00    0.00    0.00
OF731.6  -13.546    0.00 9.2931     0.00    0.00    0.00    0.00    0.00
OF734.9  -13.477    0.00 9.2951     0.00    0.00    0.00    0.00    0.00
OF738.2  -13.407    0.00 9.2974     0.00    0.00    0.00    0.00    0.00
OF741.5  -13.338    0.00 9.2998     0.00    0.00    0.00    0.00    0.00
OF744.7  -13.268    0.00 9.3023     0.00    0.00    0.00    0.00    0.00
OF748.0  -13.199    0.00 9.3047     0.00    0.00    0.00    0.00    0.00
OF751.3  -13.129    0.00 9.3071     0.00    0.00    0.00    0.00    0.00
OF754.6  -13.060    0.00 9.3096     0.00    0.00    0.00    0.00    0.00
OF757.9  -12.990    0.00 9.3121     0.00    0.00    0.00    0.00    0.00
OF761.2  -12.921    0.00 9.3146     0.00    0.00    0.00    0.00    0.00
OF764.4  -12.851    0.00 9.3167     0.00    0.00    0.00    0.00    0.00
OF767.7  -12.782    0.00 9.3193     0.00    0.00    0.00    0.00    0.00
OF771.0  -12.712    0.00 9.3218     0.00    0.00    0.00    0.00    0.00
OF774.3  -12.643    0.00 9.3244     0.00    0.00    0.00    0.00    0.00
OF777.6  -12.573    0.00 9.327      0.00    0.00    0.00    0.00    0.00
OF780.8  -12.504    0.00 9.3296     0.00    0.00    0.00    0.00    0.00
OF784.1  -12.434    0.00 9.3321     0.00    0.00    0.00    0.00    0.00
OF787.4  -12.365    0.00 9.3347     0.00    0.00    0.00    0.00    0.00
OF790.7  -12.295    0.00 9.337      0.00    0.00    0.00    0.00    0.00
OF794.0  -12.226    0.00 9.3396     0.00    0.00    0.00    0.00    0.00
OF797.2  -12.156    0.00 9.3422     0.00    0.00    0.00    0.00    0.00
OF800.5  -12.087    0.00 9.3449     0.00    0.00    0.00    0.00    0.00
OF803.8  -12.017    0.00 9.3476     0.00    0.00    0.00    0.00    0.00
OF807.1  -11.948    0.00 9.3502     0.00    0.00    0.00    0.00    0.00
OF810.4  -11.878    0.00 9.3529     0.00    0.00    0.00    0.00    0.00
OF813.6  -11.811    0.00 9.3556     0.00    0.00    0.00    0.00    0.00
OF816.9  -11.745    0.00 9.3582     0.00    0.00    0.00    0.00    0.00
OF820.2  -11.678    0.00 9.3609     0.00    0.00    0.00    0.00    0.00
OF823.5  -11.612    0.00 9.3636     0.00    0.00    0.00    0.00    0.00
OF826.8  -11.546    0.00 9.3663     0.00    0.00    0.00    0.00    0.00
OF830.1  -11.479    0.00 9.3689     0.00    0.00    0.00    0.00    0.00
OF833.3  -11.413    0.00 9.3716     0.00    0.00    0.00    0.00    0.00
OF836.6  -11.346    0.00 9.3743     0.00    0.00    0.00    0.00    0.00
OF839.9  -11.280    0.00 9.3766     0.00    0.00    0.00    0.00    0.00
OF843.2  -11.214    0.00 9.3793     0.00    0.00    0.00    0.00    0.00
OF846.5  -11.147    0.00 9.382      0.00    0.00    0.00    0.00    0.00
OF849.7  -11.081    0.00 9.3847     0.00    0.00    0.00    0.00    0.00
OF853.0  -11.015    0.00 9.3875     0.00    0.00    0.00    0.00    0.00
OF856.3  -10.948    0.00 9.3902     0.00    0.00    0.00    0.00    0.00
OF859.6  -10.881    0.00 9.3929     0.00    0.00    0.00    0.00    0.00
OF862.9  -10.804    0.00 9.3956     0.00    0.00    0.00    0.00    0.00
OF866.1  -10.725    0.00 9.3983     0.00    0.00    0.00    0.00    0.00
OF869.4  -10.647    0.00 9.4006     0.00    0.00    0.00    0.00    0.00
OF872.7  -10.568    0.00 9.4034     0.00    0.00    0.00    0.00    0.00
OF876.0  -10.490    0.00 9.4058     0.00    0.00    0.00    0.00    0.00
OF879.3  -10.412    0.00 9.4085     0.00    0.00    0.00    0.00    0.00
OF882.5  -10.333    0.00 9.4113     0.00    0.00    0.00    0.00    0.00
OF885.8  -10.255    0.00 9.4137     0.00    0.00    0.00    0.00    0.00
OF889.1  -10.177    0.00 9.4165     0.00    0.00    0.00    0.00    0.00
OF892.4  -10.098    0.00 9.419      0.00    0.00    0.00    0.00    0.00
OF895.7  -10.020    0.00 9.4218     0.00    0.00    0.00    0.00    0.00
OF898.9  -9.942     0.00 9.4246     0.00    0.00    0.00    0.00    0.00
OF902.2  -9.8636    0.00 9.4271     0.00    0.00    0.00    0.00    0.00
OF905.5  -9.7852    0.00 9.43       0.00    0.00    0.00    0.00    0.00
OF908.8  -9.7068    0.00 9.4328     0.00    0.00    0.00    0.00    0.00
OF912.1  -9.6303    0.00 9.4353     0.00    0.00    0.00    0.00    0.00
OF915.4  -9.5579    0.00 9.4382     0.00    0.00    0.00    0.00    0.00
OF918.6  -9.4856    0.00 9.4411     0.00    0.00    0.00    0.00    0.00
OF921.9  -9.4133    0.00 9.444      0.00    0.00    0.00    0.00    0.00
OF925.2  -9.3409    0.00 9.4466     0.00    0.00    0.00    0.00    0.00
OF928.5  -9.2686    0.00 9.4495     0.00    0.00    0.00    0.00    0.00
OF931.8  -9.1962    0.00 9.4524     0.00    0.00    0.00    0.00    0.00
OF935.0  -9.1238    0.00 9.4553     0.00    0.00    0.00    0.00    0.00
OF938.3  -9.0515    0.00 9.4582     0.00    0.00    0.00    0.00    0.00
OF941.6  -8.9791    0.00 9.4607     0.00    0.00    0.00    0.00    0.00
OF944.9  -8.9069    0.00 9.4636     0.00    0.00    0.00    0.00    0.00
OF948.2  -8.8345    0.00 9.4665     0.00    0.00    0.00    0.00    0.00
OF951.4  -8.7621    0.00 9.4695     0.00    0.00    0.00    0.00    0.00
OF954.7  -8.6898    0.00 9.4724     0.00    0.00    0.00    0.00    0.00
OF958.0  -8.6174    0.00 9.4749     0.00    0.00    0.00    0.00    0.00
OF961.3  -8.5451    0.00 9.4778     0.00    0.00    0.00    0.00    0.00
OF964.6  -8.476     0.00 9.4807     0.00    0.00    0.00    0.00    0.00
OF967.8  -8.4075    0.00 9.4837     0.00    0.00    0.00    0.00    0.00
OF971.1  -8.3391    0.00 9.4866     0.00    0.00    0.00    0.00    0.00
OF974.4  -8.2707    0.00 9.4895     0.00    0.00    0.00    0.00    0.00
OF977.7  -8.2023    0.00 9.4924     0.00    0.00    0.00    0.00    0.00
OF981.0  -8.1339    0.00 9.4953     0.00    0.00    0.00    0.00    0.00
OF984.2  -8.0655    0.00 9.4982     0.00    0.00    0.00    0.00    0.00
OF987.5  -7.9971    0.00 9.5007     0.00    0.00    0.00    0.00    0.00
OF990.8  -7.9287    0.00 9.5036     0.00    0.00    0.00    0.00    0.00
OF994.1  -7.8603    0.00 9.5065     0.00    0.00    0.00    0.00    0.00
OF997.4  -7.7919    0.00 9.5094     0.00    0.00    0.00    0.00    0.00
OF1000.7 -7.7235    0.00 9.5123     0.00    0.00    0.00    0.00    0.00
OF1003.9 -7.6551    0.00 9.5152     0.00    0.00    0.00    0.00    0.00
OF1007.2 -7.5867    0.00 9.5181     0.00    0.00    0.00    0.00    0.00
OF1010.5 -7.5146    0.00 9.5209     0.00    0.00    0.00    0.00    0.00
OF1013.8 -7.4275    0.00 9.5234     0.00    0.00    0.00    0.00    0.00
OF1017.1 -7.3404    0.00 9.5259     0.00    0.00    0.00    0.00    0.00
OF1020.3 -7.2532    0.00 9.5289     0.00    0.00    0.00    0.00    0.00
OF1023.6 -7.1662    0.00 9.5314     0.00    0.00    0.00    0.00    0.00
OF1026.9 -7.0791    0.00 9.534      0.00    0.00    0.00    0.00    0.00
OF1030.2 -6.992     0.00 9.537      0.00    0.00    0.00    0.00    0.00
OF1033.5 -6.9049    0.00 9.5396     0.00    0.00    0.00    0.00    0.00
OF1036.7 -6.8178    0.00 9.5423     0.00    0.00    0.00    0.00    0.00
OF1040.0 -6.7307    0.00 9.5453     0.00    0.00    0.00    0.00    0.00
OF1043.3 -6.6436    0.00 9.548      0.00    0.00    0.00    0.00    0.00
OF1046.6 -6.5565    0.00 9.5511     0.00    0.00    0.00    0.00    0.00
OF1049.9 -6.4694    0.00 9.5539     0.00    0.00    0.00    0.00    0.00
OF1053.1 -6.3823    0.00 9.5566     0.00    0.00    0.00    0.00    0.00
OF1056.4 -6.2952    0.00 9.5597     0.00    0.00    0.00    0.00    0.00
OF1059.7 -6.2081    0.00 9.5625     0.00    0.00    0.00    0.00    0.00
OF1063.0 -6.121     0.00 9.5652     0.00    0.00    0.00    0.00    0.00
OF1066.3 -6.0339    0.00 9.5684     0.00    0.00    0.00    0.00    0.00
OF1069.6 -5.9468    0.00 9.5713     0.00    0.00    0.00    0.00    0.00
OF1072.8 -5.8597    0.00 9.5741     0.00    0.00    0.00    0.00    0.00
OF1076.1 -5.7726    0.00 9.5774     0.00    0.00    0.00    0.00    0.00
OF1079.4 -5.6945    0.00 9.5803     0.00    0.00    0.00    0.00    0.00
OF1082.7 -5.6282    0.00 9.5836     0.00    0.00    0.00    0.00    0.00
OF1086.0 -5.5618    0.00 9.5869     0.00    0.00    0.00    0.00    0.00
OF1089.2 -5.4954    0.00 9.5902     0.00    0.00    0.00    0.00    0.00
OF1092.5 -5.4291    0.00 9.5935     0.00    0.00    0.00    0.00    0.00
OF1095.8 -5.3627    0.00 9.5967     0.00    0.00    0.00    0.00    0.00
OF1099.1 -5.2964    0.00 9.6        0.00    0.00    0.00    0.00    0.00
OF1102.4 -5.23      0.00 9.6033     0.00    0.00    0.00    0.00    0.00
OF1105.6 -5.1636    0.00 9.6065     0.00    0.00    0.00    0.00    0.00
OF1108.9 -5.0973    0.00 9.6098     0.00    0.00    0.00    0.00    0.00
OF1112.2 -5.0571    0.00 9.6133     0.00    0.00    0.00    0.00    0.00
OF1115.5 -5.0431    0.00 9.6168     0.00    0.00    0.00    0.00    0.00
OF1118.8 -5.0291    0.00 9.6206     0.00    0.00    0.00    0.00    0.00
OF1122.0 -5.0152    0.00 9.6243     0.00    0.00    0.00    0.00    0.00
OF1125.3 -5.0012    0.00 9.6276     0.00    0.00    0.00    0.00    0.00
OF1128.6 -4.9872    0.00 9.6311     0.00    0.00    0.00    0.00    0.00
OF1131.9 -4.9733    0.00 9.6341     0.00    0.00    0.00    0.00    0.00
OF1135.2 -4.9593    0.00 9.6375     0.00    0.00    0.00    0.00    0.00
OF1138.4 -4.9453    0.00 9.6404     0.00    0.00    0.00    0.00    0.00
OF1141.7 -4.9314    0.00 9.6436     0.00    0.00    0.00    0.00    0.00
OF1145.0 -4.9174    0.00 9.6466     0.00    0.00    0.00    0.00    0.00
OF1148.3 -4.9034    0.00 9.6493     0.00    0.00    0.00    0.00    0.00
OF1151.6 -4.8895    0.00 9.6522     0.00    0.00    0.00    0.00    0.00
OF1154.9 -4.8755    0.00 9.6548     0.00    0.00    0.00    0.00    0.00
OF1158.1 -4.8615    0.00 9.6576     0.00    0.00    0.00    0.00    0.00
OF1161.4 -4.8476    0.00 9.66       0.00    0.00    0.00    0.00    0.00
OF1164.7 -4.8336    0.00 9.6627     0.00    0.00    0.00    0.00    0.00
OF1168.0 -4.8197    0.00 9.6653     0.00    0.00    0.00    0.00    0.00
OF1171.3 -4.8057    0.00 9.6675     0.00    0.00    0.00    0.00    0.00
OF1174.5 -4.7917    0.00 9.67       0.00    0.00    0.00    0.00    0.00
OF1177.8 -4.7777    0.00 9.6722     0.00    0.00    0.00    0.00    0.00
OF1181.1 -4.7638    0.00 9.6746     0.00    0.00    0.00    0.00    0.00
OF1184.4 -4.7498    0.00 9.6766     0.00    0.00    0.00    0.00    0.00
OF1187.7 -4.7358    0.00 9.679      0.00    0.00    0.00    0.00    0.00
OF1190.9 -4.7219    0.00 9.6812     0.00    0.00    0.00    0.00    0.00
OF1194.2 -4.7079    0.00 9.6831     0.00    0.00    0.00    0.00    0.00
OF1197.5 -4.6939    0.00 9.6853     0.00    0.00    0.00    0.00    0.00
OF1200.8 -4.68      0.00 9.6872     0.00    0.00    0.00    0.00    0.00
OF1204.1 -4.666     0.00 9.6893     0.00    0.00    0.00    0.00    0.00
OF1207.3 -4.652     0.00 9.691      0.00    0.00    0.00    0.00    0.00
OF1210.6 -4.6381    0.00 9.6931     0.00    0.00    0.00    0.00    0.00
OF1213.9 -4.627     0.00 9.695      0.00    0.00    0.00    0.00    0.00
OF1217.2 -4.5788    0.00 9.6964     0.00    0.00    0.00    0.00    0.00
OF1220.5 -4.5249    0.00 9.6981     0.00    0.00    0.00    0.00    0.00
OF1223.8 -4.4711    0.00 9.6994     0.00    0.00    0.00    0.00    0.00
OF1227.0 -4.4165    0.00 9.7008     0.00    0.00    0.00    0.00    0.00
OF1230.3 -4.3618    0.00 9.7025     0.00    0.00    0.00    0.00    0.00
OF1233.6 -4.3071    0.00 9.7039     0.00    0.00    0.00    0.00    0.00
OF1236.9 -4.2525    0.00 9.7053     0.00    0.00    0.00    0.00    0.00
OF1240.2 -4.1978    0.00 9.707      0.00    0.00    0.00    0.00    0.00
OF1243.4 -4.1432    0.00 9.7084     0.00    0.00    0.00    0.00    0.00
OF1246.7 -4.0885    0.00 9.7099     0.00    0.00    0.00    0.00    0.00
OF1250.0 -4.0338    0.00 9.7116     0.00    0.00    0.00    0.00    0.00
OF1253.3 -3.9792    0.00 9.7131     0.00    0.00    0.00    0.00    0.00
OF1256.6 -3.9245    0.00 9.7145     0.00    0.00    0.00    0.00    0.00
OF1259.8 -3.8699    0.00 9.7163     0.00    0.00    0.00    0.00    0.00
OF1263.1 -3.8152    0.00 9.7178     0.00    0.00    0.00    0.00    0.00
OF1266.4 -3.7606    0.00 9.7193     0.00    0.00    0.00    0.00    0.00
OF1269.7 -3.7059    0.00 9.7211     0.00    0.00    0.00    0.00    0.00
OF1273.0 -3.6513    0.00 9.7226     0.00    0.00    0.00    0.00    0.00
OF1276.2 -3.5966    0.00 9.7241     0.00    0.00    0.00    0.00    0.00
OF1279.5 -3.542     0.00 9.7259     0.00    0.00    0.00    0.00    0.00
OF1282.8 -3.4873    0.00 9.7275     0.00    0.00    0.00    0.00    0.00
OF1286.1 -3.4327    0.00 9.729      0.00    0.00    0.00    0.00    0.00
OF1289.4 -3.378     0.00 9.7309     0.00    0.00    0.00    0.00    0.00
OF1292.6 -3.3233    0.00 9.7324     0.00    0.00    0.00    0.00    0.00
OF1295.9 -3.2687    0.00 9.734      0.00    0.00    0.00    0.00    0.00
OF1299.2 -3.214     0.00 9.7359     0.00    0.00    0.00    0.00    0.00
OF1302.5 -3.1594    0.00 9.7374     0.00    0.00    0.00    0.00    0.00
OF1305.8 -3.1047    0.00 9.739      0.00    0.00    0.00    0.00    0.00
OF1309.1 -3.05      0.00 9.7409     0.00    0.00    0.00    0.00    0.00
OF1312.3 -2.9954    0.00 9.7425     0.00    0.00    0.00    0.00    0.00
OF1315.6 -2.9407    0.00 9.7441     0.00    0.00    0.00    0.00    0.00
OF1318.9 -2.8858    0.00 9.7461     0.00    0.00    0.00    0.00    0.00
OF1322.2 -2.83      0.00 9.7477     0.00    0.00    0.00    0.00    0.00
OF1325.5 -2.7743    0.00 9.7493     0.00    0.00    0.00    0.00    0.00
OF1328.7 -2.7186    0.00 9.7513     0.00    0.00    0.00    0.00    0.00
OF1332.0 -2.6629    0.00 9.7529     0.00    0.00    0.00    0.00    0.00
OF1335.3 -2.6072    0.00 9.7546     0.00    0.00    0.00    0.00    0.00
OF1338.6 -2.5515    0.00 9.7563     0.00    0.00    0.00    0.00    0.00
OF1341.9 -2.4958    0.00 9.7583     0.00    0.00    0.00    0.00    0.00
OF1345.1 -2.4401    0.00 9.76       0.00    0.00    0.00    0.00    0.00
OF1348.4 -2.3844    0.00 9.7617     0.00    0.00    0.00    0.00    0.00
OF1351.7 -2.3287    0.00 9.7637     0.00    0.00    0.00    0.00    0.00
OF1355.0 -2.273     0.00 9.7654     0.00    0.00    0.00    0.00    0.00
OF1358.3 -2.2172    0.00 9.7671     0.00    0.00    0.00    0.00    0.00
OF1361.5 -2.1616    0.00 9.7692     0.00    0.00    0.00    0.00    0.00
OF1364.8 -2.1058    0.00 9.7709     0.00    0.00    0.00    0.00    0.00
OF1368.1 -2.0501    0.00 9.7726     0.00    0.00    0.00    0.00    0.00
OF1371.4 -1.9944    0.00 9.7744     0.00    0.00    0.00    0.00    0.00
OF1374.7 -1.9387    0.00 9.7765     0.00    0.00    0.00    0.00    0.00
OF1377.9 -1.883     0.00 9.7783     0.00    0.00    0.00    0.00    0.00
OF1381.2 -1.8272    0.00 9.7801     0.00    0.00    0.00    0.00    0.00
OF1384.5 -1.7706    0.00 9.7822     0.00    0.00    0.00    0.00    0.00
OF1387.8 -1.714     0.00 9.784      0.00    0.00    0.00    0.00    0.00
OF1391.1 -1.6574    0.00 9.7858     0.00    0.00    0.00    0.00    0.00
OF1394.4 -1.6009    0.00 9.7876     0.00    0.00    0.00    0.00    0.00
OF1397.6 -1.5443    0.00 9.7898     0.00    0.00    0.00    0.00    0.00
OF1400.9 -1.4876    0.00 9.7916     0.00    0.00    0.00    0.00    0.00
OF1404.2 -1.433     0.00 9.7934     0.00    0.00    0.00    0.00    0.00
OF1407.5 -1.3857    0.00 9.7956     0.00    0.00    0.00    0.00    0.00
OF1410.8 -1.3384    0.00 9.7975     0.00    0.00    0.00    0.00    0.00
OF1414.0 -1.2912    0.00 9.7997     0.00    0.00    0.00    0.00    0.00
OF1417.3 -1.2439    0.00 9.8018     0.00    0.00    0.00    0.00    0.00
OF1420.6 -1.1967    0.00 9.8036     0.00    0.00    0.00    0.00    0.00
OF1423.9 -1.1494    0.00 9.8058     0.00    0.00    0.00    0.00    0.00
OF1427.2 -1.1022    0.00 9.8076     0.00    0.00    0.00    0.00    0.00
OF1430.4 -1.0549    0.00 9.8098     0.00    0.00    0.00    0.00    0.00
OF1433.7 -1.0076    0.00 9.8116     0.00    0.00    0.00    0.00    0.00
OF1437.0 -0.9603    0.00 9.8137     0.00    0.00    0.00    0.00    0.00
OF1440.3 -0.9129    0.00 9.8155     0.00    0.00    0.00    0.00    0.00
OF1443.6 -0.8654    0.00 9.8177     0.00    0.00    0.00    0.00    0.00
OF1446.8 -0.8179    0.00 9.8198     0.00    0.00    0.00    0.00    0.00
OF1450.1 -0.7705    0.00 9.8216     0.00    0.00    0.00    0.00    0.00
OF1453.4 -0.7230    0.00 9.8237     0.00    0.00    0.00    0.00    0.00
OF1456.7 -0.6755    0.00 9.8255     0.00    0.00    0.00    0.00    0.00
OF1460.0 -0.6281    0.00 9.8276     0.00    0.00    0.00    0.00    0.00
OF1463.3 -0.5806    0.00 9.8293     0.00    0.00    0.00    0.00    0.00
OF1466.5 -0.5331    0.00 9.8315     0.00    0.00    0.00    0.00    0.00
OF1469.8 -0.4857    0.00 9.8332     0.00    0.00    0.00    0.00    0.00
OF1473.1 -0.4382    0.00 9.8353     0.00    0.00    0.00    0.00    0.00
OF1476.4 -0.3908    0.00 9.8374     0.00    0.00    0.00    0.00    0.00
OF1479.7 -0.3433    0.00 9.8392     0.00    0.00    0.00    0.00    0.00
OF1482.9 -0.2958    0.00 9.8413     0.00    0.00    0.00    0.00    0.00
OF1486.2 -0.2406    0.00 9.843      0.00    0.00    0.00    0.00    0.00
OF1489.5 -0.1824    0.00 9.8447     0.00    0.00    0.00    0.00    0.00
OF1492.8 -0.1243    0.00 9.8465     0.00    0.00    0.00    0.00    0.00
OF1496.1 -0.0661    0.00 9.8487     0.00    0.00    0.00    0.00    0.00
IF1499.3 0.05784    0.00 9.8497     0.00    0.00    0.00    0.00    0.00
IF1502.6 0.31567    0.00 9.8494     0.00    0.00    0.00    0.00    0.00
IF1505.9 0.29346    0.00 9.8529     0.00    0.00    0.00    0.00    0.00
IF1509.2 0.27062    0.00 9.8558     0.00    0.00    0.00    0.00    0.00
IF1512.5 0.30976    0.00 9.8582     0.00    0.00    0.00    0.00    0.00
IF1515.7 0.36625    0.00 9.8606     0.00    0.00    0.00    0.00    0.00
IF1519.0 0.43358    0.00 9.8622     0.00    0.00    0.00    0.00    0.00
IF1522.3 0.49686    0.00 9.8646     0.00    0.00    0.00    0.00    0.00
IF1525.6 0.54751    0.00 9.8666     0.00    0.00    0.00    0.00    0.00
IF1528.9 0.59817    0.00 9.8686     0.00    0.00    0.00    0.00    0.00
IF1532.1 0.6434     0.00 9.8711     0.00    0.00    0.00    0.00    0.00
IF1535.4 0.68327    0.00 9.8735     0.00    0.00    0.00    0.00    0.00
IF1538.7 0.72313    0.00 9.8758     0.00    0.00    0.00    0.00    0.00
IF1542.0 0.763      0.00 9.8777     0.00    0.00    0.00    0.00    0.00
IF1545.3 0.80756    0.00 9.8801     0.00    0.00    0.00    0.00    0.00
IF1548.6 0.85952    0.00 9.882      0.00    0.00    0.00    0.00    0.00
IF1551.8 0.91148    0.00 9.8843     0.00    0.00    0.00    0.00    0.00
IF1555.1 0.96345    0.00 9.8862     0.00    0.00    0.00    0.00    0.00
IF1558.4 1.0154     0.00 9.8885     0.00    0.00    0.00    0.00    0.00
IF1561.7 0.96896    0.00 9.8915     0.00    0.00    0.00    0.00    0.00
IF1565.0 0.91928    0.00 9.8947     0.00    0.00    0.00    0.00    0.00
IF1568.2 1.1148     0.00 9.8948     0.00    0.00    0.00    0.00    0.00
IF1571.5 1.3127     0.00 9.895      0.00    0.00    0.00    0.00    0.00
IF1574.8 1.3685     0.00 9.8971     0.00    0.00    0.00    0.00    0.00
IF1578.1 1.4243     0.00 9.8993     0.00    0.00    0.00    0.00    0.00
IF1581.4 1.4801     0.00 9.9018     0.00    0.00    0.00    0.00    0.00
IF1584.6 1.5359     0.00 9.904      0.00    0.00    0.00    0.00    0.00
IF1587.9 1.5804     0.00 9.9061     0.00    0.00    0.00    0.00    0.00
IF1591.2 1.6234     0.00 9.9087     0.00    0.00    0.00    0.00    0.00
IF1594.5 1.6665     0.00 9.9112     0.00    0.00    0.00    0.00    0.00
IF1597.8 1.7277     0.00 9.9133     0.00    0.00    0.00    0.00    0.00
IF1601.0 1.7888     0.00 9.9154     0.00    0.00    0.00    0.00    0.00
IF1604.3 1.8426     0.00 9.9179     0.00    0.00    0.00    0.00    0.00
IF1607.6 1.8965     0.00 9.92       0.00    0.00    0.00    0.00    0.00
IF1610.9 1.9766     0.00 9.9217     0.00    0.00    0.00    0.00    0.00
IF1614.2 2.0603     0.00 9.924      0.00    0.00    0.00    0.00    0.00
IF1617.5 2.1368     0.00 9.9262     0.00    0.00    0.00    0.00    0.00
IF1620.7 2.1675     0.00 9.9289     0.00    0.00    0.00    0.00    0.00
IF1624.0 2.1984     0.00 9.9315     0.00    0.00    0.00    0.00    0.00
IF1627.3 2.2617     0.00 9.9337     0.00    0.00    0.00    0.00    0.00
IF1630.6 2.325      0.00 9.9359     0.00    0.00    0.00    0.00    0.00
IF1633.9 2.3945     0.00 9.9381     0.00    0.00    0.00    0.00    0.00
IF1637.1 2.4728     0.00 9.94       0.00    0.00    0.00    0.00    0.00
IF1640.4 2.5223     0.00 9.9427     0.00    0.00    0.00    0.00    0.00
IF1643.7 2.5629     0.00 9.9455     0.00    0.00    0.00    0.00    0.00
IF1647.0 2.6262     0.00 9.9477     0.00    0.00    0.00    0.00    0.00
IF1650.3 2.6895     0.00 9.95       0.00    0.00    0.00    0.00    0.00
IF1653.5 2.7006     0.00 9.9527     0.00    0.00    0.00    0.00    0.00
IF1656.8 2.6827     0.00 9.9561     0.00    0.00    0.00    0.00    0.00
IF1660.1 2.876      0.00 9.9566     0.00    0.00    0.00    0.00    0.00
IF1663.4 2.9406     0.00 9.959      0.00    0.00    0.00    0.00    0.00
IF1666.7 2.9994     0.00 9.9614     0.00    0.00    0.00    0.00    0.00
IF1669.9 3.0568     0.00 9.9638     0.00    0.00    0.00    0.00    0.00
IF1673.2 3.1244     0.00 9.9663     0.00    0.00    0.00    0.00    0.00
IF1676.5 3.2013     0.00 9.9689     0.00    0.00    0.00    0.00    0.00
IF1679.8 3.2828     0.00 9.9714     0.00    0.00    0.00    0.00    0.00
IF1683.1 3.3714     0.00 9.9736     0.00    0.00    0.00    0.00    0.00
IF1686.3 3.4601     0.00 9.9759     0.00    0.00    0.00    0.00    0.00
IF1689.6 3.4432     0.00 9.98       0.00    0.00    0.00    0.00    0.00
IF1692.9 3.5016     0.00 9.9826     0.00    0.00    0.00    0.00    0.00
IF1696.2 3.6603     0.00 9.9839     0.00    0.00    0.00    0.00    0.00
IF1699.5 3.7372     0.00 9.9869     0.00    0.00    0.00    0.00    0.00
IF1702.8 3.8233     0.00 9.9894     0.00    0.00    0.00    0.00    0.00
IF1706.0 3.9175     0.00 9.9921     0.00    0.00    0.00    0.00    0.00
IF1709.3 4.0095     0.00 9.995      0.00    0.00    0.00    0.00    0.00
IF1712.6 4.0813     0.00 9.9984     0.00    0.00    0.00    0.00    0.00
IF1715.9 4.1482     0.00 10.0019    0.00    0.00    0.00    0.00    0.00
IF1719.2 4.205      0.00 10.0054    0.00    0.00    0.00    0.00    0.00
IF1722.4 4.3209     0.00 10.0085    0.00    0.00    0.00    0.00    0.00
IF1725.7 4.4369     0.00 10.0112    0.00    0.00    0.00    0.00    0.00
IF1729.0 4.5544     0.00 10.0147    0.00    0.00    0.00    0.00    0.00
IF1732.3 4.6718     0.00 10.0178    0.00    0.00    0.00    0.00    0.00
IF1735.6 4.7892     0.00 10.0218    0.00    0.00    0.00    0.00    0.00
IF1738.8 4.9066     0.00 10.0255    0.00    0.00    0.00    0.00    0.00
IF1742.1 5.0264     0.00 10.0295    0.00    0.00    0.00    0.00    0.00
IF1745.4 5.1977     0.00 10.0333    0.00    0.00    0.00    0.00    0.00
IF1748.7 5.3117     0.00 10.0388    0.00    0.00    0.00    0.00    0.00
IF1752.0 5.4257     0.00 10.0439    0.00    0.00    0.00    0.00    0.00
IF1755.2 5.549      0.00 10.05      0.00    0.00    0.00    0.00    0.00
IF1758.5 5.6806     0.00 10.0556    0.00    0.00    0.00    0.00    0.00
IF1761.8 5.8121     0.00 10.0618    0.00    0.00    0.00    0.00    0.00
IF1765.1 6.0437     0.00 10.0661    0.00    0.00    0.00    0.00    0.00
IF1768.4 6.1861     0.00 10.0745    0.00    0.00    0.00    0.00    0.00
IF1771.6 6.1651     0.00 10.0862    0.00    0.00    0.00    0.00    0.00
IF1774.9 6.4378     0.00 10.0908    0.00    0.00    0.00    0.00    0.00
IF1778.2 6.7035     0.00 10.0983    0.00    0.00    0.00    0.00    0.00
IF1781.5 6.8682     0.00 10.1105    0.00    0.00    0.00    0.00    0.00
IF1784.8 7.0328     0.00 10.1236    0.00    0.00    0.00    0.00    0.00
IF1788.1 7.1843     0.00 10.1381    0.00    0.00    0.00    0.00    0.00
IF1791.3 7.3213     0.00 10.1528    0.00    0.00    0.00    0.00    0.00
IF1794.6 7.4583     0.00 10.1669    0.00    0.00    0.00    0.00    0.00
IF1797.9 7.5961     0.00 10.1823    0.00    0.00    0.00    0.00    0.00
IF1801.2 7.7396     0.00 10.1976    0.00    0.00    0.00    0.00    0.00
IF1804.5 7.8831     0.00 10.2124    0.00    0.00    0.00    0.00    0.00
IF1807.7 8.0266     0.00 10.2311    0.00    0.00    0.00    0.00    0.00
IF1811.0 8.17       0.00 10.2495    0.00    0.00    0.00    0.00    0.00
IF1814.3 8.2816     0.00 10.2682    0.00    0.00    0.00    0.00    0.00
IF1817.6 8.3932     0.00 10.284     0.00    0.00    0.00    0.00    0.00
IF1820.9 8.5048     0.00 10.2993    0.00    0.00    0.00    0.00    0.00
IF1824.1 8.6165     0.00 10.3127    0.00    0.00    0.00    0.00    0.00
IF1827.4 8.7397     0.00 10.3247    0.00    0.00    0.00    0.00    0.00
IF1830.7 8.8643     0.00 10.3373    0.00    0.00    0.00    0.00    0.00
IF1834.0 8.989      0.00 10.3477    0.00    0.00    0.00    0.00    0.00
IF1843.0 9.4488     0.00 10.3477    0.00    0.00    0.00    0.00    0.00
IF1848.5 9.5801     0.00 10.3477    0.00    0.00    0.00    0.00    0.00
IF1857.0 10.3477    0.00 10.3477    0.00    0.00    0.00    0.00    0.00
AS2071.6 9.7268     0.00 9.7268     0.00    0.00    0.00    0.00    0.00
IF2073.5 9.4488     0.00 9.7268     0.00    0.00    0.00    0.00    0.00
IF2080.5 9.2192     0.00 9.7268     0.00    0.00    0.00    0.00    0.00
IF2088.5 9.7268     0.00 9.7268     0.00    0.00    0.00    0.00    0.00
AS2127.2 9.4274     0.00 9.4274     0.00    0.00    0.00    0.00    0.00
IF2142.5 8.4646     0.00 9.4274     0.00    0.00    0.00    0.00    0.00
IF2150.5 8.6286     0.00 9.4274     0.00    0.00    0.00    0.00    0.00
IF2164.0 8.7598     0.00 9.4274     0.00    0.00    0.00    0.00    0.00
IF2169.5 8.8255     0.00 9.4274     0.00    0.00    0.00    0.00    0.00
IF2179.6 9.4274     0.00 9.4274     0.00    0.00    0.00    0.00    0.00
AS2213.4 9.4274     0.00 9.4274     0.00    0.00    0.00    0.00    0.00
IF2234.0 7.1194     0.00 9.4274     0.00    0.00    0.00    0.00    0.00
IF2240.0 7.185      0.00 9.4274     0.00    0.00    0.00    0.00    0.00
IF2258.0 8.1693     0.00 9.4274     0.00    0.00    0.00    0.00    0.00
IF2265.5 8.5302     0.00 9.4274     0.00    0.00    0.00    0.00    0.00
IF2276.0 8.7598     0.00 9.4274     0.00    0.00    0.00    0.00    0.00
IF2286.8 9.4274     0.00 9.4274     0.00    0.00    0.00    0.00    0.00
AS2295.7 9.4274     0.00 9.4274     0.00    0.00    0.00    0.00    0.00
IF2296.5 9.3504     0.00 9.4274     0.00    0.00    0.00    0.00    0.00
IF2301.5 9.1207     0.00 9.4274     0.00    0.00    0.00    0.00    0.00
IF2305.2 9.4274     0.00 9.4274     0.00    0.00    0.00    0.00    0.00
AS2308.7 9.4274     0.00 9.4274     0.00    0.00    0.00    0.00    0.00
IF2314.0 9.0551     0.00 9.4274     0.00    0.00    0.00    0.00    0.00
IF2320.5 8.6286     0.00 9.4274     0.00    0.00    0.00    0.00    0.00
IF2336.0 7.3491     0.00 9.4274     0.00    0.00    0.00    0.00    0.00
IF2342.5 8.1693     0.00 9.4274     0.00    0.00    0.00    0.00    0.00
IF2355.9 9.4274     0.00 9.4274     0.00    0.00    0.00    0.00    0.00
AS2635.1 9.4237     0.00 9.4237     0.00    0.00    0.00    0.00    0.00
IF2773.5 1.378      0.00 9.4237     0.00    0.00    0.00    0.00    0.00
OF3052.0 -9.656     0.00 9.4272     0.00    0.00    0.00    0.00    0.00
OF3053.0 -9.7241    0.00 9.4272     0.00    0.00    0.00    0.00    0.00
OF3122.0 -10.722    0.00 9.4272     0.00    0.00    0.00    0.00    0.00
OF3123.0 -10.698    0.00 9.4272     0.00    0.00    0.00    0.00    0.00
OF3146.0 -10.141    0.00 9.4271     0.00    0.00    0.00    0.00    0.00
OF3147.0 -10.116    0.00 9.4271     0.00    0.00    0.00    0.00    0.00
OF3170.0 -9.5292    0.00 9.4271     0.00    0.00    0.00    0.00    0.00
OF3171.0 -9.5032    0.00 9.4271     0.00    0.00    0.00    0.00    0.00
OF3195.0 -8.8783    0.00 9.4271     0.00    0.00    0.00    0.00    0.00
OF3207.0 -8.5659    0.00 9.4271     0.00    0.00    0.00    0.00    0.00
OF3219.0 -7.7649    0.00 9.4272     0.00    0.00    0.00    0.00    0.00
OF3243.0 -5.8057    0.00 9.4273     0.00    0.00    0.00    0.00    0.00
OF3249.0 -5.2923    0.00 9.4273     0.00    0.00    0.00    0.00    0.00
OF3287.0 -2.0416    0.00 9.4275     0.00    0.00    0.00    0.00    0.00
OF3288.0 -1.9559    0.00 9.4275     0.00    0.00    0.00    0.00    0.00
OF3523.0 -12.014    0.00 9.431      0.00    0.00    0.00    0.00    0.00
OF3524.0 -12.014    0.00 9.431      0.00    0.00    0.00    0.00    0.00
OF3535.0 -11.984    0.00 9.4309     0.00    0.00    0.00    0.00    0.00
OF3536.0 -11.981    0.00 9.4309     0.00    0.00    0.00    0.00    0.00
OF3547.0 -11.949    0.00 9.4308     0.00    0.00    0.00    0.00    0.00
OF3548.0 -11.946    0.00 9.4308     0.00    0.00    0.00    0.00    0.00
OF3559.0 -11.914    0.00 9.4307     0.00    0.00    0.00    0.00    0.00
OF3560.0 -11.911    0.00 9.4306     0.00    0.00    0.00    0.00    0.00
OF3571.0 -11.879    0.00 9.4305     0.00    0.00    0.00    0.00    0.00
OF3572.0 -11.876    0.00 9.4305     0.00    0.00    0.00    0.00    0.00
OF3583.0 -11.844    0.00 9.4304     0.00    0.00    0.00    0.00    0.00
OF3584.0 -11.841    0.00 9.4304     0.00    0.00    0.00    0.00    0.00
OF3595.0 -11.809    0.00 9.4303     0.00    0.00    0.00    0.00    0.00
OF3596.0 -11.806    0.00 9.4303     0.00    0.00    0.00    0.00    0.00
OF3607.0 -11.491    0.00 9.4302     0.00    0.00    0.00    0.00    0.00
OF3608.0 -11.376    0.00 9.4302     0.00    0.00    0.00    0.00    0.00
OF3631.0 -8.7175    0.00 9.4302     0.00    0.00    0.00    0.00    0.00
OF3632.0 -8.6016    0.00 9.4302     0.00    0.00    0.00    0.00    0.00
OF3655.0 -6.5565    0.00 9.4302     0.00    0.00    0.00    0.00    0.00
OF3656.0 -6.4695    0.00 9.4302     0.00    0.00    0.00    0.00    0.00
IF3848.0 1.4108     0.00 9.4312     0.00    0.00    0.00    0.00    0.00
IF3863.0 2.4606     0.00 9.4319     0.00    0.00    0.00    0.00    0.00
IF3900.0 5.5118     0.00 9.433      0.00    0.00    0.00    0.00    0.00
IF3916.0 7.1522     0.00 9.433      0.00    0.00    0.00    0.00    0.00
IF3924.5 7.5131     0.00 9.433      0.00    0.00    0.00    0.00    0.00
IF3934.5 8.2021     0.00 9.433      0.00    0.00    0.00    0.00    0.00
IF3943.0 9.252      0.00 9.433      0.00    0.00    0.00    0.00    0.00
IF3948.5 9.433      0.00 9.433      0.00    0.00    0.00    0.00    0.00
AS4534.2 9.46       0.00 9.46       0.00    0.00    0.00    0.00    0.00
IF4553.5 6.6273     0.00 9.46       0.00    0.00    0.00    0.00    0.00
IF4576.5 5.3478     0.00 9.46       0.00    0.00    0.00    0.00    0.00
IF4584.5 5.2165     0.00 9.46       0.00    0.00    0.00    0.00    0.00
IF4605.0 5.0853     0.00 9.46       0.00    0.00    0.00    0.00    0.00
IF4614.0 4.9869     0.00 9.46       0.00    0.00    0.00    0.00    0.00
IF4656.5 4.5276     0.00 9.4601     0.00    0.00    0.00    0.00    0.00
IF4686.5 4.9869     0.00 9.4604     0.00    0.00    0.00    0.00    0.00
IF4705.5 5.0853     0.00 9.4605     0.00    0.00    0.00    0.00    0.00
IF4730.5 4.9213     0.00 9.4607     0.00    0.00    0.00    0.00    0.00
IF4738.0 4.9869     0.00 9.461      0.00    0.00    0.00    0.00    0.00
IF4765.0 4.9869     0.00 9.4622     0.00    0.00    0.00    0.00    0.00
IF4773.0 5.0525     0.00 9.4626     0.00    0.00    0.00    0.00    0.00
IF4795.5 5.0525     0.00 9.4636     0.00    0.00    0.00    0.00    0.00
IF4816.5 5.2165     0.00 9.4647     0.00    0.00    0.00    0.00    0.00
IF4822.0 5.1509     0.00 9.465      0.00    0.00    0.00    0.00    0.00
IF4856.0 5.1509     0.00 9.4666     0.00    0.00    0.00    0.00    0.00
IF4872.5 5.1509     0.00 9.4673     0.00    0.00    0.00    0.00    0.00
IF4892.0 5.2822     0.00 9.468      0.00    0.00    0.00    0.00    0.00
IF4899.5 5.1509     0.00 9.4683     0.00    0.00    0.00    0.00    0.00
IF4918.5 5.1509     0.00 9.469      0.00    0.00    0.00    0.00    0.00
OF5274.0 -2.0216    0.00 9.4753     0.00    0.00    0.00    0.00    0.00
IF5365.5 4.8228     0.00 9.4772     0.00    0.00    0.00    0.00    0.00
IF5372.0 5.0525     0.00 9.4777     0.00    0.00    0.00    0.00    0.00
IF5403.0 3.8714     0.00 9.4795     0.00    0.00    0.00    0.00    0.00
IF5426.5 4.1667     0.00 9.4799     0.00    0.00    0.00    0.00    0.00
IF5436.5 4.6916     0.00 9.4801     0.00    0.00    0.00    0.00    0.00
IF5457.5 4.626      0.00 9.4804     0.00    0.00    0.00    0.00    0.00
IF5486.0 5.0525     0.00 9.4807     0.00    0.00    0.00    0.00    0.00
IF5495.0 5.1509     0.00 9.4807     0.00    0.00    0.00    0.00    0.00
IF5527.0 4.9869     0.00 9.4813     0.00    0.00    0.00    0.00    0.00
IF5554.5 4.1667     0.00 9.4815     0.00    0.00    0.00    0.00    0.00
IF5567.5 5.2822     0.00 9.4815     0.00    0.00    0.00    0.00    0.00
IF5585.0 4.626      0.00 9.4816     0.00    0.00    0.00    0.00    0.00
IF5610.0 4.626      0.00 9.4818     0.00    0.00    0.00    0.00    0.00
IF5617.0 4.5604     0.00 9.482      0.00    0.00    0.00    0.00    0.00
IF5647.0 3.4121     0.00 9.4826     0.00    0.00    0.00    0.00    0.00
IF5690.0 4.3307     0.00 9.4837     0.00    0.00    0.00    0.00    0.00
IF5698.5 4.4619     0.00 9.4839     0.00    0.00    0.00    0.00    0.00
IF5793.0 0.95144    0.00 9.4847     0.00    0.00    0.00    0.00    0.00
IF5798.5 4.3307     0.00 9.485      0.00    0.00    0.00    0.00    0.00
IF5850.0 4.0026     0.00 9.4868     0.00    0.00    0.00    0.00    0.00
IF5856.0 4.7572     0.00 9.4868     0.00    0.00    0.00    0.00    0.00
IF5891.5 4.6916     0.00 9.4872     0.00    0.00    0.00    0.00    0.00
IF5894.5 4.5276     0.00 9.4872     0.00    0.00    0.00    0.00    0.00
IF5940.0 4.0026     0.00 9.4882     0.00    0.00    0.00    0.00    0.00
IF5950.5 4.9869     0.00 9.4884     0.00    0.00    0.00    0.00    0.00
IF5979.0 4.4619     0.00 9.489      0.00    0.00    0.00    0.00    0.00
IF5985.0 4.9869     0.00 9.4889     0.00    0.00    0.00    0.00    0.00
IF6011.5 5.2822     0.00 9.4879     0.00    0.00    0.00    0.00    0.00
IF6044.0 4.8556     0.00 9.4866     0.00    0.00    0.00    0.00    0.00
IF6049.5 4.9213     0.00 9.4864     0.00    0.00    0.00    0.00    0.00
IF6078.5 5.643      0.00 9.4853     0.00    0.00    0.00    0.00    0.00
IF6108.0 4.1667     0.00 9.4842     0.00    0.00    0.00    0.00    0.00
IF6115.5 4.4619     0.00 9.4839     0.00    0.00    0.00    0.00    0.00
IF6152.0 4.7572     0.00 9.4842     0.00    0.00    0.00    0.00    0.00
IF6158.5 5.1509     0.00 9.4844     0.00    0.00    0.00    0.00    0.00
IF6197.5 5.643      0.00 9.4853     0.00    0.00    0.00    0.00    0.00
IF6214.0 5.5774     0.00 9.4857     0.00    0.00    0.00    0.00    0.00
IF6234.0 5.2165     0.00 9.4862     0.00    0.00    0.00    0.00    0.00
IF6239.5 5.0525     0.00 9.4863     0.00    0.00    0.00    0.00    0.00
IF6262.5 5.0853     0.00 9.4869     0.00    0.00    0.00    0.00    0.00
IF6277.0 5.1509     0.00 9.4872     0.00    0.00    0.00    0.00    0.00
IF6310.0 5.0525     0.00 9.4878     0.00    0.00    0.00    0.00    0.00
IF6317.0 5.1509     0.00 9.4879     0.00    0.00    0.00    0.00    0.00
IF6336.5 5.2822     0.00 9.4883     0.00    0.00    0.00    0.00    0.00
IF6348.0 5.3478     0.00 9.4885     0.00    0.00    0.00    0.00    0.00
IF6382.5 6.168      0.00 9.4891     0.00    0.00    0.00    0.00    0.00
IF6391.5 5.0853     0.00 9.4892     0.00    0.00    0.00    0.00    0.00
IF6412.0 5.643      0.00 9.4895     0.00    0.00    0.00    0.00    0.00
IF6436.0 5.9055     0.00 9.4899     0.00    0.00    0.00    0.00    0.00
IF6441.5 6.168      0.00 9.4899     0.00    0.00    0.00    0.00    0.00
IF6486.5 7.71       0.00 9.4899     0.00    0.00    0.00    0.00    0.00
IF6495.5 8.8255     0.00 9.4899     0.00    0.00    0.00    0.00    0.00
IF6506.5 8.3661     0.00 9.4899     0.00    0.00    0.00    0.00    0.00
IF6517.0 9.4899     0.00 9.4899     0.00    0.00    0.00    0.00    0.00
PS START(374140.5339,4796901.8705)
PS END(372453.2837,4797977.6298)
ET
 
 
 
