header
IE0.0    -18.236       1       1 8.9627  23.6491 13.6257   56.14   56.14
OF78.7   -18.550    0.00 8.9645     0.00    0.00    0.00    0.00    0.00
OF82.0   -18.548    0.00 8.9663     0.00    0.00    0.00    0.00    0.00
OF85.3   -18.545    0.00 8.9678     0.00    0.00    0.00    0.00    0.00
OF88.6   -18.543    0.00 8.9696     0.00    0.00    0.00    0.00    0.00
OF91.9   -18.541    0.00 8.9714     0.00    0.00    0.00    0.00    0.00
OF95.1   -18.539    0.00 8.9731     0.00    0.00    0.00    0.00    0.00
OF98.4   -18.536    0.00 8.9749     0.00    0.00    0.00    0.00    0.00
OF101.7  -18.534    0.00 8.9766     0.00    0.00    0.00    0.00    0.00
OF105.0  -18.532    0.00 8.9784     0.00    0.00    0.00    0.00    0.00
OF108.3  -18.529    0.00 8.9801     0.00    0.00    0.00    0.00    0.00
OF111.5  -18.527    0.00 8.9818     0.00    0.00    0.00    0.00    0.00
OF114.8  -18.525    0.00 8.9834     0.00    0.00    0.00    0.00    0.00
OF118.1  -18.522    0.00 8.9851     0.00    0.00    0.00    0.00    0.00
OF121.4  -18.520    0.00 8.9868     0.00    0.00    0.00    0.00    0.00
OF124.7  -18.518    0.00 8.9884     0.00    0.00    0.00    0.00    0.00
OF128.0  -18.516    0.00 8.99       0.00    0.00    0.00    0.00    0.00
OF131.2  -18.513    0.00 8.9914     0.00    0.00    0.00    0.00    0.00
OF134.5  -18.511    0.00 8.993      0.00    0.00    0.00    0.00    0.00
OF137.8  -18.509    0.00 8.9946     0.00    0.00    0.00    0.00    0.00
OF141.1  -18.506    0.00 8.9961     0.00    0.00    0.00    0.00    0.00
OF144.4  -18.504    0.00 8.9977     0.00    0.00    0.00    0.00    0.00
OF147.6  -18.502    0.00 8.9992     0.00    0.00    0.00    0.00    0.00
OF150.9  -18.499    0.00 9.0008     0.00    0.00    0.00    0.00    0.00
OF154.2  -18.497    0.00 9.0023     0.00    0.00    0.00    0.00    0.00
OF157.5  -18.495    0.00 9.0038     0.00    0.00    0.00    0.00    0.00
OF160.8  -18.493    0.00 9.0053     0.00    0.00    0.00    0.00    0.00
OF164.0  -18.490    0.00 9.0067     0.00    0.00    0.00    0.00    0.00
OF167.3  -18.488    0.00 9.0082     0.00    0.00    0.00    0.00    0.00
OF170.6  -18.472    0.00 9.0094     0.00    0.00    0.00    0.00    0.00
OF173.9  -18.442    0.00 9.0106     0.00    0.00    0.00    0.00    0.00
OF177.2  -18.391    0.00 9.0118     0.00    0.00    0.00    0.00    0.00
OF180.4  -18.344    0.00 9.0127     0.00    0.00    0.00    0.00    0.00
OF183.7  -18.300    0.00 9.0139     0.00    0.00    0.00    0.00    0.00
OF187.0  -18.256    0.00 9.0151     0.00    0.00    0.00    0.00    0.00
OF190.3  -18.211    0.00 9.016      0.00    0.00    0.00    0.00    0.00
OF193.6  -18.167    0.00 9.0172     0.00    0.00    0.00    0.00    0.00
OF196.8  -18.123    0.00 9.0184     0.00    0.00    0.00    0.00    0.00
OF200.1  -18.078    0.00 9.0194     0.00    0.00    0.00    0.00    0.00
OF203.4  -18.034    0.00 9.0206     0.00    0.00    0.00    0.00    0.00
OF206.7  -17.990    0.00 9.0218     0.00    0.00    0.00    0.00    0.00
OF210.0  -17.946    0.00 9.0228     0.00    0.00    0.00    0.00    0.00
OF213.3  -17.901    0.00 9.024      0.00    0.00    0.00    0.00    0.00
OF216.5  -17.857    0.00 9.025      0.00    0.00    0.00    0.00    0.00
OF219.8  -17.813    0.00 9.0263     0.00    0.00    0.00    0.00    0.00
OF223.1  -17.768    0.00 9.0276     0.00    0.00    0.00    0.00    0.00
OF226.4  -17.724    0.00 9.0286     0.00    0.00    0.00    0.00    0.00
OF229.7  -17.680    0.00 9.0299     0.00    0.00    0.00    0.00    0.00
OF232.9  -17.636    0.00 9.0312     0.00    0.00    0.00    0.00    0.00
OF236.2  -17.591    0.00 9.0322     0.00    0.00    0.00    0.00    0.00
OF239.5  -17.547    0.00 9.0335     0.00    0.00    0.00    0.00    0.00
OF242.8  -17.503    0.00 9.0348     0.00    0.00    0.00    0.00    0.00
OF246.1  -17.458    0.00 9.0359     0.00    0.00    0.00    0.00    0.00
OF249.3  -17.414    0.00 9.0373     0.00    0.00    0.00    0.00    0.00
OF252.6  -17.370    0.00 9.0387     0.00    0.00    0.00    0.00    0.00
OF255.9  -17.326    0.00 9.0399     0.00    0.00    0.00    0.00    0.00
OF259.2  -17.281    0.00 9.0413     0.00    0.00    0.00    0.00    0.00
OF262.5  -17.237    0.00 9.0428     0.00    0.00    0.00    0.00    0.00
OF265.7  -17.193    0.00 9.0439     0.00    0.00    0.00    0.00    0.00
OF269.0  -17.148    0.00 9.0452     0.00    0.00    0.00    0.00    0.00
OF272.3  -17.104    0.00 9.0466     0.00    0.00    0.00    0.00    0.00
OF275.6  -17.060    0.00 9.0477     0.00    0.00    0.00    0.00    0.00
OF278.9  -17.015    0.00 9.0491     0.00    0.00    0.00    0.00    0.00
OF282.2  -16.971    0.00 9.0503     0.00    0.00    0.00    0.00    0.00
OF285.4  -16.933    0.00 9.0517     0.00    0.00    0.00    0.00    0.00
OF288.7  -16.898    0.00 9.0531     0.00    0.00    0.00    0.00    0.00
OF292.0  -16.862    0.00 9.0545     0.00    0.00    0.00    0.00    0.00
OF295.3  -16.827    0.00 9.0559     0.00    0.00    0.00    0.00    0.00
OF298.6  -16.791    0.00 9.0573     0.00    0.00    0.00    0.00    0.00
OF301.8  -16.756    0.00 9.0587     0.00    0.00    0.00    0.00    0.00
OF305.1  -16.720    0.00 9.0601     0.00    0.00    0.00    0.00    0.00
OF308.4  -16.685    0.00 9.0615     0.00    0.00    0.00    0.00    0.00
OF311.7  -16.65     0.00 9.0628     0.00    0.00    0.00    0.00    0.00
OF315.0  -16.614    0.00 9.0642     0.00    0.00    0.00    0.00    0.00
OF318.2  -16.579    0.00 9.0655     0.00    0.00    0.00    0.00    0.00
OF321.5  -16.543    0.00 9.0665     0.00    0.00    0.00    0.00    0.00
OF324.8  -16.508    0.00 9.0679     0.00    0.00    0.00    0.00    0.00
OF328.1  -16.472    0.00 9.0692     0.00    0.00    0.00    0.00    0.00
OF331.4  -16.437    0.00 9.0705     0.00    0.00    0.00    0.00    0.00
OF334.6  -16.401    0.00 9.0719     0.00    0.00    0.00    0.00    0.00
OF337.9  -16.366    0.00 9.0732     0.00    0.00    0.00    0.00    0.00
OF341.2  -16.330    0.00 9.0745     0.00    0.00    0.00    0.00    0.00
OF344.5  -16.295    0.00 9.0759     0.00    0.00    0.00    0.00    0.00
OF347.8  -16.259    0.00 9.0772     0.00    0.00    0.00    0.00    0.00
OF351.0  -16.224    0.00 9.0785     0.00    0.00    0.00    0.00    0.00
OF354.3  -16.188    0.00 9.0798     0.00    0.00    0.00    0.00    0.00
OF357.6  -16.150    0.00 9.0809     0.00    0.00    0.00    0.00    0.00
OF360.9  -16.110    0.00 9.0822     0.00    0.00    0.00    0.00    0.00
OF364.2  -16.070    0.00 9.0835     0.00    0.00    0.00    0.00    0.00
OF367.5  -16.031    0.00 9.0848     0.00    0.00    0.00    0.00    0.00
OF370.7  -15.991    0.00 9.0862     0.00    0.00    0.00    0.00    0.00
OF374.0  -15.951    0.00 9.0872     0.00    0.00    0.00    0.00    0.00
OF377.3  -15.912    0.00 9.0886     0.00    0.00    0.00    0.00    0.00
OF380.6  -15.872    0.00 9.0899     0.00    0.00    0.00    0.00    0.00
OF383.9  -15.832    0.00 9.0912     0.00    0.00    0.00    0.00    0.00
OF387.1  -15.793    0.00 9.0925     0.00    0.00    0.00    0.00    0.00
OF390.4  -15.753    0.00 9.0936     0.00    0.00    0.00    0.00    0.00
OF393.7  -15.716    0.00 9.0949     0.00    0.00    0.00    0.00    0.00
OF397.0  -15.704    0.00 9.0965     0.00    0.00    0.00    0.00    0.00
OF400.3  -15.694    0.00 9.0981     0.00    0.00    0.00    0.00    0.00
OF403.5  -15.684    0.00 9.0994     0.00    0.00    0.00    0.00    0.00
OF406.8  -15.674    0.00 9.101      0.00    0.00    0.00    0.00    0.00
OF410.1  -15.664    0.00 9.1025     0.00    0.00    0.00    0.00    0.00
OF413.4  -15.654    0.00 9.1038     0.00    0.00    0.00    0.00    0.00
OF416.7  -15.644    0.00 9.1053     0.00    0.00    0.00    0.00    0.00
OF419.9  -15.635    0.00 9.1068     0.00    0.00    0.00    0.00    0.00
OF423.2  -15.625    0.00 9.1081     0.00    0.00    0.00    0.00    0.00
OF426.5  -15.615    0.00 9.1096     0.00    0.00    0.00    0.00    0.00
OF429.8  -15.605    0.00 9.111      0.00    0.00    0.00    0.00    0.00
OF433.1  -15.595    0.00 9.1125     0.00    0.00    0.00    0.00    0.00
OF436.4  -15.585    0.00 9.1137     0.00    0.00    0.00    0.00    0.00
OF439.6  -15.575    0.00 9.1151     0.00    0.00    0.00    0.00    0.00
OF442.9  -15.565    0.00 9.1166     0.00    0.00    0.00    0.00    0.00
OF446.2  -15.555    0.00 9.1177     0.00    0.00    0.00    0.00    0.00
OF449.5  -15.545    0.00 9.1191     0.00    0.00    0.00    0.00    0.00
OF452.8  -15.536    0.00 9.1205     0.00    0.00    0.00    0.00    0.00
OF456.0  -15.526    0.00 9.1216     0.00    0.00    0.00    0.00    0.00
OF459.3  -15.516    0.00 9.1229     0.00    0.00    0.00    0.00    0.00
OF462.6  -15.506    0.00 9.1242     0.00    0.00    0.00    0.00    0.00
OF465.9  -15.496    0.00 9.1255     0.00    0.00    0.00    0.00    0.00
OF469.2  -15.486    0.00 9.1265     0.00    0.00    0.00    0.00    0.00
OF472.4  -15.476    0.00 9.1278     0.00    0.00    0.00    0.00    0.00
OF475.7  -15.466    0.00 9.129      0.00    0.00    0.00    0.00    0.00
OF479.0  -15.456    0.00 9.13       0.00    0.00    0.00    0.00    0.00
OF482.3  -15.447    0.00 9.1312     0.00    0.00    0.00    0.00    0.00
OF485.6  -15.437    0.00 9.1324     0.00    0.00    0.00    0.00    0.00
OF488.8  -15.427    0.00 9.1333     0.00    0.00    0.00    0.00    0.00
OF492.1  -15.417    0.00 9.1345     0.00    0.00    0.00    0.00    0.00
OF495.4  -15.407    0.00 9.1356     0.00    0.00    0.00    0.00    0.00
OF498.7  -15.397    0.00 9.1367     0.00    0.00    0.00    0.00    0.00
OF502.0  -15.385    0.00 9.1376     0.00    0.00    0.00    0.00    0.00
OF505.2  -15.362    0.00 9.1385     0.00    0.00    0.00    0.00    0.00
OF508.5  -15.303    0.00 9.1393     0.00    0.00    0.00    0.00    0.00
OF511.8  -15.242    0.00 9.14       0.00    0.00    0.00    0.00    0.00
OF515.1  -15.172    0.00 9.1406     0.00    0.00    0.00    0.00    0.00
OF518.4  -15.101    0.00 9.141      0.00    0.00    0.00    0.00    0.00
OF521.7  -15.030    0.00 9.1417     0.00    0.00    0.00    0.00    0.00
OF524.9  -14.959    0.00 9.1424     0.00    0.00    0.00    0.00    0.00
OF528.2  -14.888    0.00 9.1431     0.00    0.00    0.00    0.00    0.00
OF531.5  -14.818    0.00 9.1438     0.00    0.00    0.00    0.00    0.00
OF534.8  -14.747    0.00 9.1445     0.00    0.00    0.00    0.00    0.00
OF538.1  -14.676    0.00 9.1452     0.00    0.00    0.00    0.00    0.00
OF541.3  -14.605    0.00 9.1457     0.00    0.00    0.00    0.00    0.00
OF544.6  -14.534    0.00 9.1465     0.00    0.00    0.00    0.00    0.00
OF547.9  -14.463    0.00 9.1473     0.00    0.00    0.00    0.00    0.00
OF551.2  -14.393    0.00 9.1481     0.00    0.00    0.00    0.00    0.00
OF554.5  -14.322    0.00 9.1489     0.00    0.00    0.00    0.00    0.00
OF557.7  -14.251    0.00 9.1497     0.00    0.00    0.00    0.00    0.00
OF561.0  -14.180    0.00 9.1503     0.00    0.00    0.00    0.00    0.00
OF564.3  -14.109    0.00 9.1512     0.00    0.00    0.00    0.00    0.00
OF567.6  -14.039    0.00 9.1521     0.00    0.00    0.00    0.00    0.00
OF570.9  -13.968    0.00 9.153      0.00    0.00    0.00    0.00    0.00
OF574.1  -13.897    0.00 9.1539     0.00    0.00    0.00    0.00    0.00
OF577.4  -13.826    0.00 9.1548     0.00    0.00    0.00    0.00    0.00
OF580.7  -13.755    0.00 9.1555     0.00    0.00    0.00    0.00    0.00
OF584.0  -13.684    0.00 9.1565     0.00    0.00    0.00    0.00    0.00
OF587.3  -13.614    0.00 9.1574     0.00    0.00    0.00    0.00    0.00
OF590.5  -13.543    0.00 9.1584     0.00    0.00    0.00    0.00    0.00
OF593.8  -13.472    0.00 9.1595     0.00    0.00    0.00    0.00    0.00
OF597.1  -13.401    0.00 9.1605     0.00    0.00    0.00    0.00    0.00
OF600.4  -13.330    0.00 9.1615     0.00    0.00    0.00    0.00    0.00
OF603.7  -13.26     0.00 9.1623     0.00    0.00    0.00    0.00    0.00
OF607.0  -13.189    0.00 9.1634     0.00    0.00    0.00    0.00    0.00
OF610.2  -13.118    0.00 9.1645     0.00    0.00    0.00    0.00    0.00
OF613.5  -13.041    0.00 9.1656     0.00    0.00    0.00    0.00    0.00
OF616.8  -12.965    0.00 9.1664     0.00    0.00    0.00    0.00    0.00
OF620.1  -12.889    0.00 9.1675     0.00    0.00    0.00    0.00    0.00
OF623.4  -12.812    0.00 9.1687     0.00    0.00    0.00    0.00    0.00
OF626.6  -12.736    0.00 9.1696     0.00    0.00    0.00    0.00    0.00
OF629.9  -12.660    0.00 9.1708     0.00    0.00    0.00    0.00    0.00
OF633.2  -12.583    0.00 9.172      0.00    0.00    0.00    0.00    0.00
OF636.5  -12.507    0.00 9.173      0.00    0.00    0.00    0.00    0.00
OF639.8  -12.431    0.00 9.1742     0.00    0.00    0.00    0.00    0.00
OF643.0  -12.354    0.00 9.1755     0.00    0.00    0.00    0.00    0.00
OF646.3  -12.278    0.00 9.1765     0.00    0.00    0.00    0.00    0.00
OF649.6  -12.202    0.00 9.1778     0.00    0.00    0.00    0.00    0.00
OF652.9  -12.125    0.00 9.1792     0.00    0.00    0.00    0.00    0.00
OF656.2  -12.049    0.00 9.1802     0.00    0.00    0.00    0.00    0.00
OF659.4  -11.973    0.00 9.1816     0.00    0.00    0.00    0.00    0.00
OF662.7  -11.896    0.00 9.183      0.00    0.00    0.00    0.00    0.00
OF666.0  -11.820    0.00 9.1841     0.00    0.00    0.00    0.00    0.00
OF669.3  -11.744    0.00 9.1855     0.00    0.00    0.00    0.00    0.00
OF672.6  -11.67     0.00 9.1869     0.00    0.00    0.00    0.00    0.00
OF675.9  -11.595    0.00 9.1883     0.00    0.00    0.00    0.00    0.00
OF679.1  -11.520    0.00 9.1895     0.00    0.00    0.00    0.00    0.00
OF682.4  -11.446    0.00 9.191      0.00    0.00    0.00    0.00    0.00
OF685.7  -11.371    0.00 9.1924     0.00    0.00    0.00    0.00    0.00
OF689.0  -11.297    0.00 9.1939     0.00    0.00    0.00    0.00    0.00
OF692.3  -11.222    0.00 9.1951     0.00    0.00    0.00    0.00    0.00
OF695.5  -11.148    0.00 9.1967     0.00    0.00    0.00    0.00    0.00
OF698.8  -11.073    0.00 9.1982     0.00    0.00    0.00    0.00    0.00
OF702.1  -11.000    0.00 9.1995     0.00    0.00    0.00    0.00    0.00
OF705.4  -10.947    0.00 9.2013     0.00    0.00    0.00    0.00    0.00
OF708.7  -10.894    0.00 9.2029     0.00    0.00    0.00    0.00    0.00
OF711.9  -10.841    0.00 9.2048     0.00    0.00    0.00    0.00    0.00
OF715.2  -10.788    0.00 9.2064     0.00    0.00    0.00    0.00    0.00
OF718.5  -10.734    0.00 9.208      0.00    0.00    0.00    0.00    0.00
OF721.8  -10.681    0.00 9.2098     0.00    0.00    0.00    0.00    0.00
OF725.1  -10.628    0.00 9.2114     0.00    0.00    0.00    0.00    0.00
OF728.3  -10.575    0.00 9.2133     0.00    0.00    0.00    0.00    0.00
OF731.6  -10.521    0.00 9.2148     0.00    0.00    0.00    0.00    0.00
OF734.9  -10.468    0.00 9.2164     0.00    0.00    0.00    0.00    0.00
OF738.2  -10.415    0.00 9.2183     0.00    0.00    0.00    0.00    0.00
OF741.5  -10.362    0.00 9.2199     0.00    0.00    0.00    0.00    0.00
OF744.7  -10.308    0.00 9.2215     0.00    0.00    0.00    0.00    0.00
OF748.0  -10.255    0.00 9.2235     0.00    0.00    0.00    0.00    0.00
OF751.3  -10.202    0.00 9.2251     0.00    0.00    0.00    0.00    0.00
OF754.6  -10.149    0.00 9.227      0.00    0.00    0.00    0.00    0.00
OF757.9  -10.096    0.00 9.2287     0.00    0.00    0.00    0.00    0.00
OF761.2  -10.042    0.00 9.2303     0.00    0.00    0.00    0.00    0.00
OF764.4  -9.9895    0.00 9.2323     0.00    0.00    0.00    0.00    0.00
OF767.7  -9.9363    0.00 9.2339     0.00    0.00    0.00    0.00    0.00
OF771.0  -9.8831    0.00 9.2356     0.00    0.00    0.00    0.00    0.00
OF774.3  -9.8298    0.00 9.2375     0.00    0.00    0.00    0.00    0.00
OF777.6  -9.7766    0.00 9.2392     0.00    0.00    0.00    0.00    0.00
OF780.8  -9.7233    0.00 9.2411     0.00    0.00    0.00    0.00    0.00
OF784.1  -9.6702    0.00 9.2428     0.00    0.00    0.00    0.00    0.00
OF787.4  -9.6239    0.00 9.2447     0.00    0.00    0.00    0.00    0.00
OF790.7  -9.5785    0.00 9.2463     0.00    0.00    0.00    0.00    0.00
OF794.0  -9.5332    0.00 9.2483     0.00    0.00    0.00    0.00    0.00
OF797.2  -9.4876    0.00 9.25       0.00    0.00    0.00    0.00    0.00
OF800.5  -9.4387    0.00 9.2519     0.00    0.00    0.00    0.00    0.00
OF803.8  -9.3914    0.00 9.2535     0.00    0.00    0.00    0.00    0.00
OF807.1  -9.3456    0.00 9.2555     0.00    0.00    0.00    0.00    0.00
OF810.4  -9.2997    0.00 9.2574     0.00    0.00    0.00    0.00    0.00
OF813.6  -9.2539    0.00 9.259      0.00    0.00    0.00    0.00    0.00
OF816.9  -9.208     0.00 9.261      0.00    0.00    0.00    0.00    0.00
OF820.2  -9.1622    0.00 9.2626     0.00    0.00    0.00    0.00    0.00
OF823.5  -9.1163    0.00 9.2645     0.00    0.00    0.00    0.00    0.00
OF826.8  -9.0705    0.00 9.2665     0.00    0.00    0.00    0.00    0.00
OF830.1  -9.0246    0.00 9.2681     0.00    0.00    0.00    0.00    0.00
OF833.3  -8.9788    0.00 9.27       0.00    0.00    0.00    0.00    0.00
OF836.6  -8.9329    0.00 9.2716     0.00    0.00    0.00    0.00    0.00
OF839.9  -8.8871    0.00 9.2735     0.00    0.00    0.00    0.00    0.00
OF843.2  -8.8412    0.00 9.2754     0.00    0.00    0.00    0.00    0.00
OF846.5  -8.7954    0.00 9.277      0.00    0.00    0.00    0.00    0.00
OF849.7  -8.7495    0.00 9.2789     0.00    0.00    0.00    0.00    0.00
OF853.0  -8.7037    0.00 9.2805     0.00    0.00    0.00    0.00    0.00
OF856.3  -8.6578    0.00 9.2824     0.00    0.00    0.00    0.00    0.00
OF859.6  -8.612     0.00 9.2843     0.00    0.00    0.00    0.00    0.00
OF862.9  -8.5661    0.00 9.2859     0.00    0.00    0.00    0.00    0.00
OF866.1  -8.5202    0.00 9.2877     0.00    0.00    0.00    0.00    0.00
OF869.4  -8.4744    0.00 9.2894     0.00    0.00    0.00    0.00    0.00
OF872.7  -8.4286    0.00 9.2913     0.00    0.00    0.00    0.00    0.00
OF876.0  -8.3827    0.00 9.2932     0.00    0.00    0.00    0.00    0.00
OF879.3  -8.3369    0.00 9.2948     0.00    0.00    0.00    0.00    0.00
OF882.5  -8.291     0.00 9.2967     0.00    0.00    0.00    0.00    0.00
OF885.8  -8.2451    0.00 9.2983     0.00    0.00    0.00    0.00    0.00
OF889.1  -8.1993    0.00 9.3002     0.00    0.00    0.00    0.00    0.00
OF892.4  -8.1506    0.00 9.3021     0.00    0.00    0.00    0.00    0.00
OF895.7  -8.0282    0.00 9.3031     0.00    0.00    0.00    0.00    0.00
OF898.9  -7.8937    0.00 9.3042     0.00    0.00    0.00    0.00    0.00
OF902.2  -7.7593    0.00 9.3054     0.00    0.00    0.00    0.00    0.00
OF905.5  -7.6247    0.00 9.3066     0.00    0.00    0.00    0.00    0.00
OF908.8  -7.4902    0.00 9.3076     0.00    0.00    0.00    0.00    0.00
OF912.1  -7.3557    0.00 9.309      0.00    0.00    0.00    0.00    0.00
OF915.4  -7.2211    0.00 9.3104     0.00    0.00    0.00    0.00    0.00
OF918.6  -7.0866    0.00 9.3119     0.00    0.00    0.00    0.00    0.00
OF921.9  -6.9521    0.00 9.3136     0.00    0.00    0.00    0.00    0.00
OF925.2  -6.8175    0.00 9.3152     0.00    0.00    0.00    0.00    0.00
OF928.5  -6.683     0.00 9.317      0.00    0.00    0.00    0.00    0.00
OF931.8  -6.5485    0.00 9.3189     0.00    0.00    0.00    0.00    0.00
OF935.0  -6.414     0.00 9.3208     0.00    0.00    0.00    0.00    0.00
OF938.3  -6.2795    0.00 9.3228     0.00    0.00    0.00    0.00    0.00
OF941.6  -6.1449    0.00 9.3245     0.00    0.00    0.00    0.00    0.00
OF944.9  -6.0104    0.00 9.3268     0.00    0.00    0.00    0.00    0.00
OF948.2  -5.8759    0.00 9.3291     0.00    0.00    0.00    0.00    0.00
OF951.4  -5.7761    0.00 9.3318     0.00    0.00    0.00    0.00    0.00
OF954.7  -5.7075    0.00 9.335      0.00    0.00    0.00    0.00    0.00
OF958.0  -5.6389    0.00 9.3381     0.00    0.00    0.00    0.00    0.00
OF961.3  -5.5703    0.00 9.3412     0.00    0.00    0.00    0.00    0.00
OF964.6  -5.5018    0.00 9.3443     0.00    0.00    0.00    0.00    0.00
OF967.8  -5.4332    0.00 9.3474     0.00    0.00    0.00    0.00    0.00
OF971.1  -5.3646    0.00 9.3505     0.00    0.00    0.00    0.00    0.00
OF974.4  -5.296     0.00 9.3536     0.00    0.00    0.00    0.00    0.00
OF977.7  -5.2275    0.00 9.3566     0.00    0.00    0.00    0.00    0.00
OF981.0  -5.1589    0.00 9.3593     0.00    0.00    0.00    0.00    0.00
OF984.2  -5.0903    0.00 9.3624     0.00    0.00    0.00    0.00    0.00
OF987.5  -5.0218    0.00 9.3655     0.00    0.00    0.00    0.00    0.00
OF990.8  -4.9532    0.00 9.3685     0.00    0.00    0.00    0.00    0.00
OF994.1  -4.9395    0.00 9.3723     0.00    0.00    0.00    0.00    0.00
OF997.4  -4.9291    0.00 9.3756     0.00    0.00    0.00    0.00    0.00
OF1000.7 -4.9188    0.00 9.3791     0.00    0.00    0.00    0.00    0.00
OF1003.9 -4.9085    0.00 9.3825     0.00    0.00    0.00    0.00    0.00
OF1007.2 -4.8981    0.00 9.3855     0.00    0.00    0.00    0.00    0.00
OF1010.5 -4.8877    0.00 9.3888     0.00    0.00    0.00    0.00    0.00
OF1013.8 -4.8774    0.00 9.3919     0.00    0.00    0.00    0.00    0.00
OF1017.1 -4.867     0.00 9.395      0.00    0.00    0.00    0.00    0.00
OF1020.3 -4.8567    0.00 9.3976     0.00    0.00    0.00    0.00    0.00
OF1023.6 -4.8463    0.00 9.4005     0.00    0.00    0.00    0.00    0.00
OF1026.9 -4.8359    0.00 9.4033     0.00    0.00    0.00    0.00    0.00
OF1030.2 -4.8256    0.00 9.4057     0.00    0.00    0.00    0.00    0.00
OF1033.5 -4.8152    0.00 9.4084     0.00    0.00    0.00    0.00    0.00
OF1036.7 -4.8048    0.00 9.411      0.00    0.00    0.00    0.00    0.00
OF1040.0 -4.7945    0.00 9.4132     0.00    0.00    0.00    0.00    0.00
OF1043.3 -4.7841    0.00 9.4157     0.00    0.00    0.00    0.00    0.00
OF1046.6 -4.7738    0.00 9.4181     0.00    0.00    0.00    0.00    0.00
OF1049.9 -4.7634    0.00 9.4202     0.00    0.00    0.00    0.00    0.00
OF1053.1 -4.7531    0.00 9.4225     0.00    0.00    0.00    0.00    0.00
OF1056.4 -4.7427    0.00 9.4248     0.00    0.00    0.00    0.00    0.00
OF1059.7 -4.7324    0.00 9.4267     0.00    0.00    0.00    0.00    0.00
OF1063.0 -4.6764    0.00 9.4286     0.00    0.00    0.00    0.00    0.00
OF1066.3 -4.5992    0.00 9.4298     0.00    0.00    0.00    0.00    0.00
OF1069.6 -4.522     0.00 9.4315     0.00    0.00    0.00    0.00    0.00
OF1072.8 -4.4449    0.00 9.4331     0.00    0.00    0.00    0.00    0.00
OF1076.1 -4.3676    0.00 9.4344     0.00    0.00    0.00    0.00    0.00
OF1079.4 -4.2905    0.00 9.4361     0.00    0.00    0.00    0.00    0.00
OF1082.7 -4.2133    0.00 9.4379     0.00    0.00    0.00    0.00    0.00
OF1086.0 -4.1361    0.00 9.4393     0.00    0.00    0.00    0.00    0.00
OF1089.2 -4.0603    0.00 9.4411     0.00    0.00    0.00    0.00    0.00
OF1092.5 -4.0163    0.00 9.4432     0.00    0.00    0.00    0.00    0.00
OF1095.8 -3.9764    0.00 9.445      0.00    0.00    0.00    0.00    0.00
OF1099.1 -3.9366    0.00 9.4472     0.00    0.00    0.00    0.00    0.00
OF1102.4 -3.8967    0.00 9.4492     0.00    0.00    0.00    0.00    0.00
OF1105.6 -3.8568    0.00 9.4513     0.00    0.00    0.00    0.00    0.00
OF1108.9 -3.817     0.00 9.4534     0.00    0.00    0.00    0.00    0.00
OF1112.2 -3.7771    0.00 9.4551     0.00    0.00    0.00    0.00    0.00
OF1115.5 -3.7372    0.00 9.4571     0.00    0.00    0.00    0.00    0.00
OF1118.8 -3.6974    0.00 9.4591     0.00    0.00    0.00    0.00    0.00
OF1122.0 -3.6575    0.00 9.4611     0.00    0.00    0.00    0.00    0.00
OF1125.3 -3.6176    0.00 9.4628     0.00    0.00    0.00    0.00    0.00
OF1128.6 -3.5778    0.00 9.4648     0.00    0.00    0.00    0.00    0.00
OF1131.9 -3.5379    0.00 9.4667     0.00    0.00    0.00    0.00    0.00
OF1135.2 -3.498     0.00 9.4687     0.00    0.00    0.00    0.00    0.00
OF1138.4 -3.4582    0.00 9.4706     0.00    0.00    0.00    0.00    0.00
OF1141.7 -3.4183    0.00 9.4722     0.00    0.00    0.00    0.00    0.00
OF1145.0 -3.3784    0.00 9.4741     0.00    0.00    0.00    0.00    0.00
OF1148.3 -3.3386    0.00 9.476      0.00    0.00    0.00    0.00    0.00
OF1151.6 -3.2987    0.00 9.4778     0.00    0.00    0.00    0.00    0.00
OF1154.9 -3.2588    0.00 9.4797     0.00    0.00    0.00    0.00    0.00
OF1158.1 -3.219     0.00 9.4812     0.00    0.00    0.00    0.00    0.00
OF1161.4 -3.1791    0.00 9.4831     0.00    0.00    0.00    0.00    0.00
OF1164.7 -3.1393    0.00 9.4849     0.00    0.00    0.00    0.00    0.00
OF1168.0 -3.0994    0.00 9.4868     0.00    0.00    0.00    0.00    0.00
OF1171.3 -3.0595    0.00 9.4882     0.00    0.00    0.00    0.00    0.00
OF1174.5 -3.0196    0.00 9.4901     0.00    0.00    0.00    0.00    0.00
OF1177.8 -2.9798    0.00 9.4919     0.00    0.00    0.00    0.00    0.00
OF1181.1 -2.9399    0.00 9.4937     0.00    0.00    0.00    0.00    0.00
OF1184.4 -2.9       0.00 9.4954     0.00    0.00    0.00    0.00    0.00
OF1187.7 -2.8804    0.00 9.4972     0.00    0.00    0.00    0.00    0.00
OF1190.9 -2.8897    0.00 9.4993     0.00    0.00    0.00    0.00    0.00
OF1194.2 -2.9063    0.00 9.5016     0.00    0.00    0.00    0.00    0.00
OF1197.5 -2.9153    0.00 9.5035     0.00    0.00    0.00    0.00    0.00
OF1200.8 -2.9234    0.00 9.5053     0.00    0.00    0.00    0.00    0.00
OF1204.1 -2.9314    0.00 9.5074     0.00    0.00    0.00    0.00    0.00
OF1207.3 -2.9394    0.00 9.5091     0.00    0.00    0.00    0.00    0.00
OF1210.6 -2.9475    0.00 9.5108     0.00    0.00    0.00    0.00    0.00
OF1213.9 -2.9555    0.00 9.5124     0.00    0.00    0.00    0.00    0.00
OF1217.2 -2.9636    0.00 9.5142     0.00    0.00    0.00    0.00    0.00
OF1220.5 -2.9716    0.00 9.5157     0.00    0.00    0.00    0.00    0.00
OF1223.8 -2.9796    0.00 9.5172     0.00    0.00    0.00    0.00    0.00
OF1227.0 -2.9877    0.00 9.5186     0.00    0.00    0.00    0.00    0.00
OF1230.3 -2.9957    0.00 9.52       0.00    0.00    0.00    0.00    0.00
OF1233.6 -3.0038    0.00 9.5216     0.00    0.00    0.00    0.00    0.00
OF1236.9 -3.0118    0.00 9.5229     0.00    0.00    0.00    0.00    0.00
OF1240.2 -3.0198    0.00 9.5242     0.00    0.00    0.00    0.00    0.00
OF1243.4 -3.0278    0.00 9.5254     0.00    0.00    0.00    0.00    0.00
OF1246.7 -3.0359    0.00 9.5269     0.00    0.00    0.00    0.00    0.00
OF1250.0 -3.0439    0.00 9.5281     0.00    0.00    0.00    0.00    0.00
OF1253.3 -3.052     0.00 9.5292     0.00    0.00    0.00    0.00    0.00
OF1256.6 -3.06      0.00 9.5303     0.00    0.00    0.00    0.00    0.00
OF1259.8 -3.0681    0.00 9.5316     0.00    0.00    0.00    0.00    0.00
OF1263.1 -3.0761    0.00 9.5327     0.00    0.00    0.00    0.00    0.00
OF1266.4 -3.0841    0.00 9.5337     0.00    0.00    0.00    0.00    0.00
OF1269.7 -3.0922    0.00 9.5347     0.00    0.00    0.00    0.00    0.00
OF1273.0 -3.1002    0.00 9.5359     0.00    0.00    0.00    0.00    0.00
OF1276.2 -3.1082    0.00 9.5368     0.00    0.00    0.00    0.00    0.00
OF1279.5 -3.1163    0.00 9.5377     0.00    0.00    0.00    0.00    0.00
OF1282.8 -3.1243    0.00 9.5386     0.00    0.00    0.00    0.00    0.00
OF1286.1 -3.1324    0.00 9.5398     0.00    0.00    0.00    0.00    0.00
OF1289.4 -3.1371    0.00 9.5406     0.00    0.00    0.00    0.00    0.00
OF1292.6 -3.1091    0.00 9.5412     0.00    0.00    0.00    0.00    0.00
OF1295.9 -3.0794    0.00 9.5418     0.00    0.00    0.00    0.00    0.00
OF1299.2 -3.0498    0.00 9.5423     0.00    0.00    0.00    0.00    0.00
OF1302.5 -3.0201    0.00 9.5429     0.00    0.00    0.00    0.00    0.00
OF1305.8 -2.9905    0.00 9.5435     0.00    0.00    0.00    0.00    0.00
OF1309.1 -2.9608    0.00 9.5441     0.00    0.00    0.00    0.00    0.00
OF1312.3 -2.9312    0.00 9.545      0.00    0.00    0.00    0.00    0.00
OF1315.6 -2.9015    0.00 9.5456     0.00    0.00    0.00    0.00    0.00
OF1318.9 -2.8719    0.00 9.5462     0.00    0.00    0.00    0.00    0.00
OF1322.2 -2.8422    0.00 9.5468     0.00    0.00    0.00    0.00    0.00
OF1325.5 -2.8125    0.00 9.5475     0.00    0.00    0.00    0.00    0.00
OF1328.7 -2.7829    0.00 9.5481     0.00    0.00    0.00    0.00    0.00
OF1332.0 -2.7429    0.00 9.5487     0.00    0.00    0.00    0.00    0.00
OF1335.3 -2.6967    0.00 9.5491     0.00    0.00    0.00    0.00    0.00
OF1338.6 -2.6505    0.00 9.5498     0.00    0.00    0.00    0.00    0.00
OF1341.9 -2.6043    0.00 9.5504     0.00    0.00    0.00    0.00    0.00
OF1345.1 -2.5581    0.00 9.5508     0.00    0.00    0.00    0.00    0.00
OF1348.4 -2.5119    0.00 9.5516     0.00    0.00    0.00    0.00    0.00
OF1351.7 -2.4657    0.00 9.552      0.00    0.00    0.00    0.00    0.00
OF1355.0 -2.4195    0.00 9.5528     0.00    0.00    0.00    0.00    0.00
OF1358.3 -2.3733    0.00 9.5535     0.00    0.00    0.00    0.00    0.00
OF1361.5 -2.3271    0.00 9.554      0.00    0.00    0.00    0.00    0.00
OF1364.8 -2.2809    0.00 9.5548     0.00    0.00    0.00    0.00    0.00
OF1368.1 -2.2347    0.00 9.5553     0.00    0.00    0.00    0.00    0.00
OF1371.4 -2.1884    0.00 9.5561     0.00    0.00    0.00    0.00    0.00
OF1374.7 -2.1422    0.00 9.5567     0.00    0.00    0.00    0.00    0.00
OF1377.9 -2.0961    0.00 9.5576     0.00    0.00    0.00    0.00    0.00
OF1381.2 -2.0498    0.00 9.5584     0.00    0.00    0.00    0.00    0.00
OF1384.5 -2.0036    0.00 9.559      0.00    0.00    0.00    0.00    0.00
OF1387.8 -1.9574    0.00 9.5599     0.00    0.00    0.00    0.00    0.00
OF1391.1 -1.9112    0.00 9.5605     0.00    0.00    0.00    0.00    0.00
OF1394.4 -1.864     0.00 9.5614     0.00    0.00    0.00    0.00    0.00
OF1397.6 -1.8129    0.00 9.5621     0.00    0.00    0.00    0.00    0.00
OF1400.9 -1.7619    0.00 9.563      0.00    0.00    0.00    0.00    0.00
OF1404.2 -1.7108    0.00 9.5637     0.00    0.00    0.00    0.00    0.00
OF1407.5 -1.6598    0.00 9.5647     0.00    0.00    0.00    0.00    0.00
OF1410.8 -1.6087    0.00 9.5654     0.00    0.00    0.00    0.00    0.00
OF1414.0 -1.5577    0.00 9.5665     0.00    0.00    0.00    0.00    0.00
OF1417.3 -1.5067    0.00 9.5672     0.00    0.00    0.00    0.00    0.00
OF1420.6 -1.4555    0.00 9.5683     0.00    0.00    0.00    0.00    0.00
OF1423.9 -1.3865    0.00 9.5687     0.00    0.00    0.00    0.00    0.00
OF1427.2 -1.3152    0.00 9.5696     0.00    0.00    0.00    0.00    0.00
OF1430.4 -1.2439    0.00 9.5705     0.00    0.00    0.00    0.00    0.00
OF1433.7 -1.1726    0.00 9.5714     0.00    0.00    0.00    0.00    0.00
OF1437.0 -1.1013    0.00 9.5723     0.00    0.00    0.00    0.00    0.00
OF1440.3 -1.03      0.00 9.5733     0.00    0.00    0.00    0.00    0.00
OF1443.6 -0.9587    0.00 9.574      0.00    0.00    0.00    0.00    0.00
OF1446.8 -0.8874    0.00 9.5751     0.00    0.00    0.00    0.00    0.00
OF1450.1 -0.8161    0.00 9.5762     0.00    0.00    0.00    0.00    0.00
OF1453.4 -0.7448    0.00 9.5774     0.00    0.00    0.00    0.00    0.00
OF1456.7 -0.6735    0.00 9.5786     0.00    0.00    0.00    0.00    0.00
OF1460.0 -0.6022    0.00 9.5799     0.00    0.00    0.00    0.00    0.00
OF1463.3 -0.5309    0.00 9.5808     0.00    0.00    0.00    0.00    0.00
OF1466.5 -0.4596    0.00 9.5822     0.00    0.00    0.00    0.00    0.00
OF1469.8 -0.3883    0.00 9.5836     0.00    0.00    0.00    0.00    0.00
OF1473.1 -0.3170    0.00 9.585      0.00    0.00    0.00    0.00    0.00
OF1476.4 -0.2457    0.00 9.5864     0.00    0.00    0.00    0.00    0.00
OF1479.7 -0.1744    0.00 9.5879     0.00    0.00    0.00    0.00    0.00
OF1482.9 -0.1031    0.00 9.5891     0.00    0.00    0.00    0.00    0.00
OF1486.2 -0.0318    0.00 9.5907     0.00    0.00    0.00    0.00    0.00
OF1489.5 -0.1523    0.00 9.5944     0.00    0.00    0.00    0.00    0.00
OF1492.8 -0.1982    0.00 9.5967     0.00    0.00    0.00    0.00    0.00
OF1496.1 -0.0336    0.00 9.597      0.00    0.00    0.00    0.00    0.00
IF1499.3 0.13097    0.00 9.5973     0.00    0.00    0.00    0.00    0.00
IF1502.6 0.20452    0.00 9.5989     0.00    0.00    0.00    0.00    0.00
IF1505.9 0.25517    0.00 9.6005     0.00    0.00    0.00    0.00    0.00
IF1509.2 0.32442    0.00 9.6021     0.00    0.00    0.00    0.00    0.00
IF1512.5 0.46435    0.00 9.6031     0.00    0.00    0.00    0.00    0.00
IF1515.7 0.60428    0.00 9.6041     0.00    0.00    0.00    0.00    0.00
IF1519.0 0.74982    0.00 9.6049     0.00    0.00    0.00    0.00    0.00
IF1522.3 0.92473    0.00 9.6059     0.00    0.00    0.00    0.00    0.00
IF1525.6 1.0996     0.00 9.6071     0.00    0.00    0.00    0.00    0.00
IF1528.9 1.1871     0.00 9.6094     0.00    0.00    0.00    0.00    0.00
IF1532.1 1.241      0.00 9.6122     0.00    0.00    0.00    0.00    0.00
IF1535.4 1.3236     0.00 9.615      0.00    0.00    0.00    0.00    0.00
IF1538.7 1.4285     0.00 9.6173     0.00    0.00    0.00    0.00    0.00
IF1542.0 1.5655     0.00 9.619      0.00    0.00    0.00    0.00    0.00
IF1545.3 1.6673     0.00 9.6217     0.00    0.00    0.00    0.00    0.00
IF1548.6 1.7479     0.00 9.6249     0.00    0.00    0.00    0.00    0.00
IF1551.8 1.8017     0.00 9.6282     0.00    0.00    0.00    0.00    0.00
IF1555.1 1.9023     0.00 9.631      0.00    0.00    0.00    0.00    0.00
IF1558.4 2.0937     0.00 9.6325     0.00    0.00    0.00    0.00    0.00
IF1561.7 2.285      0.00 9.6349     0.00    0.00    0.00    0.00    0.00
IF1565.0 2.4136     0.00 9.638      0.00    0.00    0.00    0.00    0.00
IF1568.2 2.4997     0.00 9.6418     0.00    0.00    0.00    0.00    0.00
IF1571.5 2.6092     0.00 9.6457     0.00    0.00    0.00    0.00    0.00
IF1574.8 2.7707     0.00 9.6487     0.00    0.00    0.00    0.00    0.00
IF1578.1 2.9321     0.00 9.6521     0.00    0.00    0.00    0.00    0.00
IF1581.4 3.0884     0.00 9.6558     0.00    0.00    0.00    0.00    0.00
IF1584.6 3.2438     0.00 9.6599     0.00    0.00    0.00    0.00    0.00
IF1587.9 3.3971     0.00 9.6649     0.00    0.00    0.00    0.00    0.00
IF1591.2 3.5355     0.00 9.6696     0.00    0.00    0.00    0.00    0.00
IF1594.5 3.6739     0.00 9.6753     0.00    0.00    0.00    0.00    0.00
IF1597.8 3.8229     0.00 9.6812     0.00    0.00    0.00    0.00    0.00
IF1601.0 3.9727     0.00 9.6868     0.00    0.00    0.00    0.00    0.00
IF1604.3 4.1736     0.00 9.6922     0.00    0.00    0.00    0.00    0.00
IF1607.6 4.3745     0.00 9.6984     0.00    0.00    0.00    0.00    0.00
IF1610.9 4.4683     0.00 9.707      0.00    0.00    0.00    0.00    0.00
IF1614.2 4.5221     0.00 9.716      0.00    0.00    0.00    0.00    0.00
IF1617.5 4.6136     0.00 9.7247     0.00    0.00    0.00    0.00    0.00
IF1620.7 4.7104     0.00 9.7323     0.00    0.00    0.00    0.00    0.00
IF1624.0 4.8083     0.00 9.7399     0.00    0.00    0.00    0.00    0.00
IF1627.3 4.8752     0.00 9.7479     0.00    0.00    0.00    0.00    0.00
IF1630.6 4.9367     0.00 9.7556     0.00    0.00    0.00    0.00    0.00
IF1633.9 5.041      0.00 9.7624     0.00    0.00    0.00    0.00    0.00
IF1637.1 5.1621     0.00 9.7686     0.00    0.00    0.00    0.00    0.00
IF1640.4 5.2657     0.00 9.7756     0.00    0.00    0.00    0.00    0.00
IF1643.7 5.3245     0.00 9.7832     0.00    0.00    0.00    0.00    0.00
IF1647.0 5.5248     0.00 9.7883     0.00    0.00    0.00    0.00    0.00
IF1650.3 5.8183     0.00 9.7925     0.00    0.00    0.00    0.00    0.00
IF1653.5 5.9396     0.00 9.8019     0.00    0.00    0.00    0.00    0.00
IF1656.8 6.0473     0.00 9.8122     0.00    0.00    0.00    0.00    0.00
IF1660.1 6.2189     0.00 9.8212     0.00    0.00    0.00    0.00    0.00
IF1663.4 6.4789     0.00 9.8292     0.00    0.00    0.00    0.00    0.00
IF1666.7 6.792      0.00 9.8379     0.00    0.00    0.00    0.00    0.00
IF1669.9 7.1051     0.00 9.8515     0.00    0.00    0.00    0.00    0.00
IF1673.2 7.5203     0.00 9.8673     0.00    0.00    0.00    0.00    0.00
IF1676.5 8.1125     0.00 9.922      0.00    0.00    0.00    0.00    0.00
IF1679.8 8.4248     0.00 9.9863     0.00    0.00    0.00    0.00    0.00
IF1683.1 8.5324     0.00 10.0525    0.00    0.00    0.00    0.00    0.00
IF1686.3 8.6511     0.00 10.0911    0.00    0.00    0.00    0.00    0.00
IF1689.6 8.8837     0.00 10.1164    0.00    0.00    0.00    0.00    0.00
IF1697.0 9.2192     0.00 10.1164    0.00    0.00    0.00    0.00    0.00
IF1701.0 9.416      0.00 10.1164    0.00    0.00    0.00    0.00    0.00
IF1710.4 10.1164    0.00 10.1164    0.00    0.00    0.00    0.00    0.00
AS1975.8 9.8034     0.00 9.8034     0.00    0.00    0.00    0.00    0.00
IF1982.0 9.6457     0.00 9.8034     0.00    0.00    0.00    0.00    0.00
IF1992.5 9.5801     0.00 9.8034     0.00    0.00    0.00    0.00    0.00
IF1997.0 9.5144     0.00 9.8034     0.00    0.00    0.00    0.00    0.00
IF2003.5 9.2192     0.00 9.8034     0.00    0.00    0.00    0.00    0.00
IF2022.0 8.6942     0.00 9.8034     0.00    0.00    0.00    0.00    0.00
IF2029.0 8.8911     0.00 9.8034     0.00    0.00    0.00    0.00    0.00
IF2038.5 8.7598     0.00 9.8034     0.00    0.00    0.00    0.00    0.00
IF2048.0 9.1535     0.00 9.8034     0.00    0.00    0.00    0.00    0.00
IF2057.0 9.416      0.00 9.8034     0.00    0.00    0.00    0.00    0.00
IF2068.3 9.8034     0.00 9.8034     0.00    0.00    0.00    0.00    0.00
AS2244.2 9.3911     0.00 9.3911     0.00    0.00    0.00    0.00    0.00
IF2249.5 8.5958     0.00 9.3911     0.00    0.00    0.00    0.00    0.00
IF2264.5 7.874      0.00 9.3911     0.00    0.00    0.00    0.00    0.00
IF2269.0 7.7756     0.00 9.3911     0.00    0.00    0.00    0.00    0.00
IF2283.0 7.4803     0.00 9.3919     0.00    0.00    0.00    0.00    0.00
IF2289.5 7.4147     0.00 9.3925     0.00    0.00    0.00    0.00    0.00
IF2300.5 6.0039     0.00 9.3934     0.00    0.00    0.00    0.00    0.00
IF2319.0 6.4633     0.00 9.3949     0.00    0.00    0.00    0.00    0.00
IF2329.0 6.3648     0.00 9.3957     0.00    0.00    0.00    0.00    0.00
IF2348.0 6.5945     0.00 9.3972     0.00    0.00    0.00    0.00    0.00
IF2357.0 6.5289     0.00 9.3979     0.00    0.00    0.00    0.00    0.00
IF2372.0 6.4633     0.00 9.3986     0.00    0.00    0.00    0.00    0.00
IF2379.0 6.2336     0.00 9.3988     0.00    0.00    0.00    0.00    0.00
IF2391.5 6.4304     0.00 9.399      0.00    0.00    0.00    0.00    0.00
IF2396.0 6.5289     0.00 9.3991     0.00    0.00    0.00    0.00    0.00
IF2409.0 6.0696     0.00 9.3993     0.00    0.00    0.00    0.00    0.00
IF2417.5 5.8399     0.00 9.3994     0.00    0.00    0.00    0.00    0.00
IF2427.0 5.5446     0.00 9.3995     0.00    0.00    0.00    0.00    0.00
IF2449.0 5.8727     0.00 9.3998     0.00    0.00    0.00    0.00    0.00
IF2456.0 5.7743     0.00 9.4        0.00    0.00    0.00    0.00    0.00
IF2471.0 5.8727     0.00 9.4003     0.00    0.00    0.00    0.00    0.00
IF2483.0 5.9383     0.00 9.4006     0.00    0.00    0.00    0.00    0.00
IF2493.0 5.7743     0.00 9.4009     0.00    0.00    0.00    0.00    0.00
IF2518.5 5.8399     0.00 9.4012     0.00    0.00    0.00    0.00    0.00
IF2529.5 5.9383     0.00 9.4014     0.00    0.00    0.00    0.00    0.00
IF2546.5 6.2992     0.00 9.4016     0.00    0.00    0.00    0.00    0.00
IF2578.0 6.1352     0.00 9.4021     0.00    0.00    0.00    0.00    0.00
IF2585.5 5.8399     0.00 9.4021     0.00    0.00    0.00    0.00    0.00
IF2605.0 6.0039     0.00 9.4027     0.00    0.00    0.00    0.00    0.00
IF2609.5 5.9383     0.00 9.4027     0.00    0.00    0.00    0.00    0.00
IF2622.5 6.0039     0.00 9.403      0.00    0.00    0.00    0.00    0.00
IF2641.0 5.8399     0.00 9.4034     0.00    0.00    0.00    0.00    0.00
IF2655.0 5.7087     0.00 9.4037     0.00    0.00    0.00    0.00    0.00
IF2667.5 5.7743     0.00 9.404      0.00    0.00    0.00    0.00    0.00
IF2679.5 5.643      0.00 9.4042     0.00    0.00    0.00    0.00    0.00
IF2692.0 5.7087     0.00 9.4045     0.00    0.00    0.00    0.00    0.00
IF2724.5 5.7087     0.00 9.4052     0.00    0.00    0.00    0.00    0.00
IF2734.0 5.643      0.00 9.4054     0.00    0.00    0.00    0.00    0.00
IF2749.0 5.643      0.00 9.4059     0.00    0.00    0.00    0.00    0.00
IF2756.0 5.5446     0.00 9.4061     0.00    0.00    0.00    0.00    0.00
IF2774.0 5.3478     0.00 9.4066     0.00    0.00    0.00    0.00    0.00
IF2780.5 5.479      0.00 9.4068     0.00    0.00    0.00    0.00    0.00
IF2798.5 5.4134     0.00 9.4073     0.00    0.00    0.00    0.00    0.00
IF2817.5 5.4134     0.00 9.4077     0.00    0.00    0.00    0.00    0.00
IF2834.5 5.4134     0.00 9.4081     0.00    0.00    0.00    0.00    0.00
IF2841.0 5.2493     0.00 9.4082     0.00    0.00    0.00    0.00    0.00
IF2863.5 5.1181     0.00 9.4084     0.00    0.00    0.00    0.00    0.00
IF2869.5 5.1837     0.00 9.4085     0.00    0.00    0.00    0.00    0.00
IF2890.5 4.3635     0.00 9.4087     0.00    0.00    0.00    0.00    0.00
IF2905.0 4.2979     0.00 9.4088     0.00    0.00    0.00    0.00    0.00
IF2963.5 4.7244     0.00 9.41       0.00    0.00    0.00    0.00    0.00
IF2974.0 4.8885     0.00 9.4101     0.00    0.00    0.00    0.00    0.00
IF2985.5 4.79       0.00 9.4103     0.00    0.00    0.00    0.00    0.00
IF3004.0 4.79       0.00 9.4106     0.00    0.00    0.00    0.00    0.00
IF3013.0 4.8228     0.00 9.4107     0.00    0.00    0.00    0.00    0.00
OF3107.5 -1.9357    0.00 9.4122     0.00    0.00    0.00    0.00    0.00
OF3110.5 -1.8045    0.00 9.4122     0.00    0.00    0.00    0.00    0.00
OF3182.0 -6.4151    0.00 9.4132     0.00    0.00    0.00    0.00    0.00
OF3183.0 -6.415     0.00 9.4132     0.00    0.00    0.00    0.00    0.00
OF3206.0 -6.4126    0.00 9.4131     0.00    0.00    0.00    0.00    0.00
OF3207.0 -6.4125    0.00 9.4131     0.00    0.00    0.00    0.00    0.00
OF3230.0 -6.4101    0.00 9.413      0.00    0.00    0.00    0.00    0.00
OF3231.0 -6.41      0.00 9.413      0.00    0.00    0.00    0.00    0.00
OF3254.0 -6.4077    0.00 9.4128     0.00    0.00    0.00    0.00    0.00
OF3255.0 -6.4076    0.00 9.4128     0.00    0.00    0.00    0.00    0.00
OF3292.0 -6.1144    0.00 9.4128     0.00    0.00    0.00    0.00    0.00
OF3293.0 -6.1033    0.00 9.4128     0.00    0.00    0.00    0.00    0.00
OF3316.0 -5.8458    0.00 9.4131     0.00    0.00    0.00    0.00    0.00
OF3317.0 -5.8347    0.00 9.4131     0.00    0.00    0.00    0.00    0.00
OF3340.0 -5.5354    0.00 9.4134     0.00    0.00    0.00    0.00    0.00
OF3341.0 -5.511     0.00 9.4135     0.00    0.00    0.00    0.00    0.00
OF3364.0 -4.9516    0.00 9.4137     0.00    0.00    0.00    0.00    0.00
OF3365.0 -4.9273    0.00 9.4137     0.00    0.00    0.00    0.00    0.00
OF3415.0 -4.727     0.00 9.4139     0.00    0.00    0.00    0.00    0.00
IF3638.5 4.9541     0.00 9.4169     0.00    0.00    0.00    0.00    0.00
OF3865.0 -6.0321    0.00 9.4219     0.00    0.00    0.00    0.00    0.00
OF3884.0 -6.2285    0.00 9.4221     0.00    0.00    0.00    0.00    0.00
OF3885.0 -6.2285    0.00 9.4221     0.00    0.00    0.00    0.00    0.00
OF3908.0 -6.2276    0.00 9.4223     0.00    0.00    0.00    0.00    0.00
OF3909.0 -6.2276    0.00 9.4223     0.00    0.00    0.00    0.00    0.00
OF3932.0 -6.2268    0.00 9.4224     0.00    0.00    0.00    0.00    0.00
OF3933.0 -6.2268    0.00 9.4224     0.00    0.00    0.00    0.00    0.00
OF3956.0 -5.7833    0.00 9.4225     0.00    0.00    0.00    0.00    0.00
OF3957.0 -5.7227    0.00 9.4225     0.00    0.00    0.00    0.00    0.00
OF3980.0 -4.3288    0.00 9.4226     0.00    0.00    0.00    0.00    0.00
OF3981.0 -4.2682    0.00 9.4226     0.00    0.00    0.00    0.00    0.00
OF4043.0 -0.5273    0.00 9.4228     0.00    0.00    0.00    0.00    0.00
OF4044.0 -0.5191    0.00 9.4228     0.00    0.00    0.00    0.00    0.00
OF4204.0 -1.3945    0.00 9.426      0.00    0.00    0.00    0.00    0.00
OF4205.0 -1.4048    0.00 9.426      0.00    0.00    0.00    0.00    0.00
OF4350.0 -1.7882    0.00 9.427      0.00    0.00    0.00    0.00    0.00
OF4352.0 -1.7836    0.00 9.4271     0.00    0.00    0.00    0.00    0.00
IF4448.0 4.3307     0.00 9.4278     0.00    0.00    0.00    0.00    0.00
IF4471.0 4.101      0.00 9.4279     0.00    0.00    0.00    0.00    0.00
IF4477.5 4.3963     0.00 9.4279     0.00    0.00    0.00    0.00    0.00
IF4558.5 4.7572     0.00 9.4285     0.00    0.00    0.00    0.00    0.00
IF4586.0 4.8556     0.00 9.4288     0.00    0.00    0.00    0.00    0.00
IF4596.0 4.8228     0.00 9.4288     0.00    0.00    0.00    0.00    0.00
IF4611.0 4.9213     0.00 9.4289     0.00    0.00    0.00    0.00    0.00
IF4632.0 4.9869     0.00 9.429      0.00    0.00    0.00    0.00    0.00
IF4651.0 4.9869     0.00 9.4291     0.00    0.00    0.00    0.00    0.00
IF4663.5 5.0525     0.00 9.4293     0.00    0.00    0.00    0.00    0.00
IF4676.5 5.1509     0.00 9.4302     0.00    0.00    0.00    0.00    0.00
IF4685.5 5.0853     0.00 9.4308     0.00    0.00    0.00    0.00    0.00
IF4711.0 4.2651     0.00 9.4325     0.00    0.00    0.00    0.00    0.00
IF4723.5 3.937      0.00 9.4334     0.00    0.00    0.00    0.00    0.00
IF4745.5 3.8714     0.00 9.4348     0.00    0.00    0.00    0.00    0.00
IF4754.0 4.4619     0.00 9.4353     0.00    0.00    0.00    0.00    0.00
IF4777.0 5.0525     0.00 9.4363     0.00    0.00    0.00    0.00    0.00
IF4797.0 5.0525     0.00 9.4369     0.00    0.00    0.00    0.00    0.00
IF4805.5 5.2165     0.00 9.4372     0.00    0.00    0.00    0.00    0.00
IF4836.5 3.4449     0.00 9.4381     0.00    0.00    0.00    0.00    0.00
IF4843.0 2.7559     0.00 9.4383     0.00    0.00    0.00    0.00    0.00
IF5038.0 4.6916     0.00 9.4401     0.00    0.00    0.00    0.00    0.00
IF5047.5 4.8556     0.00 9.4402     0.00    0.00    0.00    0.00    0.00
IF5067.5 4.6916     0.00 9.4402     0.00    0.00    0.00    0.00    0.00
IF5079.5 4.7572     0.00 9.4403     0.00    0.00    0.00    0.00    0.00
IF5094.0 4.8556     0.00 9.4405     0.00    0.00    0.00    0.00    0.00
IF5102.0 4.8228     0.00 9.4406     0.00    0.00    0.00    0.00    0.00
IF5134.5 4.8556     0.00 9.4411     0.00    0.00    0.00    0.00    0.00
IF5142.0 4.6916     0.00 9.4411     0.00    0.00    0.00    0.00    0.00
IF5159.5 4.8556     0.00 9.4412     0.00    0.00    0.00    0.00    0.00
IF5167.0 4.7572     0.00 9.4412     0.00    0.00    0.00    0.00    0.00
IF5188.5 4.9213     0.00 9.4415     0.00    0.00    0.00    0.00    0.00
IF5199.5 4.8556     0.00 9.4418     0.00    0.00    0.00    0.00    0.00
IF5216.5 4.9869     0.00 9.4422     0.00    0.00    0.00    0.00    0.00
IF5224.5 4.7572     0.00 9.4426     0.00    0.00    0.00    0.00    0.00
IF5254.0 4.6916     0.00 9.4439     0.00    0.00    0.00    0.00    0.00
IF5263.5 4.7572     0.00 9.4442     0.00    0.00    0.00    0.00    0.00
IF5284.5 4.5276     0.00 9.4446     0.00    0.00    0.00    0.00    0.00
IF5298.0 4.6916     0.00 9.4449     0.00    0.00    0.00    0.00    0.00
IF5321.5 4.3307     0.00 9.4453     0.00    0.00    0.00    0.00    0.00
IF5326.5 4.626      0.00 9.4454     0.00    0.00    0.00    0.00    0.00
OF5387.0 -0.7217    0.00 9.4475     0.00    0.00    0.00    0.00    0.00
OF5394.5 -0.7874    0.00 9.4478     0.00    0.00    0.00    0.00    0.00
OF5503.0 -1.3085    0.00 9.4494     0.00    0.00    0.00    0.00    0.00
OF5504.0 -1.3059    0.00 9.4495     0.00    0.00    0.00    0.00    0.00
OF5636.0 -5.7464    0.00 9.4516     0.00    0.00    0.00    0.00    0.00
OF5637.0 -5.7463    0.00 9.4516     0.00    0.00    0.00    0.00    0.00
OF5660.0 -5.7458    0.00 9.4517     0.00    0.00    0.00    0.00    0.00
OF5661.0 -5.7458    0.00 9.4517     0.00    0.00    0.00    0.00    0.00
OF5684.0 -5.7437    0.00 9.4518     0.00    0.00    0.00    0.00    0.00
OF5685.0 -5.7435    0.00 9.4518     0.00    0.00    0.00    0.00    0.00
OF5708.0 -5.7384    0.00 9.4519     0.00    0.00    0.00    0.00    0.00
OF5709.0 -5.7382    0.00 9.4519     0.00    0.00    0.00    0.00    0.00
OF5777.0 -0.0594    0.00 9.4512     0.00    0.00    0.00    0.00    0.00
IF5793.5 5.1509     0.00 9.451      0.00    0.00    0.00    0.00    0.00
IF5824.0 5.2822     0.00 9.4502     0.00    0.00    0.00    0.00    0.00
IF5834.5 5.3478     0.00 9.4497     0.00    0.00    0.00    0.00    0.00
IF5846.0 5.2822     0.00 9.449      0.00    0.00    0.00    0.00    0.00
IF5859.5 5.3478     0.00 9.4483     0.00    0.00    0.00    0.00    0.00
IF5873.5 5.2822     0.00 9.4475     0.00    0.00    0.00    0.00    0.00
IF5882.0 5.2165     0.00 9.447      0.00    0.00    0.00    0.00    0.00
IF5893.5 5.1509     0.00 9.4465     0.00    0.00    0.00    0.00    0.00
IF5905.0 5.0525     0.00 9.4463     0.00    0.00    0.00    0.00    0.00
OF5949.0 -1.0827    0.00 9.4456     0.00    0.00    0.00    0.00    0.00
IF6169.0 1.7257     0.00 9.4465     0.00    0.00    0.00    0.00    0.00
IF6272.0 2.3622     0.00 9.5281     0.00    0.00    0.00    0.00    0.00
IF6310.0 4.8556     0.00 9.5349     0.00    0.00    0.00    0.00    0.00
IF6320.5 4.9213     0.00 9.5353     0.00    0.00    0.00    0.00    0.00
IF6347.5 4.626      0.00 9.538      0.00    0.00    0.00    0.00    0.00
IF6357.0 5.2822     0.00 9.5392     0.00    0.00    0.00    0.00    0.00
IF6370.0 5.3478     0.00 9.5408     0.00    0.00    0.00    0.00    0.00
IF6383.5 5.2822     0.00 9.5425     0.00    0.00    0.00    0.00    0.00
IF6400.5 5.6759     0.00 9.5446     0.00    0.00    0.00    0.00    0.00
IF6413.5 6.6929     0.00 9.5461     0.00    0.00    0.00    0.00    0.00
IF6420.5 6.9882     0.00 9.5449     0.00    0.00    0.00    0.00    0.00
IF6433.0 7.3163     0.00 9.5427     0.00    0.00    0.00    0.00    0.00
IF6456.5 8.2677     0.00 9.5386     0.00    0.00    0.00    0.00    0.00
IF6462.0 8.563      0.00 9.5376     0.00    0.00    0.00    0.00    0.00
IF6474.0 9.4816     0.00 9.5376     0.00    0.00    0.00    0.00    0.00
IF6491.9 9.5376     0.00 9.5376     0.00    0.00    0.00    0.00    0.00
AS6495.1 9.5376     0.00 9.5376     0.00    0.00    0.00    0.00    0.00
IF6506.5 8.3235     0.00 9.5376     0.00    0.00    0.00    0.00    0.00
IF6509.5 7.9003     0.00 9.5376     0.00    0.00    0.00    0.00    0.00
IF6520.5 9.5376     0.00 9.5376     0.00    0.00    0.00    0.00    0.00
AS6524.2 9.5376     0.00 9.5376     0.00    0.00    0.00    0.00    0.00
IF6536.5 9.252      0.00 9.5376     0.00    0.00    0.00    0.00    0.00
IF6549.6 9.5376     0.00 9.5376     0.00    0.00    0.00    0.00    0.00
AS6579.8 9.8034     0.00 9.8034     0.00    0.00    0.00    0.00    0.00
IF6588.0 9.1864     0.00 9.8034     0.00    0.00    0.00    0.00    0.00
IF6594.0 9.8034     0.00 9.8034     0.00    0.00    0.00    0.00    0.00
AS6596.2 9.8034     0.00 9.8034     0.00    0.00    0.00    0.00    0.00
IF6601.5 9.3176     0.00 9.8034     0.00    0.00    0.00    0.00    0.00
IF6614.0 9.7769     0.00 9.8034     0.00    0.00    0.00    0.00    0.00
IF6632.5 9.4816     0.00 9.8034     0.00    0.00    0.00    0.00    0.00
IF6648.4 9.8034     0.00 9.8034     0.00    0.00    0.00    0.00    0.00
PS START(374337.6187,4797259.1783)
PS END(372835.9412,4798774.2007)
ET
 
 
 
