header
IE0.0    -22.947       1       1 8.9345  32.3298 14.8      56.14   56.14
OF3.3    -22.903    0.00 8.9386     0.00    0.00    0.00    0.00    0.00
OF6.6    -22.859    0.00 8.9432     0.00    0.00    0.00    0.00    0.00
OF9.8    -22.815    0.00 8.9479     0.00    0.00    0.00    0.00    0.00
OF13.1   -22.771    0.00 8.9524     0.00    0.00    0.00    0.00    0.00
OF16.4   -22.727    0.00 8.9573     0.00    0.00    0.00    0.00    0.00
OF19.7   -22.683    0.00 8.9623     0.00    0.00    0.00    0.00    0.00
OF23.0   -22.642    0.00 8.9671     0.00    0.00    0.00    0.00    0.00
OF26.2   -22.605    0.00 8.9723     0.00    0.00    0.00    0.00    0.00
OF29.5   -22.567    0.00 8.9775     0.00    0.00    0.00    0.00    0.00
OF32.8   -22.529    0.00 8.9827     0.00    0.00    0.00    0.00    0.00
OF36.1   -22.491    0.00 8.9879     0.00    0.00    0.00    0.00    0.00
OF39.4   -22.453    0.00 8.9931     0.00    0.00    0.00    0.00    0.00
OF42.7   -22.415    0.00 8.9983     0.00    0.00    0.00    0.00    0.00
OF45.9   -22.377    0.00 9.0031     0.00    0.00    0.00    0.00    0.00
OF49.2   -22.339    0.00 9.0083     0.00    0.00    0.00    0.00    0.00
OF52.5   -22.301    0.00 9.0135     0.00    0.00    0.00    0.00    0.00
OF55.8   -22.264    0.00 9.0187     0.00    0.00    0.00    0.00    0.00
OF59.1   -22.226    0.00 9.0238     0.00    0.00    0.00    0.00    0.00
OF62.3   -22.188    0.00 9.0289     0.00    0.00    0.00    0.00    0.00
OF65.6   -22.150    0.00 9.0336     0.00    0.00    0.00    0.00    0.00
OF68.9   -22.112    0.00 9.0386     0.00    0.00    0.00    0.00    0.00
OF72.2   -22.074    0.00 9.0437     0.00    0.00    0.00    0.00    0.00
OF75.5   -22.036    0.00 9.0486     0.00    0.00    0.00    0.00    0.00
OF78.7   -21.998    0.00 9.0535     0.00    0.00    0.00    0.00    0.00
OF82.0   -21.960    0.00 9.0584     0.00    0.00    0.00    0.00    0.00
OF85.3   -21.922    0.00 9.0632     0.00    0.00    0.00    0.00    0.00
OF88.6   -21.885    0.00 9.0676     0.00    0.00    0.00    0.00    0.00
OF91.9   -21.85     0.00 9.0724     0.00    0.00    0.00    0.00    0.00
OF95.1   -21.815    0.00 9.0771     0.00    0.00    0.00    0.00    0.00
OF98.4   -21.780    0.00 9.0817     0.00    0.00    0.00    0.00    0.00
OF101.7  -21.746    0.00 9.0863     0.00    0.00    0.00    0.00    0.00
OF105.0  -21.711    0.00 9.0909     0.00    0.00    0.00    0.00    0.00
OF108.3  -21.676    0.00 9.0953     0.00    0.00    0.00    0.00    0.00
OF111.5  -21.642    0.00 9.0998     0.00    0.00    0.00    0.00    0.00
OF114.8  -21.608    0.00 9.1042     0.00    0.00    0.00    0.00    0.00
OF118.1  -21.578    0.00 9.1085     0.00    0.00    0.00    0.00    0.00
OF121.4  -21.548    0.00 9.1128     0.00    0.00    0.00    0.00    0.00
OF124.7  -21.518    0.00 9.117      0.00    0.00    0.00    0.00    0.00
OF128.0  -21.488    0.00 9.1212     0.00    0.00    0.00    0.00    0.00
OF131.2  -21.458    0.00 9.1253     0.00    0.00    0.00    0.00    0.00
OF134.5  -21.427    0.00 9.1294     0.00    0.00    0.00    0.00    0.00
OF137.8  -21.397    0.00 9.1338     0.00    0.00    0.00    0.00    0.00
OF141.1  -21.368    0.00 9.1377     0.00    0.00    0.00    0.00    0.00
OF144.4  -21.34     0.00 9.1417     0.00    0.00    0.00    0.00    0.00
OF147.6  -21.311    0.00 9.1455     0.00    0.00    0.00    0.00    0.00
OF150.9  -21.283    0.00 9.1494     0.00    0.00    0.00    0.00    0.00
OF154.2  -21.254    0.00 9.1532     0.00    0.00    0.00    0.00    0.00
OF157.5  -21.226    0.00 9.1573     0.00    0.00    0.00    0.00    0.00
OF160.8  -21.197    0.00 9.1614     0.00    0.00    0.00    0.00    0.00
OF164.0  -21.169    0.00 9.1659     0.00    0.00    0.00    0.00    0.00
OF167.3  -21.140    0.00 9.1699     0.00    0.00    0.00    0.00    0.00
OF170.6  -21.112    0.00 9.1739     0.00    0.00    0.00    0.00    0.00
OF173.9  -21.084    0.00 9.1778     0.00    0.00    0.00    0.00    0.00
OF177.2  -21.055    0.00 9.1817     0.00    0.00    0.00    0.00    0.00
OF180.4  -21.027    0.00 9.1855     0.00    0.00    0.00    0.00    0.00
OF183.7  -20.998    0.00 9.1891     0.00    0.00    0.00    0.00    0.00
OF187.0  -20.970    0.00 9.1926     0.00    0.00    0.00    0.00    0.00
OF190.3  -20.941    0.00 9.1965     0.00    0.00    0.00    0.00    0.00
OF193.6  -20.913    0.00 9.1999     0.00    0.00    0.00    0.00    0.00
OF196.8  -20.884    0.00 9.2033     0.00    0.00    0.00    0.00    0.00
OF200.1  -20.856    0.00 9.2065     0.00    0.00    0.00    0.00    0.00
OF203.4  -20.827    0.00 9.2095     0.00    0.00    0.00    0.00    0.00
OF206.7  -20.799    0.00 9.2125     0.00    0.00    0.00    0.00    0.00
OF210.0  -20.771    0.00 9.2155     0.00    0.00    0.00    0.00    0.00
OF213.3  -20.742    0.00 9.2188     0.00    0.00    0.00    0.00    0.00
OF216.5  -20.714    0.00 9.2217     0.00    0.00    0.00    0.00    0.00
OF219.8  -20.685    0.00 9.2245     0.00    0.00    0.00    0.00    0.00
OF223.1  -20.657    0.00 9.2273     0.00    0.00    0.00    0.00    0.00
OF226.4  -20.613    0.00 9.2301     0.00    0.00    0.00    0.00    0.00
OF229.7  -20.564    0.00 9.2325     0.00    0.00    0.00    0.00    0.00
OF232.9  -20.515    0.00 9.2353     0.00    0.00    0.00    0.00    0.00
OF236.2  -20.466    0.00 9.2376     0.00    0.00    0.00    0.00    0.00
OF239.5  -20.417    0.00 9.2404     0.00    0.00    0.00    0.00    0.00
OF242.8  -20.367    0.00 9.2428     0.00    0.00    0.00    0.00    0.00
OF246.1  -20.318    0.00 9.2455     0.00    0.00    0.00    0.00    0.00
OF249.3  -20.269    0.00 9.2479     0.00    0.00    0.00    0.00    0.00
OF252.6  -20.220    0.00 9.2506     0.00    0.00    0.00    0.00    0.00
OF255.9  -20.171    0.00 9.253      0.00    0.00    0.00    0.00    0.00
OF259.2  -20.121    0.00 9.2557     0.00    0.00    0.00    0.00    0.00
OF262.5  -20.072    0.00 9.2581     0.00    0.00    0.00    0.00    0.00
OF265.7  -20.023    0.00 9.2608     0.00    0.00    0.00    0.00    0.00
OF269.0  -19.974    0.00 9.2631     0.00    0.00    0.00    0.00    0.00
OF272.3  -19.925    0.00 9.2658     0.00    0.00    0.00    0.00    0.00
OF275.6  -19.875    0.00 9.2681     0.00    0.00    0.00    0.00    0.00
OF278.9  -19.827    0.00 9.2707     0.00    0.00    0.00    0.00    0.00
OF282.2  -19.779    0.00 9.273      0.00    0.00    0.00    0.00    0.00
OF285.4  -19.731    0.00 9.2757     0.00    0.00    0.00    0.00    0.00
OF288.7  -19.683    0.00 9.2779     0.00    0.00    0.00    0.00    0.00
OF292.0  -19.635    0.00 9.2806     0.00    0.00    0.00    0.00    0.00
OF295.3  -19.587    0.00 9.2828     0.00    0.00    0.00    0.00    0.00
OF298.6  -19.539    0.00 9.2854     0.00    0.00    0.00    0.00    0.00
OF301.8  -19.492    0.00 9.2877     0.00    0.00    0.00    0.00    0.00
OF305.1  -19.444    0.00 9.2902     0.00    0.00    0.00    0.00    0.00
OF308.4  -19.396    0.00 9.2928     0.00    0.00    0.00    0.00    0.00
OF311.7  -19.348    0.00 9.295      0.00    0.00    0.00    0.00    0.00
OF315.0  -19.300    0.00 9.2975     0.00    0.00    0.00    0.00    0.00
OF318.2  -19.252    0.00 9.2995     0.00    0.00    0.00    0.00    0.00
OF321.5  -19.204    0.00 9.3019     0.00    0.00    0.00    0.00    0.00
OF324.8  -19.156    0.00 9.304      0.00    0.00    0.00    0.00    0.00
OF328.1  -19.108    0.00 9.3064     0.00    0.00    0.00    0.00    0.00
OF331.4  -19.060    0.00 9.3084     0.00    0.00    0.00    0.00    0.00
OF334.6  -19.013    0.00 9.3108     0.00    0.00    0.00    0.00    0.00
OF337.9  -18.952    0.00 9.3129     0.00    0.00    0.00    0.00    0.00
OF341.2  -18.886    0.00 9.3149     0.00    0.00    0.00    0.00    0.00
OF344.5  -18.820    0.00 9.317      0.00    0.00    0.00    0.00    0.00
OF347.8  -18.754    0.00 9.319      0.00    0.00    0.00    0.00    0.00
OF351.0  -18.688    0.00 9.3211     0.00    0.00    0.00    0.00    0.00
OF354.3  -18.623    0.00 9.3231     0.00    0.00    0.00    0.00    0.00
OF357.6  -18.557    0.00 9.3252     0.00    0.00    0.00    0.00    0.00
OF360.9  -18.491    0.00 9.3272     0.00    0.00    0.00    0.00    0.00
OF364.2  -18.425    0.00 9.3293     0.00    0.00    0.00    0.00    0.00
OF367.5  -18.359    0.00 9.3313     0.00    0.00    0.00    0.00    0.00
OF370.7  -18.293    0.00 9.3334     0.00    0.00    0.00    0.00    0.00
OF374.0  -18.227    0.00 9.3355     0.00    0.00    0.00    0.00    0.00
OF377.3  -18.161    0.00 9.3375     0.00    0.00    0.00    0.00    0.00
OF380.6  -18.095    0.00 9.3395     0.00    0.00    0.00    0.00    0.00
OF383.9  -18.029    0.00 9.3415     0.00    0.00    0.00    0.00    0.00
OF387.1  -17.963    0.00 9.3435     0.00    0.00    0.00    0.00    0.00
OF390.4  -17.897    0.00 9.3456     0.00    0.00    0.00    0.00    0.00
OF393.7  -17.831    0.00 9.3476     0.00    0.00    0.00    0.00    0.00
OF397.0  -17.765    0.00 9.3497     0.00    0.00    0.00    0.00    0.00
OF400.3  -17.7      0.00 9.3517     0.00    0.00    0.00    0.00    0.00
OF403.5  -17.634    0.00 9.3538     0.00    0.00    0.00    0.00    0.00
OF406.8  -17.568    0.00 9.3558     0.00    0.00    0.00    0.00    0.00
OF410.1  -17.502    0.00 9.3579     0.00    0.00    0.00    0.00    0.00
OF413.4  -17.436    0.00 9.36       0.00    0.00    0.00    0.00    0.00
OF416.7  -17.370    0.00 9.362      0.00    0.00    0.00    0.00    0.00
OF419.9  -17.304    0.00 9.3641     0.00    0.00    0.00    0.00    0.00
OF423.2  -17.238    0.00 9.3662     0.00    0.00    0.00    0.00    0.00
OF426.5  -17.166    0.00 9.3684     0.00    0.00    0.00    0.00    0.00
OF429.8  -17.094    0.00 9.3701     0.00    0.00    0.00    0.00    0.00
OF433.1  -17.021    0.00 9.3722     0.00    0.00    0.00    0.00    0.00
OF436.4  -16.949    0.00 9.3744     0.00    0.00    0.00    0.00    0.00
OF439.6  -16.877    0.00 9.3766     0.00    0.00    0.00    0.00    0.00
OF442.9  -16.805    0.00 9.3787     0.00    0.00    0.00    0.00    0.00
OF446.2  -16.733    0.00 9.3806     0.00    0.00    0.00    0.00    0.00
OF449.5  -16.678    0.00 9.3832     0.00    0.00    0.00    0.00    0.00
OF452.8  -16.628    0.00 9.3854     0.00    0.00    0.00    0.00    0.00
OF456.0  -16.577    0.00 9.388      0.00    0.00    0.00    0.00    0.00
OF459.3  -16.526    0.00 9.3902     0.00    0.00    0.00    0.00    0.00
OF462.6  -16.475    0.00 9.3925     0.00    0.00    0.00    0.00    0.00
OF465.9  -16.424    0.00 9.3951     0.00    0.00    0.00    0.00    0.00
OF469.2  -16.373    0.00 9.3973     0.00    0.00    0.00    0.00    0.00
OF472.4  -16.322    0.00 9.3999     0.00    0.00    0.00    0.00    0.00
OF475.7  -16.271    0.00 9.4021     0.00    0.00    0.00    0.00    0.00
OF479.0  -16.211    0.00 9.4043     0.00    0.00    0.00    0.00    0.00
OF482.3  -16.144    0.00 9.4065     0.00    0.00    0.00    0.00    0.00
OF485.6  -16.078    0.00 9.4087     0.00    0.00    0.00    0.00    0.00
OF488.8  -16.011    0.00 9.4109     0.00    0.00    0.00    0.00    0.00
OF492.1  -15.944    0.00 9.4132     0.00    0.00    0.00    0.00    0.00
OF495.4  -15.878    0.00 9.4154     0.00    0.00    0.00    0.00    0.00
OF498.7  -15.811    0.00 9.4176     0.00    0.00    0.00    0.00    0.00
OF502.0  -15.745    0.00 9.4198     0.00    0.00    0.00    0.00    0.00
OF505.2  -15.678    0.00 9.4221     0.00    0.00    0.00    0.00    0.00
OF508.5  -15.612    0.00 9.4243     0.00    0.00    0.00    0.00    0.00
OF511.8  -15.545    0.00 9.4266     0.00    0.00    0.00    0.00    0.00
OF515.1  -15.479    0.00 9.4289     0.00    0.00    0.00    0.00    0.00
OF518.4  -15.412    0.00 9.4312     0.00    0.00    0.00    0.00    0.00
OF521.7  -15.345    0.00 9.4335     0.00    0.00    0.00    0.00    0.00
OF524.9  -15.279    0.00 9.4358     0.00    0.00    0.00    0.00    0.00
OF528.2  -15.212    0.00 9.4381     0.00    0.00    0.00    0.00    0.00
OF531.5  -15.146    0.00 9.4404     0.00    0.00    0.00    0.00    0.00
OF534.8  -15.079    0.00 9.4427     0.00    0.00    0.00    0.00    0.00
OF538.1  -15.013    0.00 9.445      0.00    0.00    0.00    0.00    0.00
OF541.3  -14.946    0.00 9.4473     0.00    0.00    0.00    0.00    0.00
OF544.6  -14.879    0.00 9.4497     0.00    0.00    0.00    0.00    0.00
OF547.9  -14.813    0.00 9.452      0.00    0.00    0.00    0.00    0.00
OF551.2  -14.746    0.00 9.4543     0.00    0.00    0.00    0.00    0.00
OF554.5  -14.680    0.00 9.4566     0.00    0.00    0.00    0.00    0.00
OF557.7  -14.611    0.00 9.459      0.00    0.00    0.00    0.00    0.00
OF561.0  -14.540    0.00 9.4613     0.00    0.00    0.00    0.00    0.00
OF564.3  -14.468    0.00 9.4633     0.00    0.00    0.00    0.00    0.00
OF567.6  -14.397    0.00 9.4656     0.00    0.00    0.00    0.00    0.00
OF570.9  -14.326    0.00 9.468      0.00    0.00    0.00    0.00    0.00
OF574.1  -14.254    0.00 9.4704     0.00    0.00    0.00    0.00    0.00
OF577.4  -14.183    0.00 9.4728     0.00    0.00    0.00    0.00    0.00
OF580.7  -14.111    0.00 9.4748     0.00    0.00    0.00    0.00    0.00
OF584.0  -14.040    0.00 9.4773     0.00    0.00    0.00    0.00    0.00
OF587.3  -13.969    0.00 9.4797     0.00    0.00    0.00    0.00    0.00
OF590.5  -13.897    0.00 9.4822     0.00    0.00    0.00    0.00    0.00
OF593.8  -13.826    0.00 9.4847     0.00    0.00    0.00    0.00    0.00
OF597.1  -13.755    0.00 9.4872     0.00    0.00    0.00    0.00    0.00
OF600.4  -13.683    0.00 9.4893     0.00    0.00    0.00    0.00    0.00
OF603.7  -13.612    0.00 9.4919     0.00    0.00    0.00    0.00    0.00
OF607.0  -13.540    0.00 9.4944     0.00    0.00    0.00    0.00    0.00
OF610.2  -13.469    0.00 9.497      0.00    0.00    0.00    0.00    0.00
OF613.5  -13.398    0.00 9.4995     0.00    0.00    0.00    0.00    0.00
OF616.8  -13.326    0.00 9.5021     0.00    0.00    0.00    0.00    0.00
OF620.1  -13.255    0.00 9.5042     0.00    0.00    0.00    0.00    0.00
OF623.4  -13.184    0.00 9.5068     0.00    0.00    0.00    0.00    0.00
OF626.6  -13.112    0.00 9.5094     0.00    0.00    0.00    0.00    0.00
OF629.9  -13.041    0.00 9.512      0.00    0.00    0.00    0.00    0.00
OF633.2  -12.969    0.00 9.5146     0.00    0.00    0.00    0.00    0.00
OF636.5  -12.898    0.00 9.5168     0.00    0.00    0.00    0.00    0.00
OF639.8  -12.827    0.00 9.5195     0.00    0.00    0.00    0.00    0.00
OF643.0  -12.760    0.00 9.5221     0.00    0.00    0.00    0.00    0.00
OF646.3  -12.693    0.00 9.5248     0.00    0.00    0.00    0.00    0.00
OF649.6  -12.627    0.00 9.5274     0.00    0.00    0.00    0.00    0.00
OF652.9  -12.560    0.00 9.53       0.00    0.00    0.00    0.00    0.00
OF656.2  -12.493    0.00 9.5327     0.00    0.00    0.00    0.00    0.00
OF659.4  -12.427    0.00 9.5353     0.00    0.00    0.00    0.00    0.00
OF662.7  -12.360    0.00 9.5379     0.00    0.00    0.00    0.00    0.00
OF666.0  -12.290    0.00 9.5405     0.00    0.00    0.00    0.00    0.00
OF669.3  -12.217    0.00 9.5431     0.00    0.00    0.00    0.00    0.00
OF672.6  -12.143    0.00 9.5453     0.00    0.00    0.00    0.00    0.00
OF675.9  -12.070    0.00 9.5479     0.00    0.00    0.00    0.00    0.00
OF679.1  -11.996    0.00 9.5506     0.00    0.00    0.00    0.00    0.00
OF682.4  -11.923    0.00 9.5532     0.00    0.00    0.00    0.00    0.00
OF685.7  -11.850    0.00 9.5558     0.00    0.00    0.00    0.00    0.00
OF689.0  -11.776    0.00 9.5581     0.00    0.00    0.00    0.00    0.00
OF692.3  -11.703    0.00 9.5608     0.00    0.00    0.00    0.00    0.00
OF695.5  -11.629    0.00 9.5634     0.00    0.00    0.00    0.00    0.00
OF698.8  -11.556    0.00 9.5661     0.00    0.00    0.00    0.00    0.00
OF702.1  -11.483    0.00 9.5684     0.00    0.00    0.00    0.00    0.00
OF705.4  -11.409    0.00 9.5712     0.00    0.00    0.00    0.00    0.00
OF708.7  -11.336    0.00 9.5739     0.00    0.00    0.00    0.00    0.00
OF711.9  -11.262    0.00 9.5766     0.00    0.00    0.00    0.00    0.00
OF715.2  -11.188    0.00 9.579      0.00    0.00    0.00    0.00    0.00
OF718.5  -11.113    0.00 9.5818     0.00    0.00    0.00    0.00    0.00
OF721.8  -11.039    0.00 9.5845     0.00    0.00    0.00    0.00    0.00
OF725.1  -10.965    0.00 9.5873     0.00    0.00    0.00    0.00    0.00
OF728.3  -10.891    0.00 9.5897     0.00    0.00    0.00    0.00    0.00
OF731.6  -10.816    0.00 9.5925     0.00    0.00    0.00    0.00    0.00
OF734.9  -10.742    0.00 9.5953     0.00    0.00    0.00    0.00    0.00
OF738.2  -10.668    0.00 9.5977     0.00    0.00    0.00    0.00    0.00
OF741.5  -10.594    0.00 9.6005     0.00    0.00    0.00    0.00    0.00
OF744.7  -10.519    0.00 9.6033     0.00    0.00    0.00    0.00    0.00
OF748.0  -10.445    0.00 9.6061     0.00    0.00    0.00    0.00    0.00
OF751.3  -10.371    0.00 9.6086     0.00    0.00    0.00    0.00    0.00
OF754.6  -10.297    0.00 9.6114     0.00    0.00    0.00    0.00    0.00
OF757.9  -10.222    0.00 9.6143     0.00    0.00    0.00    0.00    0.00
OF761.2  -10.148    0.00 9.6171     0.00    0.00    0.00    0.00    0.00
OF764.4  -10.074    0.00 9.6196     0.00    0.00    0.00    0.00    0.00
OF767.7  -10.000    0.00 9.6225     0.00    0.00    0.00    0.00    0.00
OF771.0  -9.9296    0.00 9.6253     0.00    0.00    0.00    0.00    0.00
OF774.3  -9.88      0.00 9.6282     0.00    0.00    0.00    0.00    0.00
OF777.6  -9.8304    0.00 9.6314     0.00    0.00    0.00    0.00    0.00
OF780.8  -9.7809    0.00 9.6342     0.00    0.00    0.00    0.00    0.00
OF784.1  -9.7313    0.00 9.6373     0.00    0.00    0.00    0.00    0.00
OF787.4  -9.6818    0.00 9.6401     0.00    0.00    0.00    0.00    0.00
OF790.7  -9.6322    0.00 9.6432     0.00    0.00    0.00    0.00    0.00
OF794.0  -9.5826    0.00 9.6459     0.00    0.00    0.00    0.00    0.00
OF797.2  -9.5331    0.00 9.649      0.00    0.00    0.00    0.00    0.00
OF800.5  -9.4835    0.00 9.6517     0.00    0.00    0.00    0.00    0.00
OF803.8  -9.4339    0.00 9.6547     0.00    0.00    0.00    0.00    0.00
OF807.1  -9.3844    0.00 9.6573     0.00    0.00    0.00    0.00    0.00
OF810.4  -9.3348    0.00 9.6603     0.00    0.00    0.00    0.00    0.00
OF813.6  -9.2853    0.00 9.6629     0.00    0.00    0.00    0.00    0.00
OF816.9  -9.2357    0.00 9.6658     0.00    0.00    0.00    0.00    0.00
OF820.2  -9.1862    0.00 9.6684     0.00    0.00    0.00    0.00    0.00
OF823.5  -9.1366    0.00 9.6713     0.00    0.00    0.00    0.00    0.00
OF826.8  -9.087     0.00 9.6738     0.00    0.00    0.00    0.00    0.00
OF830.1  -9.0375    0.00 9.6767     0.00    0.00    0.00    0.00    0.00
OF833.3  -8.9879    0.00 9.6792     0.00    0.00    0.00    0.00    0.00
OF836.6  -8.9384    0.00 9.682      0.00    0.00    0.00    0.00    0.00
OF839.9  -8.8888    0.00 9.6845     0.00    0.00    0.00    0.00    0.00
OF843.2  -8.8393    0.00 9.6873     0.00    0.00    0.00    0.00    0.00
OF846.5  -8.7897    0.00 9.6897     0.00    0.00    0.00    0.00    0.00
OF849.7  -8.7402    0.00 9.6924     0.00    0.00    0.00    0.00    0.00
OF853.0  -8.6906    0.00 9.6948     0.00    0.00    0.00    0.00    0.00
OF856.3  -8.641     0.00 9.6976     0.00    0.00    0.00    0.00    0.00
OF859.6  -8.5915    0.00 9.6999     0.00    0.00    0.00    0.00    0.00
OF862.9  -8.5425    0.00 9.7026     0.00    0.00    0.00    0.00    0.00
OF866.1  -8.5041    0.00 9.7053     0.00    0.00    0.00    0.00    0.00
OF869.4  -8.466     0.00 9.7076     0.00    0.00    0.00    0.00    0.00
OF872.7  -8.428     0.00 9.7102     0.00    0.00    0.00    0.00    0.00
OF876.0  -8.3912    0.00 9.7128     0.00    0.00    0.00    0.00    0.00
OF879.3  -8.3666    0.00 9.7154     0.00    0.00    0.00    0.00    0.00
OF882.5  -8.342     0.00 9.7183     0.00    0.00    0.00    0.00    0.00
OF885.8  -8.3175    0.00 9.7208     0.00    0.00    0.00    0.00    0.00
OF889.1  -8.2929    0.00 9.7233     0.00    0.00    0.00    0.00    0.00
OF892.4  -8.2683    0.00 9.7257     0.00    0.00    0.00    0.00    0.00
OF895.7  -8.2438    0.00 9.7285     0.00    0.00    0.00    0.00    0.00
OF898.9  -8.2192    0.00 9.7308     0.00    0.00    0.00    0.00    0.00
OF902.2  -8.1947    0.00 9.7332     0.00    0.00    0.00    0.00    0.00
OF905.5  -8.1701    0.00 9.7355     0.00    0.00    0.00    0.00    0.00
OF908.8  -8.1455    0.00 9.7381     0.00    0.00    0.00    0.00    0.00
OF912.1  -8.1209    0.00 9.7403     0.00    0.00    0.00    0.00    0.00
OF915.4  -8.0964    0.00 9.7425     0.00    0.00    0.00    0.00    0.00
OF918.6  -8.0718    0.00 9.7447     0.00    0.00    0.00    0.00    0.00
OF921.9  -8.0473    0.00 9.7471     0.00    0.00    0.00    0.00    0.00
OF925.2  -8.0227    0.00 9.7492     0.00    0.00    0.00    0.00    0.00
OF928.5  -7.9981    0.00 9.7513     0.00    0.00    0.00    0.00    0.00
OF931.8  -7.9736    0.00 9.7533     0.00    0.00    0.00    0.00    0.00
OF935.0  -7.949     0.00 9.7556     0.00    0.00    0.00    0.00    0.00
OF938.3  -7.9244    0.00 9.7576     0.00    0.00    0.00    0.00    0.00
OF941.6  -7.8999    0.00 9.7596     0.00    0.00    0.00    0.00    0.00
OF944.9  -7.8753    0.00 9.7615     0.00    0.00    0.00    0.00    0.00
OF948.2  -7.8507    0.00 9.7637     0.00    0.00    0.00    0.00    0.00
OF951.4  -7.8262    0.00 9.7656     0.00    0.00    0.00    0.00    0.00
OF954.7  -7.8016    0.00 9.7675     0.00    0.00    0.00    0.00    0.00
OF958.0  -7.777     0.00 9.7693     0.00    0.00    0.00    0.00    0.00
OF961.3  -7.7525    0.00 9.7714     0.00    0.00    0.00    0.00    0.00
OF964.6  -7.7279    0.00 9.7732     0.00    0.00    0.00    0.00    0.00
OF967.8  -7.7033    0.00 9.775      0.00    0.00    0.00    0.00    0.00
OF971.1  -7.6788    0.00 9.7767     0.00    0.00    0.00    0.00    0.00
OF974.4  -7.6511    0.00 9.7787     0.00    0.00    0.00    0.00    0.00
OF977.7  -7.6117    0.00 9.7801     0.00    0.00    0.00    0.00    0.00
OF981.0  -7.576     0.00 9.7818     0.00    0.00    0.00    0.00    0.00
OF984.2  -7.5458    0.00 9.7835     0.00    0.00    0.00    0.00    0.00
OF987.5  -7.5157    0.00 9.7852     0.00    0.00    0.00    0.00    0.00
OF990.8  -7.4855    0.00 9.7869     0.00    0.00    0.00    0.00    0.00
OF994.1  -7.4565    0.00 9.7888     0.00    0.00    0.00    0.00    0.00
OF997.4  -7.4319    0.00 9.7904     0.00    0.00    0.00    0.00    0.00
OF1000.7 -7.4074    0.00 9.792      0.00    0.00    0.00    0.00    0.00
OF1003.9 -7.3828    0.00 9.7936     0.00    0.00    0.00    0.00    0.00
OF1007.2 -7.3582    0.00 9.7955     0.00    0.00    0.00    0.00    0.00
OF1010.5 -7.3337    0.00 9.7971     0.00    0.00    0.00    0.00    0.00
OF1013.8 -7.3091    0.00 9.7986     0.00    0.00    0.00    0.00    0.00
OF1017.1 -7.2846    0.00 9.8001     0.00    0.00    0.00    0.00    0.00
OF1020.3 -7.26      0.00 9.8019     0.00    0.00    0.00    0.00    0.00
OF1023.6 -7.2354    0.00 9.8034     0.00    0.00    0.00    0.00    0.00
OF1026.9 -7.2109    0.00 9.8049     0.00    0.00    0.00    0.00    0.00
OF1030.2 -7.1863    0.00 9.8063     0.00    0.00    0.00    0.00    0.00
OF1033.5 -7.1618    0.00 9.8081     0.00    0.00    0.00    0.00    0.00
OF1036.7 -7.1372    0.00 9.8095     0.00    0.00    0.00    0.00    0.00
OF1040.0 -7.1126    0.00 9.8109     0.00    0.00    0.00    0.00    0.00
OF1043.3 -7.0881    0.00 9.8123     0.00    0.00    0.00    0.00    0.00
OF1046.6 -7.0635    0.00 9.814      0.00    0.00    0.00    0.00    0.00
OF1049.9 -7.0389    0.00 9.8154     0.00    0.00    0.00    0.00    0.00
OF1053.1 -7.0144    0.00 9.8167     0.00    0.00    0.00    0.00    0.00
OF1056.4 -6.9898    0.00 9.8181     0.00    0.00    0.00    0.00    0.00
OF1059.7 -6.9653    0.00 9.8197     0.00    0.00    0.00    0.00    0.00
OF1063.0 -6.9407    0.00 9.821      0.00    0.00    0.00    0.00    0.00
OF1066.3 -6.9161    0.00 9.8223     0.00    0.00    0.00    0.00    0.00
OF1069.6 -6.8916    0.00 9.8236     0.00    0.00    0.00    0.00    0.00
OF1072.8 -6.867     0.00 9.8252     0.00    0.00    0.00    0.00    0.00
OF1076.1 -6.8425    0.00 9.8265     0.00    0.00    0.00    0.00    0.00
OF1079.4 -6.8179    0.00 9.8278     0.00    0.00    0.00    0.00    0.00
OF1082.7 -6.7933    0.00 9.829      0.00    0.00    0.00    0.00    0.00
OF1086.0 -6.7338    0.00 9.8303     0.00    0.00    0.00    0.00    0.00
OF1089.2 -6.6502    0.00 9.831      0.00    0.00    0.00    0.00    0.00
OF1092.5 -6.5667    0.00 9.8317     0.00    0.00    0.00    0.00    0.00
OF1095.8 -6.4832    0.00 9.8328     0.00    0.00    0.00    0.00    0.00
OF1099.1 -6.3996    0.00 9.8336     0.00    0.00    0.00    0.00    0.00
OF1102.4 -6.3161    0.00 9.8347     0.00    0.00    0.00    0.00    0.00
OF1105.6 -6.2326    0.00 9.8356     0.00    0.00    0.00    0.00    0.00
OF1108.9 -6.149     0.00 9.8368     0.00    0.00    0.00    0.00    0.00
OF1112.2 -6.0655    0.00 9.8377     0.00    0.00    0.00    0.00    0.00
OF1115.5 -5.9819    0.00 9.839      0.00    0.00    0.00    0.00    0.00
OF1118.8 -5.8984    0.00 9.84       0.00    0.00    0.00    0.00    0.00
OF1122.0 -5.8149    0.00 9.8413     0.00    0.00    0.00    0.00    0.00
OF1125.3 -5.7313    0.00 9.8423     0.00    0.00    0.00    0.00    0.00
OF1128.6 -5.6478    0.00 9.8434     0.00    0.00    0.00    0.00    0.00
OF1131.9 -5.5642    0.00 9.8449     0.00    0.00    0.00    0.00    0.00
OF1135.2 -5.4807    0.00 9.846      0.00    0.00    0.00    0.00    0.00
OF1138.4 -5.3971    0.00 9.8476     0.00    0.00    0.00    0.00    0.00
OF1141.7 -5.3134    0.00 9.8488     0.00    0.00    0.00    0.00    0.00
OF1145.0 -5.2296    0.00 9.8504     0.00    0.00    0.00    0.00    0.00
OF1148.3 -5.1459    0.00 9.8517     0.00    0.00    0.00    0.00    0.00
OF1151.6 -5.0621    0.00 9.8533     0.00    0.00    0.00    0.00    0.00
OF1154.9 -4.9783    0.00 9.8547     0.00    0.00    0.00    0.00    0.00
OF1158.1 -4.8946    0.00 9.8564     0.00    0.00    0.00    0.00    0.00
OF1161.4 -4.8108    0.00 9.8579     0.00    0.00    0.00    0.00    0.00
OF1164.7 -4.7271    0.00 9.8593     0.00    0.00    0.00    0.00    0.00
OF1168.0 -4.6433    0.00 9.8612     0.00    0.00    0.00    0.00    0.00
OF1171.3 -4.5596    0.00 9.8627     0.00    0.00    0.00    0.00    0.00
OF1174.5 -4.4758    0.00 9.8647     0.00    0.00    0.00    0.00    0.00
OF1177.8 -4.3921    0.00 9.8663     0.00    0.00    0.00    0.00    0.00
OF1181.1 -4.3083    0.00 9.8683     0.00    0.00    0.00    0.00    0.00
OF1184.4 -4.2246    0.00 9.87       0.00    0.00    0.00    0.00    0.00
OF1187.7 -4.1938    0.00 9.8724     0.00    0.00    0.00    0.00    0.00
OF1190.9 -4.1761    0.00 9.8751     0.00    0.00    0.00    0.00    0.00
OF1194.2 -4.1584    0.00 9.8774     0.00    0.00    0.00    0.00    0.00
OF1197.5 -4.1408    0.00 9.8801     0.00    0.00    0.00    0.00    0.00
OF1200.8 -4.1231    0.00 9.8823     0.00    0.00    0.00    0.00    0.00
OF1204.1 -4.1055    0.00 9.8845     0.00    0.00    0.00    0.00    0.00
OF1207.3 -4.0878    0.00 9.887      0.00    0.00    0.00    0.00    0.00
OF1210.6 -4.0701    0.00 9.8891     0.00    0.00    0.00    0.00    0.00
OF1213.9 -4.0525    0.00 9.8915     0.00    0.00    0.00    0.00    0.00
OF1217.2 -4.0348    0.00 9.8935     0.00    0.00    0.00    0.00    0.00
OF1220.5 -4.0171    0.00 9.8958     0.00    0.00    0.00    0.00    0.00
OF1223.8 -3.9995    0.00 9.8977     0.00    0.00    0.00    0.00    0.00
OF1227.0 -3.9818    0.00 9.8999     0.00    0.00    0.00    0.00    0.00
OF1230.3 -3.9642    0.00 9.9018     0.00    0.00    0.00    0.00    0.00
OF1233.6 -3.9465    0.00 9.9039     0.00    0.00    0.00    0.00    0.00
OF1236.9 -3.9288    0.00 9.9057     0.00    0.00    0.00    0.00    0.00
OF1240.2 -3.9112    0.00 9.9077     0.00    0.00    0.00    0.00    0.00
OF1243.4 -3.8935    0.00 9.9094     0.00    0.00    0.00    0.00    0.00
OF1246.7 -3.8759    0.00 9.9111     0.00    0.00    0.00    0.00    0.00
OF1250.0 -3.8582    0.00 9.9131     0.00    0.00    0.00    0.00    0.00
OF1253.3 -3.8405    0.00 9.9147     0.00    0.00    0.00    0.00    0.00
OF1256.6 -3.8229    0.00 9.9167     0.00    0.00    0.00    0.00    0.00
OF1259.8 -3.8052    0.00 9.9182     0.00    0.00    0.00    0.00    0.00
OF1263.1 -3.7876    0.00 9.9201     0.00    0.00    0.00    0.00    0.00
OF1266.4 -3.7699    0.00 9.9216     0.00    0.00    0.00    0.00    0.00
OF1269.7 -3.7522    0.00 9.9233     0.00    0.00    0.00    0.00    0.00
OF1273.0 -3.7374    0.00 9.9248     0.00    0.00    0.00    0.00    0.00
OF1276.2 -3.7319    0.00 9.9265     0.00    0.00    0.00    0.00    0.00
OF1279.5 -3.7264    0.00 9.9282     0.00    0.00    0.00    0.00    0.00
OF1282.8 -3.7209    0.00 9.9298     0.00    0.00    0.00    0.00    0.00
OF1286.1 -3.7143    0.00 9.9315     0.00    0.00    0.00    0.00    0.00
OF1289.4 -3.6585    0.00 9.9324     0.00    0.00    0.00    0.00    0.00
OF1292.6 -3.5993    0.00 9.9334     0.00    0.00    0.00    0.00    0.00
OF1295.9 -3.5401    0.00 9.9344     0.00    0.00    0.00    0.00    0.00
OF1299.2 -3.4809    0.00 9.9354     0.00    0.00    0.00    0.00    0.00
OF1302.5 -3.4217    0.00 9.9368     0.00    0.00    0.00    0.00    0.00
OF1305.8 -3.3625    0.00 9.9379     0.00    0.00    0.00    0.00    0.00
OF1309.1 -3.3033    0.00 9.939      0.00    0.00    0.00    0.00    0.00
OF1312.3 -3.2441    0.00 9.9401     0.00    0.00    0.00    0.00    0.00
OF1315.6 -3.1849    0.00 9.9412     0.00    0.00    0.00    0.00    0.00
OF1318.9 -3.1257    0.00 9.9427     0.00    0.00    0.00    0.00    0.00
OF1322.2 -3.0665    0.00 9.9439     0.00    0.00    0.00    0.00    0.00
OF1325.5 -3.0073    0.00 9.9451     0.00    0.00    0.00    0.00    0.00
OF1328.7 -2.9481    0.00 9.9463     0.00    0.00    0.00    0.00    0.00
OF1332.0 -2.8889    0.00 9.9476     0.00    0.00    0.00    0.00    0.00
OF1335.3 -2.8297    0.00 9.9492     0.00    0.00    0.00    0.00    0.00
OF1338.6 -2.7717    0.00 9.9505     0.00    0.00    0.00    0.00    0.00
OF1341.9 -2.7146    0.00 9.9518     0.00    0.00    0.00    0.00    0.00
OF1345.1 -2.6574    0.00 9.9531     0.00    0.00    0.00    0.00    0.00
OF1348.4 -2.6002    0.00 9.9548     0.00    0.00    0.00    0.00    0.00
OF1351.7 -2.5431    0.00 9.9562     0.00    0.00    0.00    0.00    0.00
OF1355.0 -2.4859    0.00 9.9576     0.00    0.00    0.00    0.00    0.00
OF1358.3 -2.4287    0.00 9.959      0.00    0.00    0.00    0.00    0.00
OF1361.5 -2.3716    0.00 9.9608     0.00    0.00    0.00    0.00    0.00
OF1364.8 -2.3144    0.00 9.9622     0.00    0.00    0.00    0.00    0.00
OF1368.1 -2.2572    0.00 9.9637     0.00    0.00    0.00    0.00    0.00
OF1371.4 -2.2001    0.00 9.9651     0.00    0.00    0.00    0.00    0.00
OF1374.7 -2.1429    0.00 9.967      0.00    0.00    0.00    0.00    0.00
OF1377.9 -2.0857    0.00 9.9685     0.00    0.00    0.00    0.00    0.00
OF1381.2 -2.0286    0.00 9.97       0.00    0.00    0.00    0.00    0.00
OF1384.5 -1.9714    0.00 9.9716     0.00    0.00    0.00    0.00    0.00
OF1387.8 -1.9138    0.00 9.9735     0.00    0.00    0.00    0.00    0.00
OF1391.1 -1.8547    0.00 9.9751     0.00    0.00    0.00    0.00    0.00
OF1394.4 -1.7957    0.00 9.9767     0.00    0.00    0.00    0.00    0.00
OF1397.6 -1.7367    0.00 9.9783     0.00    0.00    0.00    0.00    0.00
OF1400.9 -1.6776    0.00 9.9799     0.00    0.00    0.00    0.00    0.00
OF1404.2 -1.6199    0.00 9.982      0.00    0.00    0.00    0.00    0.00
OF1407.5 -1.5642    0.00 9.9836     0.00    0.00    0.00    0.00    0.00
OF1410.8 -1.5086    0.00 9.9853     0.00    0.00    0.00    0.00    0.00
OF1414.0 -1.453     0.00 9.9873     0.00    0.00    0.00    0.00    0.00
OF1417.3 -1.3974    0.00 9.989      0.00    0.00    0.00    0.00    0.00
OF1420.6 -1.3418    0.00 9.9907     0.00    0.00    0.00    0.00    0.00
OF1423.9 -1.2861    0.00 9.9928     0.00    0.00    0.00    0.00    0.00
OF1427.2 -1.2305    0.00 9.9945     0.00    0.00    0.00    0.00    0.00
OF1430.4 -1.1749    0.00 9.9963     0.00    0.00    0.00    0.00    0.00
OF1433.7 -1.1192    0.00 9.998      0.00    0.00    0.00    0.00    0.00
OF1437.0 -1.0636    0.00 10.0002    0.00    0.00    0.00    0.00    0.00
OF1440.3 -1.008     0.00 10.0019    0.00    0.00    0.00    0.00    0.00
OF1443.6 -0.9524    0.00 10.0037    0.00    0.00    0.00    0.00    0.00
OF1446.8 -0.8967    0.00 10.0059    0.00    0.00    0.00    0.00    0.00
OF1450.1 -0.8411    0.00 10.0077    0.00    0.00    0.00    0.00    0.00
OF1453.4 -0.7855    0.00 10.0095    0.00    0.00    0.00    0.00    0.00
OF1456.7 -0.7299    0.00 10.0117    0.00    0.00    0.00    0.00    0.00
OF1460.0 -0.6742    0.00 10.0135    0.00    0.00    0.00    0.00    0.00
OF1463.3 -0.6186    0.00 10.0153    0.00    0.00    0.00    0.00    0.00
OF1466.5 -0.5630    0.00 10.0171    0.00    0.00    0.00    0.00    0.00
OF1469.8 -0.5074    0.00 10.0194    0.00    0.00    0.00    0.00    0.00
OF1473.1 -0.4518    0.00 10.0212    0.00    0.00    0.00    0.00    0.00
OF1476.4 -0.3961    0.00 10.0231    0.00    0.00    0.00    0.00    0.00
OF1479.7 -0.3405    0.00 10.0253    0.00    0.00    0.00    0.00    0.00
OF1482.9 -0.2849    0.00 10.0272    0.00    0.00    0.00    0.00    0.00
OF1486.2 -0.2293    0.00 10.0291    0.00    0.00    0.00    0.00    0.00
OF1489.5 -0.1732    0.00 10.0314    0.00    0.00    0.00    0.00    0.00
OF1492.8 -0.1168    0.00 10.0333    0.00    0.00    0.00    0.00    0.00
OF1496.1 -0.0604    0.00 10.0352    0.00    0.00    0.00    0.00    0.00
IF1499.3 0.00465    0.00 10.0371    0.00    0.00    0.00    0.00    0.00
IF1502.6 0.09015    0.00 10.039     0.00    0.00    0.00    0.00    0.00
IF1505.9 0.18382    0.00 10.0406    0.00    0.00    0.00    0.00    0.00
IF1509.2 0.30684    0.00 10.0419    0.00    0.00    0.00    0.00    0.00
IF1512.5 0.38105    0.00 10.0441    0.00    0.00    0.00    0.00    0.00
IF1515.7 0.33799    0.00 10.0476    0.00    0.00    0.00    0.00    0.00
IF1519.0 0.3636     0.00 10.05      0.00    0.00    0.00    0.00    0.00
IF1522.3 0.40973    0.00 10.0525    0.00    0.00    0.00    0.00    0.00
IF1525.6 0.47582    0.00 10.0545    0.00    0.00    0.00    0.00    0.00
IF1528.9 0.55332    0.00 10.0561    0.00    0.00    0.00    0.00    0.00
IF1532.1 0.63082    0.00 10.0582    0.00    0.00    0.00    0.00    0.00
IF1535.4 0.70832    0.00 10.0604    0.00    0.00    0.00    0.00    0.00
IF1538.7 0.75923    0.00 10.0626    0.00    0.00    0.00    0.00    0.00
IF1542.0 0.80455    0.00 10.0651    0.00    0.00    0.00    0.00    0.00
IF1545.3 0.84988    0.00 10.0673    0.00    0.00    0.00    0.00    0.00
IF1548.6 0.88164    0.00 10.0699    0.00    0.00    0.00    0.00    0.00
IF1551.8 0.91239    0.00 10.0728    0.00    0.00    0.00    0.00    0.00
IF1555.1 0.97869    0.00 10.0744    0.00    0.00    0.00    0.00    0.00
IF1558.4 1.054      0.00 10.0765    0.00    0.00    0.00    0.00    0.00
IF1561.7 1.1294     0.00 10.0787    0.00    0.00    0.00    0.00    0.00
IF1565.0 1.1936     0.00 10.0808    0.00    0.00    0.00    0.00    0.00
IF1568.2 1.2542     0.00 10.083     0.00    0.00    0.00    0.00    0.00
IF1571.5 1.3147     0.00 10.0852    0.00    0.00    0.00    0.00    0.00
IF1574.8 1.3753     0.00 10.0875    0.00    0.00    0.00    0.00    0.00
IF1578.1 1.4358     0.00 10.0901    0.00    0.00    0.00    0.00    0.00
IF1581.4 1.4771     0.00 10.0924    0.00    0.00    0.00    0.00    0.00
IF1584.6 1.5155     0.00 10.095     0.00    0.00    0.00    0.00    0.00
IF1587.9 1.554      0.00 10.0976    0.00    0.00    0.00    0.00    0.00
IF1591.2 1.5924     0.00 10.1002    0.00    0.00    0.00    0.00    0.00
IF1594.5 1.682      0.00 10.1019    0.00    0.00    0.00    0.00    0.00
IF1597.8 1.7195     0.00 10.1045    0.00    0.00    0.00    0.00    0.00
IF1601.0 1.6837     0.00 10.1079    0.00    0.00    0.00    0.00    0.00
IF1604.3 1.7157     0.00 10.1102    0.00    0.00    0.00    0.00    0.00
IF1607.6 1.7755     0.00 10.1122    0.00    0.00    0.00    0.00    0.00
IF1610.9 1.8353     0.00 10.1141    0.00    0.00    0.00    0.00    0.00
IF1614.2 1.867      0.00 10.1165    0.00    0.00    0.00    0.00    0.00
IF1617.5 1.8977     0.00 10.1189    0.00    0.00    0.00    0.00    0.00
IF1620.7 1.9406     0.00 10.1212    0.00    0.00    0.00    0.00    0.00
IF1624.0 1.9859     0.00 10.1235    0.00    0.00    0.00    0.00    0.00
IF1627.3 2.0313     0.00 10.1254    0.00    0.00    0.00    0.00    0.00
IF1630.6 2.1126     0.00 10.1273    0.00    0.00    0.00    0.00    0.00
IF1633.9 2.1963     0.00 10.1288    0.00    0.00    0.00    0.00    0.00
IF1637.1 2.2716     0.00 10.1309    0.00    0.00    0.00    0.00    0.00
IF1640.4 2.312      0.00 10.1334    0.00    0.00    0.00    0.00    0.00
IF1643.7 2.3523     0.00 10.1358    0.00    0.00    0.00    0.00    0.00
IF1647.0 2.3932     0.00 10.1378    0.00    0.00    0.00    0.00    0.00
IF1650.3 2.4342     0.00 10.1403    0.00    0.00    0.00    0.00    0.00
IF1653.5 2.4752     0.00 10.1427    0.00    0.00    0.00    0.00    0.00
IF1656.8 2.5472     0.00 10.1447    0.00    0.00    0.00    0.00    0.00
IF1660.1 2.6441     0.00 10.1463    0.00    0.00    0.00    0.00    0.00
IF1663.4 2.741      0.00 10.148     0.00    0.00    0.00    0.00    0.00
IF1666.7 2.9088     0.00 10.1489    0.00    0.00    0.00    0.00    0.00
IF1669.9 3.1456     0.00 10.1488    0.00    0.00    0.00    0.00    0.00
IF1673.2 3.1672     0.00 10.1529    0.00    0.00    0.00    0.00    0.00
IF1676.5 3.2064     0.00 10.1565    0.00    0.00    0.00    0.00    0.00
IF1679.8 3.3619     0.00 10.1581    0.00    0.00    0.00    0.00    0.00
IF1683.1 3.5173     0.00 10.16      0.00    0.00    0.00    0.00    0.00
IF1686.3 3.6458     0.00 10.1628    0.00    0.00    0.00    0.00    0.00
IF1689.6 3.7355     0.00 10.1663    0.00    0.00    0.00    0.00    0.00
IF1692.9 3.8217     0.00 10.1705    0.00    0.00    0.00    0.00    0.00
IF1696.2 3.9054     0.00 10.1741    0.00    0.00    0.00    0.00    0.00
IF1699.5 3.9891     0.00 10.1784    0.00    0.00    0.00    0.00    0.00
IF1702.8 4.1754     0.00 10.1807    0.00    0.00    0.00    0.00    0.00
IF1706.0 4.3813     0.00 10.1835    0.00    0.00    0.00    0.00    0.00
IF1709.3 4.5872     0.00 10.187     0.00    0.00    0.00    0.00    0.00
IF1712.6 4.7667     0.00 10.1911    0.00    0.00    0.00    0.00    0.00
IF1715.9 4.8933     0.00 10.1972    0.00    0.00    0.00    0.00    0.00
IF1719.2 5.0199     0.00 10.2037    0.00    0.00    0.00    0.00    0.00
IF1722.4 5.1425     0.00 10.2111    0.00    0.00    0.00    0.00    0.00
IF1725.7 5.2636     0.00 10.218     0.00    0.00    0.00    0.00    0.00
IF1729.0 5.3995     0.00 10.2252    0.00    0.00    0.00    0.00    0.00
IF1732.3 5.5695     0.00 10.2323    0.00    0.00    0.00    0.00    0.00
IF1735.6 5.7394     0.00 10.2393    0.00    0.00    0.00    0.00    0.00
IF1738.8 5.9338     0.00 10.2475    0.00    0.00    0.00    0.00    0.00
IF1742.1 6.1634     0.00 10.2562    0.00    0.00    0.00    0.00    0.00
IF1745.4 6.388      0.00 10.2675    0.00    0.00    0.00    0.00    0.00
IF1748.7 6.5764     0.00 10.2799    0.00    0.00    0.00    0.00    0.00
IF1752.0 6.7026     0.00 10.2949    0.00    0.00    0.00    0.00    0.00
IF1755.2 6.8007     0.00 10.3107    0.00    0.00    0.00    0.00    0.00
IF1758.5 6.88       0.00 10.3264    0.00    0.00    0.00    0.00    0.00
IF1761.8 6.9594     0.00 10.3403    0.00    0.00    0.00    0.00    0.00
IF1765.1 7.1333     0.00 10.3525    0.00    0.00    0.00    0.00    0.00
IF1768.4 7.3612     0.00 10.3638    0.00    0.00    0.00    0.00    0.00
IF1771.6 7.5827     0.00 10.3767    0.00    0.00    0.00    0.00    0.00
IF1774.9 7.6688     0.00 10.3952    0.00    0.00    0.00    0.00    0.00
IF1778.2 7.7549     0.00 10.4114    0.00    0.00    0.00    0.00    0.00
IF1781.5 7.8617     0.00 10.4267    0.00    0.00    0.00    0.00    0.00
IF1784.8 7.975      0.00 10.4412    0.00    0.00    0.00    0.00    0.00
IF1788.1 8.0883     0.00 10.4569    0.00    0.00    0.00    0.00    0.00
IF1791.3 8.1967     0.00 10.473     0.00    0.00    0.00    0.00    0.00
IF1794.6 8.3058     0.00 10.4879    0.00    0.00    0.00    0.00    0.00
IF1797.9 8.4565     0.00 10.503     0.00    0.00    0.00    0.00    0.00
IF1801.2 8.7412     0.00 10.5197    0.00    0.00    0.00    0.00    0.00
IF1804.5 9.1538     0.00 10.5395    0.00    0.00    0.00    0.00    0.00
IF1805.5 9.2848     0.00 10.5395    0.00    0.00    0.00    0.00    0.00
IF1818.0 9.5801     0.00 10.5395    0.00    0.00    0.00    0.00    0.00
IF1831.0 10.5395    0.00 10.5395    0.00    0.00    0.00    0.00    0.00
AS2075.6 9.4495     0.00 9.4495     0.00    0.00    0.00    0.00    0.00
IF2079.5 9.1535     0.00 9.4495     0.00    0.00    0.00    0.00    0.00
IF2087.0 8.9239     0.00 9.4495     0.00    0.00    0.00    0.00    0.00
IF2095.0 9.2192     0.00 9.4495     0.00    0.00    0.00    0.00    0.00
IF2101.0 8.8255     0.00 9.4495     0.00    0.00    0.00    0.00    0.00
IF2106.5 7.5787     0.00 9.4495     0.00    0.00    0.00    0.00    0.00
IF2119.0 7.5131     0.00 9.4495     0.00    0.00    0.00    0.00    0.00
IF2132.0 7.5787     0.00 9.4495     0.00    0.00    0.00    0.00    0.00
IF2147.0 7.9396     0.00 9.4495     0.00    0.00    0.00    0.00    0.00
IF2162.0 7.185      0.00 9.4495     0.00    0.00    0.00    0.00    0.00
IF2172.5 7.8084     0.00 9.4495     0.00    0.00    0.00    0.00    0.00
IF2191.0 7.4803     0.00 9.4496     0.00    0.00    0.00    0.00    0.00
IF2196.0 7.7756     0.00 9.4496     0.00    0.00    0.00    0.00    0.00
IF2210.5 6.5945     0.00 9.4496     0.00    0.00    0.00    0.00    0.00
IF2216.0 5.315      0.00 9.4496     0.00    0.00    0.00    0.00    0.00
IF2247.0 4.3635     0.00 9.4503     0.00    0.00    0.00    0.00    0.00
IF2266.0 4.1339     0.00 9.4508     0.00    0.00    0.00    0.00    0.00
IF2294.5 3.9042     0.00 9.4517     0.00    0.00    0.00    0.00    0.00
IF2308.5 3.773      0.00 9.4521     0.00    0.00    0.00    0.00    0.00
IF2332.0 3.773      0.00 9.4524     0.00    0.00    0.00    0.00    0.00
IF2345.5 3.4777     0.00 9.4519     0.00    0.00    0.00    0.00    0.00
IF2394.5 3.084      0.00 9.4499     0.00    0.00    0.00    0.00    0.00
IF2400.5 2.5591     0.00 9.45       0.00    0.00    0.00    0.00    0.00
OF2500.5 -0.1640    0.00 9.4528     0.00    0.00    0.00    0.00    0.00
OF2504.0 -0.0984    0.00 9.4528     0.00    0.00    0.00    0.00    0.00
OF2842.0 -3.6057    0.00 9.4592     0.00    0.00    0.00    0.00    0.00
OF2843.0 -3.6047    0.00 9.4592     0.00    0.00    0.00    0.00    0.00
OF2890.0 -3.5568    0.00 9.4593     0.00    0.00    0.00    0.00    0.00
OF2891.0 -3.5557    0.00 9.4594     0.00    0.00    0.00    0.00    0.00
OF2938.0 -3.3162    0.00 9.4596     0.00    0.00    0.00    0.00    0.00
OF2939.0 -3.3109    0.00 9.4596     0.00    0.00    0.00    0.00    0.00
OF2986.0 -3.0868    0.00 9.4599     0.00    0.00    0.00    0.00    0.00
OF2987.0 -3.0861    0.00 9.46       0.00    0.00    0.00    0.00    0.00
OF3034.0 -3.0541    0.00 9.461      0.00    0.00    0.00    0.00    0.00
OF3035.0 -3.0534    0.00 9.461      0.00    0.00    0.00    0.00    0.00
OF3187.0 -6.248     0.00 9.4629     0.00    0.00    0.00    0.00    0.00
OF3188.0 -6.2479    0.00 9.4629     0.00    0.00    0.00    0.00    0.00
OF3211.0 -6.244     0.00 9.4631     0.00    0.00    0.00    0.00    0.00
OF3212.0 -6.2438    0.00 9.4631     0.00    0.00    0.00    0.00    0.00
OF3235.0 -6.2396    0.00 9.4632     0.00    0.00    0.00    0.00    0.00
OF3236.0 -6.2394    0.00 9.4632     0.00    0.00    0.00    0.00    0.00
OF3257.0 -6.2355    0.00 9.4633     0.00    0.00    0.00    0.00    0.00
OF3258.0 -6.2355    0.00 9.4633     0.00    0.00    0.00    0.00    0.00
OF3281.0 -6.2343    0.00 9.464      0.00    0.00    0.00    0.00    0.00
OF3282.0 -6.2342    0.00 9.4641     0.00    0.00    0.00    0.00    0.00
OF3305.0 -6.233     0.00 9.4648     0.00    0.00    0.00    0.00    0.00
OF3306.0 -6.233     0.00 9.4648     0.00    0.00    0.00    0.00    0.00
OF3329.0 -6.2314    0.00 9.4652     0.00    0.00    0.00    0.00    0.00
OF3330.0 -6.2313    0.00 9.4652     0.00    0.00    0.00    0.00    0.00
OF3353.0 -5.6533    0.00 9.4656     0.00    0.00    0.00    0.00    0.00
IF3474.0 3.3465     0.00 9.4668     0.00    0.00    0.00    0.00    0.00
IF3480.5 4.9869     0.00 9.4669     0.00    0.00    0.00    0.00    0.00
IF3497.0 5.2165     0.00 9.467      0.00    0.00    0.00    0.00    0.00
IF3502.5 5.0525     0.00 9.467      0.00    0.00    0.00    0.00    0.00
IF3526.5 5.0525     0.00 9.4675     0.00    0.00    0.00    0.00    0.00
IF3531.0 3.8714     0.00 9.4676     0.00    0.00    0.00    0.00    0.00
IF3558.0 4.0354     0.00 9.4685     0.00    0.00    0.00    0.00    0.00
IF3566.5 3.5105     0.00 9.4687     0.00    0.00    0.00    0.00    0.00
IF3610.0 4.2323     0.00 9.4701     0.00    0.00    0.00    0.00    0.00
IF3615.0 4.8556     0.00 9.4703     0.00    0.00    0.00    0.00    0.00
IF3643.0 4.101      0.00 9.4712     0.00    0.00    0.00    0.00    0.00
IF3665.0 4.6916     0.00 9.4715     0.00    0.00    0.00    0.00    0.00
IF3672.0 4.101      0.00 9.4716     0.00    0.00    0.00    0.00    0.00
IF3784.5 0.88583    0.00 9.4733     0.00    0.00    0.00    0.00    0.00
IF3807.5 0.36089    0.00 9.4736     0.00    0.00    0.00    0.00    0.00
IF3860.0 4.4619     0.00 9.4739     0.00    0.00    0.00    0.00    0.00
IF3865.0 4.3963     0.00 9.4739     0.00    0.00    0.00    0.00    0.00
IF3908.5 4.8228     0.00 9.4739     0.00    0.00    0.00    0.00    0.00
IF3928.5 4.8556     0.00 9.4739     0.00    0.00    0.00    0.00    0.00
IF3934.0 4.6916     0.00 9.4739     0.00    0.00    0.00    0.00    0.00
IF3952.0 4.7572     0.00 9.4739     0.00    0.00    0.00    0.00    0.00
IF3958.5 4.8556     0.00 9.4739     0.00    0.00    0.00    0.00    0.00
IF3977.5 4.8228     0.00 9.4739     0.00    0.00    0.00    0.00    0.00
IF3985.0 4.7572     0.00 9.4739     0.00    0.00    0.00    0.00    0.00
IF4007.5 3.8058     0.00 9.4744     0.00    0.00    0.00    0.00    0.00
IF4040.5 3.2152     0.00 9.4752     0.00    0.00    0.00    0.00    0.00
IF4045.0 4.6916     0.00 9.4753     0.00    0.00    0.00    0.00    0.00
IF4086.5 4.8228     0.00 9.476      0.00    0.00    0.00    0.00    0.00
IF4092.0 4.9869     0.00 9.4761     0.00    0.00    0.00    0.00    0.00
IF4131.0 4.7572     0.00 9.4767     0.00    0.00    0.00    0.00    0.00
IF4137.0 3.3465     0.00 9.4768     0.00    0.00    0.00    0.00    0.00
IF4169.0 4.9213     0.00 9.4774     0.00    0.00    0.00    0.00    0.00
IF4180.0 5.0525     0.00 9.4776     0.00    0.00    0.00    0.00    0.00
IF4222.5 4.9213     0.00 9.4783     0.00    0.00    0.00    0.00    0.00
IF4229.5 5.0525     0.00 9.4784     0.00    0.00    0.00    0.00    0.00
IF4267.0 4.8556     0.00 9.4799     0.00    0.00    0.00    0.00    0.00
IF4279.0 4.9213     0.00 9.4804     0.00    0.00    0.00    0.00    0.00
IF4304.5 4.7572     0.00 9.4815     0.00    0.00    0.00    0.00    0.00
IF4312.5 4.9213     0.00 9.4818     0.00    0.00    0.00    0.00    0.00
IF4459.0 4.8556     0.00 9.4879     0.00    0.00    0.00    0.00    0.00
IF4475.5 5.1509     0.00 9.4881     0.00    0.00    0.00    0.00    0.00
IF4491.0 4.8556     0.00 9.4883     0.00    0.00    0.00    0.00    0.00
IF4520.0 3.8058     0.00 9.4886     0.00    0.00    0.00    0.00    0.00
IF4525.5 4.0354     0.00 9.4887     0.00    0.00    0.00    0.00    0.00
IF4557.5 4.7572     0.00 9.489      0.00    0.00    0.00    0.00    0.00
IF4566.5 4.9869     0.00 9.4891     0.00    0.00    0.00    0.00    0.00
IF4588.5 4.8228     0.00 9.4893     0.00    0.00    0.00    0.00    0.00
IF4598.0 4.6916     0.00 9.4894     0.00    0.00    0.00    0.00    0.00
IF4720.0 4.7572     0.00 9.4914     0.00    0.00    0.00    0.00    0.00
IF4745.0 4.6916     0.00 9.492      0.00    0.00    0.00    0.00    0.00
IF4753.0 4.626      0.00 9.4922     0.00    0.00    0.00    0.00    0.00
IF4787.0 4.4619     0.00 9.493      0.00    0.00    0.00    0.00    0.00
IF4794.5 2.0013     0.00 9.4931     0.00    0.00    0.00    0.00    0.00
IF4844.5 4.5276     0.00 9.4943     0.00    0.00    0.00    0.00    0.00
IF4857.0 4.7572     0.00 9.4946     0.00    0.00    0.00    0.00    0.00
IF4883.5 4.7572     0.00 9.4959     0.00    0.00    0.00    0.00    0.00
IF4892.0 4.9213     0.00 9.4963     0.00    0.00    0.00    0.00    0.00
IF4929.0 4.8556     0.00 9.498      0.00    0.00    0.00    0.00    0.00
IF4935.0 4.8228     0.00 9.4983     0.00    0.00    0.00    0.00    0.00
IF4955.5 3.3465     0.00 9.4992     0.00    0.00    0.00    0.00    0.00
IF4968.0 4.2323     0.00 9.4998     0.00    0.00    0.00    0.00    0.00
IF4987.0 5.1509     0.00 9.5007     0.00    0.00    0.00    0.00    0.00
IF4993.5 4.9869     0.00 9.501      0.00    0.00    0.00    0.00    0.00
IF5011.0 5.1509     0.00 9.5018     0.00    0.00    0.00    0.00    0.00
IF5017.0 3.8714     0.00 9.5021     0.00    0.00    0.00    0.00    0.00
IF5039.0 3.7073     0.00 9.5031     0.00    0.00    0.00    0.00    0.00
IF5048.5 3.6417     0.00 9.5036     0.00    0.00    0.00    0.00    0.00
IF5087.0 3.5761     0.00 9.5063     0.00    0.00    0.00    0.00    0.00
IF5096.5 3.6417     0.00 9.5069     0.00    0.00    0.00    0.00    0.00
IF5133.0 3.7402     0.00 9.5095     0.00    0.00    0.00    0.00    0.00
IF5136.5 3.8058     0.00 9.5097     0.00    0.00    0.00    0.00    0.00
IF5167.0 5.0525     0.00 9.5117     0.00    0.00    0.00    0.00    0.00
IF5173.0 5.0853     0.00 9.5119     0.00    0.00    0.00    0.00    0.00
IF5195.0 2.5262     0.00 9.5128     0.00    0.00    0.00    0.00    0.00
IF5223.0 4.0354     0.00 9.5137     0.00    0.00    0.00    0.00    0.00
IF5237.5 4.7572     0.00 9.5141     0.00    0.00    0.00    0.00    0.00
IF5293.0 0.95144    0.00 9.5155     0.00    0.00    0.00    0.00    0.00
IF5296.0 4.1667     0.00 9.5156     0.00    0.00    0.00    0.00    0.00
IF5348.5 5.0853     0.00 9.5171     0.00    0.00    0.00    0.00    0.00
IF5363.5 4.6916     0.00 9.5176     0.00    0.00    0.00    0.00    0.00
IF5392.0 4.3307     0.00 9.5183     0.00    0.00    0.00    0.00    0.00
IF5395.0 4.5276     0.00 9.5184     0.00    0.00    0.00    0.00    0.00
OF5450.5 -0.0656    0.00 9.5196     0.00    0.00    0.00    0.00    0.00
IF5467.5 5.0525     0.00 9.5199     0.00    0.00    0.00    0.00    0.00
IF5514.0 3.7073     0.00 9.5209     0.00    0.00    0.00    0.00    0.00
IF5526.5 3.8714     0.00 9.5212     0.00    0.00    0.00    0.00    0.00
IF5581.0 5.1509     0.00 9.5223     0.00    0.00    0.00    0.00    0.00
IF5643.0 4.0026     0.00 9.5236     0.00    0.00    0.00    0.00    0.00
IF5649.5 4.9213     0.00 9.5237     0.00    0.00    0.00    0.00    0.00
IF5667.5 5.1509     0.00 9.5241     0.00    0.00    0.00    0.00    0.00
IF5675.0 5.3478     0.00 9.5243     0.00    0.00    0.00    0.00    0.00
IF5694.5 4.2323     0.00 9.5247     0.00    0.00    0.00    0.00    0.00
IF5702.5 4.0354     0.00 9.5249     0.00    0.00    0.00    0.00    0.00
IF5737.0 5.3478     0.00 9.5257     0.00    0.00    0.00    0.00    0.00
IF5746.0 3.5761     0.00 9.5259     0.00    0.00    0.00    0.00    0.00
IF5775.0 5.2165     0.00 9.5266     0.00    0.00    0.00    0.00    0.00
IF5783.5 5.0525     0.00 9.5267     0.00    0.00    0.00    0.00    0.00
IF5832.5 4.8556     0.00 9.5279     0.00    0.00    0.00    0.00    0.00
IF5845.0 4.9213     0.00 9.5282     0.00    0.00    0.00    0.00    0.00
IF5873.0 5.315      0.00 9.5288     0.00    0.00    0.00    0.00    0.00
IF5886.5 5.2493     0.00 9.5291     0.00    0.00    0.00    0.00    0.00
IF5909.0 4.0354     0.00 9.5296     0.00    0.00    0.00    0.00    0.00
IF5933.0 4.0682     0.00 9.5296     0.00    0.00    0.00    0.00    0.00
IF5940.5 4.6588     0.00 9.5297     0.00    0.00    0.00    0.00    0.00
IF5962.5 4.0354     0.00 9.5297     0.00    0.00    0.00    0.00    0.00
IF5967.5 4.79       0.00 9.5298     0.00    0.00    0.00    0.00    0.00
IF5991.5 3.9698     0.00 9.53       0.00    0.00    0.00    0.00    0.00
IF6003.0 3.773      0.00 9.5301     0.00    0.00    0.00    0.00    0.00
IF6056.0 4.5604     0.00 9.5306     0.00    0.00    0.00    0.00    0.00
IF6068.0 4.7244     0.00 9.5308     0.00    0.00    0.00    0.00    0.00
IF6117.0 3.9042     0.00 9.5323     0.00    0.00    0.00    0.00    0.00
IF6126.5 3.9698     0.00 9.5327     0.00    0.00    0.00    0.00    0.00
IF6178.0 4.4291     0.00 9.5351     0.00    0.00    0.00    0.00    0.00
IF6187.0 4.5604     0.00 9.5355     0.00    0.00    0.00    0.00    0.00
IF6207.0 5.479      0.00 9.5364     0.00    0.00    0.00    0.00    0.00
IF6212.0 5.2493     0.00 9.5366     0.00    0.00    0.00    0.00    0.00
IF6232.5 5.3806     0.00 9.5376     0.00    0.00    0.00    0.00    0.00
IF6244.0 5.315      0.00 9.5382     0.00    0.00    0.00    0.00    0.00
IF6257.0 5.2493     0.00 9.5388     0.00    0.00    0.00    0.00    0.00
IF6280.0 4.79       0.00 9.54       0.00    0.00    0.00    0.00    0.00
IF6287.0 5.0853     0.00 9.5403     0.00    0.00    0.00    0.00    0.00
IF6318.0 5.2493     0.00 9.5419     0.00    0.00    0.00    0.00    0.00
IF6325.0 5.1837     0.00 9.5422     0.00    0.00    0.00    0.00    0.00
IF6360.0 5.3806     0.00 9.5439     0.00    0.00    0.00    0.00    0.00
IF6366.5 5.315      0.00 9.5443     0.00    0.00    0.00    0.00    0.00
IF6389.0 5.315      0.00 9.5454     0.00    0.00    0.00    0.00    0.00
IF6394.5 5.0853     0.00 9.5456     0.00    0.00    0.00    0.00    0.00
IF6412.0 4.8885     0.00 9.546      0.00    0.00    0.00    0.00    0.00
IF6419.0 4.9541     0.00 9.5461     0.00    0.00    0.00    0.00    0.00
IF6443.5 5.4134     0.00 9.5466     0.00    0.00    0.00    0.00    0.00
IF6451.0 5.9055     0.00 9.5468     0.00    0.00    0.00    0.00    0.00
IF6466.5 5.7743     0.00 9.5471     0.00    0.00    0.00    0.00    0.00
IF6474.0 5.8399     0.00 9.5472     0.00    0.00    0.00    0.00    0.00
IF6488.0 6.0039     0.00 9.5475     0.00    0.00    0.00    0.00    0.00
IF6501.0 5.9383     0.00 9.5478     0.00    0.00    0.00    0.00    0.00
IF6507.5 5.8399     0.00 9.5479     0.00    0.00    0.00    0.00    0.00
IF6537.5 6.4304     0.00 9.5485     0.00    0.00    0.00    0.00    0.00
IF6544.5 6.5289     0.00 9.5486     0.00    0.00    0.00    0.00    0.00
IF6557.5 6.6601     0.00 9.5489     0.00    0.00    0.00    0.00    0.00
IF6571.5 7.021      0.00 9.5492     0.00    0.00    0.00    0.00    0.00
IF6591.0 7.2507     0.00 9.5496     0.00    0.00    0.00    0.00    0.00
IF6608.0 7.71       0.00 9.5496     0.00    0.00    0.00    0.00    0.00
IF6612.0 6.8241     0.00 9.5496     0.00    0.00    0.00    0.00    0.00
IF6632.5 7.0538     0.00 9.5496     0.00    0.00    0.00    0.00    0.00
IF6641.0 7.021      0.00 9.5496     0.00    0.00    0.00    0.00    0.00
IF6650.5 7.4803     0.00 9.5496     0.00    0.00    0.00    0.00    0.00
IF6671.0 9.5496     0.00 9.5496     0.00    0.00    0.00    0.00    0.00
PS START(373883.7222,4796572.5749)
PS END(371921.4743,4797279.1961)
ET
 
 
 
