  FEMA                                                      sjh            job 2
  RUNUP2 transect: YK-106                                                      1
15.0                                                                            
  -11.95 -1026.1 0.6                                                            
  -11.81 -1003.1 0.6                                                            
  -10.88 -751.1 0.6                                                             
  -10.13 -662.1 0.6                                                             
  -9.41 -518.1 0.6                                                              
  -8.50 -403.1 0.6                                                              
  -7.16 -301.1 0.6                                                              
  -6.15 -201.1 0.6                                                              
  -5.91 -110.1 0.6                                                              
  -2.02 -33.1  0.6                                                              
  -0.02 -5.1   0.6                                                              
  0.99  15.9   0.6                                                              
  2.33  30.9   0.6                                                              
  2.79  44.9   0.6                                                              
  4.24  54.4   0.6                                                              
  6.80  89.9   0.6                                                              
  6.80  176.4  0.6                                                              
  10.27 187.4  0.6                                                              
  12.77 201.4  0.6                                                              
1 14.47 226.4  0.6                                                              
 9.4   3.27  10.42                                                              
 9.4   3.27  10.97                                                              
 9.4   3.27  11.51                                                              
 9.4   3.45  10.42                                                              
 9.4   3.45  10.97                                                              
 9.4   3.45  11.51                                                              
 9.4   3.62  10.42                                                              
 9.4   3.62  10.97                                                              
 9.4   3.62  11.51                                                              
