  FEMA                                                      sjh            job 2
  RUNUP2 transect: YK-109                                                      1
17.0                                                                            
  -5.60 -384.4 0.6                                                              
  -5.05 -349.4 0.6                                                              
  -4.14 -267.4 0.6                                                              
  -4.00 -191.4 0.6                                                              
  -1.98 -114.4 0.6                                                              
  0.24  22.1   0.6                                                              
  1.68  61.6   0.6                                                              
  2.57  102.6  0.6                                                              
  3.16  120.1  0.6                                                              
  3.71  153.6  0.6                                                              
  4.67  184.6  0.6                                                              
  5.52  190.1  0.6                                                              
  6.50  204.6  0.6                                                              
  7.22  225.1  0.6                                                              
  7.22  239.1  0.6                                                              
  7.98  264.1  0.6                                                              
  8.80  275.6  0.6                                                              
  11.52 286.6  0.6                                                              
  11.52 319.6  0.6                                                              
1 12.38 333.6  0.6                                                              
 9.0   2.67  11.15                                                              
 9.0   2.67  11.74                                                              
 9.0   2.67  12.33                                                              
 9.0   2.81  11.15                                                              
 9.0   2.81  11.74                                                              
 9.0   2.81  12.33                                                              
 9.0   2.95  11.15                                                              
 9.0   2.95  11.74                                                              
 9.0   2.95  12.33                                                              
