  FEMA                                                      sjh            job 2
  RUNUP2 transect: YK-105                                                      1
8.00                                                                            
  -2.34 -1156.2 0.6                                                             
  -2.18 -1115.2 0.6                                                             
  -2.17 -988.2 0.6                                                              
  -1.89 -941.2 0.6                                                              
  -1.01 -745.2 0.6                                                              
  -1.01 -423.2 0.6                                                              
  -0.70 -387.2 0.6                                                              
  -0.38 -280.2 0.6                                                              
  -0.31 -156.2 0.6                                                              
  -0.01 -4.2   0.6                                                              
  0.50  20.3   0.6                                                              
  0.50  219.8  0.6                                                              
  1.02  251.3  0.6                                                              
  1.74  289.3  0.6                                                              
  2.99  321.8  0.6                                                              
  5.65  353.3  0.6                                                              
  6.76  359.3  0.6                                                              
  7.68  379.3  0.6                                                              
  13.91 390.3  0.6                                                              
1 15.06 398.3  0.6                                                              
 9.4   1.87  10.01                                                              
 9.4   1.87  10.53                                                              
 9.4   1.87  11.06                                                              
 9.4   1.97  10.01                                                              
 9.4   1.97  10.53                                                              
 9.4   1.97  11.06                                                              
 9.4   2.07  10.01                                                              
 9.4   2.07  10.53                                                              
 9.4   2.07  11.06                                                              
