  FEMA                                                      sjh            job 2
  RUNUP2 transect: YK-110                                                      1
2.00                                                                            
  -3.52 -185.4 0.6                                                              
  -3.31 -168.4 0.6                                                              
  -1.39 -82.4  0.6                                                              
  -0.01 -4.4   0.6                                                              
  0.40  15.1   0.6                                                              
  0.76  69.6   0.6                                                              
  1.26  84.6   0.6                                                              
  1.29  125.1  0.6                                                              
  1.62  151.6  0.6                                                              
  1.62  167.6  0.6                                                              
  2.04  187.6  0.6                                                              
  2.04  207.6  0.6                                                              
  2.40  260.1  0.6                                                              
  3.16  270.1  0.6                                                              
  4.17  276.6  0.6                                                              
  4.24  281.6  0.6                                                              
  5.45  289.1  0.6                                                              
  9.09  298.6  0.6                                                              
  9.52  304.6  0.6                                                              
1 13.62 310.1  0.6                                                              
 9.0   2.31  12.30                                                              
 9.0   2.31  12.95                                                              
 9.0   2.31  13.59                                                              
 9.0   2.43  12.30                                                              
 9.0   2.43  12.95                                                              
 9.0   2.43  13.59                                                              
 9.0   2.55  12.30                                                              
 9.0   2.55  12.95                                                              
 9.0   2.55  13.59                                                              
