  FEMA                                                      sjh            job 2
  RUNUP2 transect: YK-108                                                      1
5.00                                                                            
  -6.53 -367.0 0.6                                                              
  -4.85 -306.0 0.6                                                              
  -4.05 -220.0 0.6                                                              
  -2.29 -137.0 0.6                                                              
  -1.27 -62.0  0.6                                                              
  -0.01 -0.0   0.6                                                              
  0.89  1.0    0.6                                                              
  1.35  87.5   0.6                                                              
  2.14  95.0   0.6                                                              
  2.53  121.0  0.6                                                              
  3.85  140.5  0.6                                                              
  4.01  155.0  0.6                                                              
  5.45  170.5  0.6                                                              
  6.08  208.5  0.6                                                              
  6.08  229.5  0.6                                                              
  7.06  256.5  0.6                                                              
  8.41  279.0  0.6                                                              
  10.28 288.0  0.6                                                              
  11.06 323.0  0.6                                                              
1 14.11 337.5  0.6                                                              
 9.0   2.62  10.34                                                              
 9.0   2.62  10.88                                                              
 9.0   2.62  11.42                                                              
 9.0   2.76  10.34                                                              
 9.0   2.76  10.88                                                              
 9.0   2.76  11.42                                                              
 9.0   2.90  10.34                                                              
 9.0   2.90  10.88                                                              
 9.0   2.90  11.42                                                              
