  FEMA                                                      sjh            job 2
  RUNUP2 transect: YK-103                                                      1
7.00                                                                            
  -23.77 -1071.3 0.8                                                            
  -23.18 -1013.3 0.8                                                            
  -20.00 -885.3 0.8                                                             
  -14.63 -761.3 0.8                                                             
  -13.28 -737.3 0.8                                                             
  -9.22 -642.3 0.8                                                              
  -6.41 -527.3 0.8                                                              
  -5.97 -418.3 0.8                                                              
  -5.96 -358.3 0.8                                                              
  -4.93 -310.3 0.8                                                              
  -4.93 -162.3 0.8                                                              
  -2.79 -110.3 0.8                                                              
  -1.40 -36.3  0.8                                                              
  0.07  6.2    0.8                                                              
  3.35  21.7   0.8                                                              
  3.35  72.2   0.8                                                              
  7.62  88.2   0.8                                                              
  7.62  138.7  0.8                                                              
  9.32  144.7  0.8                                                              
1 12.57 166.7  0.8                                                              
 9.0   7.89  11.18                                                              
 9.0   7.89  11.76                                                              
 9.0   7.89  12.35                                                              
 9.0   8.30  11.18                                                              
 9.0   8.30  11.76                                                              
 9.0   8.30  12.35                                                              
 9.0   8.72  11.18                                                              
 9.0   8.72  11.76                                                              
 9.0   8.72  12.35                                                              
