  FEMA                                                      sjh            job 2
  RUNUP2 transect: YK-107                                                      1
11.0                                                                            
  -13.34 -1384.2 0.6                                                            
  -12.62 -1300.2 0.6                                                            
  -8.04 -1134.2 0.6                                                             
  -7.29 -938.2 0.6                                                              
  -7.29 -462.2 0.6                                                              
  -6.03 -318.2 0.6                                                              
  -5.58 -189.2 0.6                                                              
  -5.42 -115.2 0.6                                                              
  -1.85 -32.2  0.6                                                              
  -0.06 -12.2  0.6                                                              
  -0.03 -0.2   0.6                                                              
  1.35  10.8   0.6                                                              
  2.83  30.8   0.6                                                              
  4.90  49.8   0.6                                                              
  6.08  67.8   0.6                                                              
  7.09  99.3   0.6                                                              
  7.29  147.3  0.6                                                              
  8.21  155.8  0.6                                                              
  12.93 166.3  0.6                                                              
1 14.18 179.3  0.6                                                              
 9.4   2.30  10.67                                                              
 9.4   2.30  11.23                                                              
 9.4   2.30  11.79                                                              
 9.4   2.42  10.67                                                              
 9.4   2.42  11.23                                                              
 9.4   2.42  11.79                                                              
 9.4   2.54  10.67                                                              
 9.4   2.54  11.23                                                              
 9.4   2.54  11.79                                                              
