  FEMA                                                      sjh            job 2
  RUNUP2 transect: YK-99                                                       1
25.0                                                                            
  -27.46 -3445.8 0.8                                                            
  -22.41 -3348.8 0.8                                                            
  -22.41 -3172.8 0.8                                                            
  -18.85 -3088.8 0.8                                                            
  -18.85 -2860.8 0.8                                                            
  -17.69 -2624.8 0.8                                                            
  -17.69 -2444.8 0.8                                                            
  -16.92 -2347.8 0.8                                                            
  -16.92 -2160.8 0.8                                                            
  -14.66 -2109.8 0.8                                                            
  -14.66 -1951.8 0.8                                                            
  -9.11 -1822.8 0.8                                                             
  -8.27 -1715.8 0.8                                                             
  -5.63 -1614.8 0.8                                                             
  -4.13 -1499.8 0.8                                                             
  -4.13 -264.8 0.8                                                              
  -3.66 -135.8 0.8                                                              
  0.31  1.2    0.8                                                              
  4.05  26.7   0.8                                                              
1 10.11 178.2  0.8                                                              
 9.1   6.40  10.65                                                              
 9.1   6.40  11.21                                                              
 9.1   6.40  11.77                                                              
 9.1   6.74  10.65                                                              
 9.1   6.74  11.21                                                              
 9.1   6.74  11.77                                                              
 9.1   7.07  10.65                                                              
 9.1   7.07  11.21                                                              
 9.1   7.07  11.77                                                              
