  FEMA                                                      sjh            job 2
  RUNUP2 transect: YK-99-2                                                     1
17.0                                                                            
  -16.24 1352.7 1.0                                                             
  -16.02 1377.7 1.0                                                             
  -16.00 1378.7 1.0                                                             
  -10.17 1412.7 1.0                                                             
  -10.03 1413.7 1.0                                                             
  -6.52 1440.7 1.0                                                              
  -6.39 1441.7 1.0                                                              
  -3.92 1462.7 1.0                                                              
  -3.81 1463.7 1.0                                                              
  -1.66 1517.7 1.0                                                              
  -0.02 1551.7 1.0                                                              
  -0.02 1554.2 1.0                                                              
  0.08  1557.7 1.0                                                              
  1.06  1564.7 1.0                                                              
  1.06  1573.2 1.0                                                              
  1.65  1575.7 1.0                                                              
  2.21  1583.2 1.0                                                              
  4.01  1598.2 1.0                                                              
  10.90 1614.7 1.0                                                              
1 11.56 1625.7 1.0                                                              
 9.3   1.94  9.38                                                               
 9.3   1.94  9.87                                                               
 9.3   1.94  10.37                                                              
 9.3   2.04  9.38                                                               
 9.3   2.04  9.87                                                               
 9.3   2.04  10.37                                                              
 9.3   2.15  9.38                                                               
 9.3   2.15  9.87                                                               
 9.3   2.15  10.37                                                              
