  FEMA                                                      sjh            job 2
  RUNUP2 transect: YK-92                                                       1
4.00                                                                            
  -28.59 -1871.1 1.0                                                            
  -28.59 -1838.1 1.0                                                            
  -26.69 -1695.1 1.0                                                            
  -24.95 -1530.1 1.0                                                            
  -22.11 -1233.1 1.0                                                            
  -20.49 -1100.1 1.0                                                            
  -19.18 -969.1 1.0                                                             
  -17.46 -850.1 1.0                                                             
  -15.56 -733.1 1.0                                                             
  -12.95 -615.1 1.0                                                             
  -10.61 -494.1 1.0                                                             
  -9.00 -395.1 1.0                                                              
  -3.74 -184.1 1.0                                                              
  0.62  30.9   1.0                                                              
  2.30  102.9  1.0                                                              
  4.30  168.9  1.0                                                              
  5.35  188.9  1.0                                                              
  8.17  213.9  1.0                                                              
  9.81  237.4  1.0                                                              
1 13.16 249.4  1.0                                                              
 8.8   8.17  11.59                                                              
 8.8   8.17  12.20                                                              
 8.8   8.17  12.81                                                              
 8.8   8.60  11.59                                                              
 8.8   8.60  12.20                                                              
 8.8   8.60  12.81                                                              
 8.8   9.03  11.59                                                              
 8.8   9.03  12.20                                                              
 8.8   9.03  12.81                                                              
