  FEMA                                                      sjh            job 2
  RUNUP2 transect: YK-99-1                                                     1
14.0                                                                            
  -1.36 -70.1  1.0                                                              
  -0.71 -14.1  1.0                                                              
  -0.02 -0.1   1.0                                                              
  0.57  3.4    1.0                                                              
  0.57  28.9   1.0                                                              
  0.70  36.4   1.0                                                              
  1.06  43.4   1.0                                                              
  4.41  57.9   1.0                                                              
  5.62  64.4   1.0                                                              
  8.38  70.4   1.0                                                              
  8.38  102.4  1.0                                                              
  8.44  116.4  1.0                                                              
  8.70  126.9  1.0                                                              
  8.70  147.9  1.0                                                              
  9.03  155.4  1.0                                                              
  9.03  161.9  1.0                                                              
  9.33  164.9  1.0                                                              
  9.43  175.9  1.0                                                              
  9.69  185.9  1.0                                                              
1 10.57 197.4  1.0                                                              
 9.4   0.87  6.42                                                               
 9.4   0.87  6.75                                                               
 9.4   0.87  7.09                                                               
 9.4   0.91  6.42                                                               
 9.4   0.91  6.75                                                               
 9.4   0.91  7.09                                                               
 9.4   0.96  6.42                                                               
 9.4   0.96  6.75                                                               
 9.4   0.96  7.09                                                               
