header
IE0.0    -15.296       1       1 9.32    6.4152  11.251    56.14   56.14
OF1.0    -15.292    0.00 9.32       0.00    0.00    0.00    0.00    0.00
OF2.0    -15.288    0.00 9.32       0.00    0.00    0.00    0.00    0.00
OF13.0   -15.247    0.00 9.32       0.00    0.00    0.00    0.00    0.00
OF14.0   -15.243    0.00 9.32       0.00    0.00    0.00    0.00    0.00
OF25.0   -15.201    0.00 9.32       0.00    0.00    0.00    0.00    0.00
OF26.0   -15.197    0.00 9.32       0.00    0.00    0.00    0.00    0.00
OF37.0   -15.155    0.00 9.32       0.00    0.00    0.00    0.00    0.00
OF38.0   -15.152    0.00 9.32       0.00    0.00    0.00    0.00    0.00
OF49.0   -14.942    0.00 9.3201     0.00    0.00    0.00    0.00    0.00
OF50.0   -14.900    0.00 9.3201     0.00    0.00    0.00    0.00    0.00
OF61.0   -14.444    0.00 9.3203     0.00    0.00    0.00    0.00    0.00
OF62.0   -14.402    0.00 9.3203     0.00    0.00    0.00    0.00    0.00
OF73.0   -13.946    0.00 9.3205     0.00    0.00    0.00    0.00    0.00
OF74.0   -13.905    0.00 9.3205     0.00    0.00    0.00    0.00    0.00
OF85.0   -13.448    0.00 9.3207     0.00    0.00    0.00    0.00    0.00
OF86.0   -13.407    0.00 9.3208     0.00    0.00    0.00    0.00    0.00
OF97.0   -12.867    0.00 9.3208     0.00    0.00    0.00    0.00    0.00
OF98.0   -12.815    0.00 9.3208     0.00    0.00    0.00    0.00    0.00
OF109.0  -12.251    0.00 9.3208     0.00    0.00    0.00    0.00    0.00
OF110.0  -12.200    0.00 9.3208     0.00    0.00    0.00    0.00    0.00
OF133.0  -11.021    0.00 9.3208     0.00    0.00    0.00    0.00    0.00
OF134.0  -10.970    0.00 9.3208     0.00    0.00    0.00    0.00    0.00
OF157.0  -9.8063    0.00 9.3209     0.00    0.00    0.00    0.00    0.00
OF158.0  -9.7705    0.00 9.3209     0.00    0.00    0.00    0.00    0.00
OF181.0  -8.8372    0.00 9.3212     0.00    0.00    0.00    0.00    0.00
OF182.0  -8.7846    0.00 9.3212     0.00    0.00    0.00    0.00    0.00
OF205.0  -7.5755    0.00 9.3217     0.00    0.00    0.00    0.00    0.00
OF206.0  -7.523     0.00 9.3217     0.00    0.00    0.00    0.00    0.00
IF465.9  7.3607     0.00 9.5643     0.00    0.00    0.00    0.00    0.00
IF469.2  9.3266     0.00 10.0957    0.00    0.00    0.00    0.00    0.00
IF470.0  10.0957    0.00 10.0957    0.00    0.00    0.00    0.00    0.00
AS1144.2 9.5492     0.00 9.5492     0.00    0.00    0.00    0.00    0.00
IF1149.5 8.8386     0.00 9.5492     0.00    0.00    0.00    0.00    0.00
IF1161.5 8.9993     0.00 9.5492     0.00    0.00    0.00    0.00    0.00
IF1171.5 8.3104     0.00 9.5492     0.00    0.00    0.00    0.00    0.00
IF1183.0 8.4088     0.00 9.5493     0.00    0.00    0.00    0.00    0.00
IF1189.5 8.3104     0.00 9.5494     0.00    0.00    0.00    0.00    0.00
IF1205.5 8.1496     0.00 9.5494     0.00    0.00    0.00    0.00    0.00
IF1209.5 8.0151     0.00 9.5493     0.00    0.00    0.00    0.00    0.00
IF1422.0 3.6844     0.00 9.5326     0.00    0.00    0.00    0.00    0.00
IF1462.9 9.5326     0.00 9.5326     0.00    0.00    0.00    0.00    0.00
AS1547.5 9.5687     0.00 9.5687     0.00    0.00    0.00    0.00    0.00
IF1555.0 6.4075     0.00 9.5687     0.00    0.00    0.00    0.00    0.00
IF1585.5 4.7671     0.00 9.5687     0.00    0.00    0.00    0.00    0.00
IF1593.0 4.8655     0.00 9.5689     0.00    0.00    0.00    0.00    0.00
IF1634.5 4.8327     0.00 9.5669     0.00    0.00    0.00    0.00    0.00
IF1651.0 4.9967     0.00 9.5639     0.00    0.00    0.00    0.00    0.00
IF1678.5 4.5702     0.00 9.5553     0.00    0.00    0.00    0.00    0.00
IF1697.5 4.5046     0.00 9.5489     0.00    0.00    0.00    0.00    0.00
IF1724.0 4.8983     0.00 9.5433     0.00    0.00    0.00    0.00    0.00
IF1784.0 6.1122     0.00 9.544      0.00    0.00    0.00    0.00    0.00
IF1794.0 6.2762     0.00 9.5457     0.00    0.00    0.00    0.00    0.00
IF1813.5 5.8825     0.00 9.5472     0.00    0.00    0.00    0.00    0.00
IF1842.9 9.5442     0.00 9.5442     0.00    0.00    0.00    0.00    0.00
AS1895.1 9.5301     0.00 9.5301     0.00    0.00    0.00    0.00    0.00
IF1915.0 5.7185     0.00 9.5301     0.00    0.00    0.00    0.00    0.00
IF1947.0 4.9311     0.00 9.5252     0.00    0.00    0.00    0.00    0.00
IF1956.5 5.292      0.00 9.5238     0.00    0.00    0.00    0.00    0.00
IF1986.0 5.5217     0.00 9.5193     0.00    0.00    0.00    0.00    0.00
IF2002.5 5.3576     0.00 9.518      0.00    0.00    0.00    0.00    0.00
IF2021.5 5.1936     0.00 9.5178     0.00    0.00    0.00    0.00    0.00
IF2030.5 5.1608     0.00 9.5176     0.00    0.00    0.00    0.00    0.00
IF2072.5 4.9639     0.00 9.5166     0.00    0.00    0.00    0.00    0.00
IF2083.5 5.5217     0.00 9.5162     0.00    0.00    0.00    0.00    0.00
IF2112.0 5.3904     0.00 9.5153     0.00    0.00    0.00    0.00    0.00
IF2131.0 5.2592     0.00 9.5146     0.00    0.00    0.00    0.00    0.00
IF2149.5 5.5282     0.00 9.514      0.00    0.00    0.00    0.00    0.00
IF2200.0 6.9751     0.00 9.514      0.00    0.00    0.00    0.00    0.00
IF2229.0 8.8386     0.00 9.514      0.00    0.00    0.00    0.00    0.00
IF2236.0 9.514      0.00 9.514      0.00    0.00    0.00    0.00    0.00
AS3671.2 9.5472     0.00 9.5472     0.00    0.00    0.00    0.00    0.00
IF3681.0 8.2808     0.00 9.5472     0.00    0.00    0.00    0.00    0.00
IF3706.0 8.6745     0.00 9.5472     0.00    0.00    0.00    0.00    0.00
IF3725.5 8.6122     0.00 9.5457     0.00    0.00    0.00    0.00    0.00
IF3741.5 8.1857     0.00 9.5444     0.00    0.00    0.00    0.00    0.00
IF3758.0 7.8543     0.00 9.5431     0.00    0.00    0.00    0.00    0.00
IF3768.5 6.9062     0.00 9.5423     0.00    0.00    0.00    0.00    0.00
IF3777.5 5.8497     0.00 9.5414     0.00    0.00    0.00    0.00    0.00
IF3792.5 5.7185     0.00 9.5395     0.00    0.00    0.00    0.00    0.00
IF3806.0 5.2264     0.00 9.5378     0.00    0.00    0.00    0.00    0.00
IF3819.0 5.2592     0.00 9.5362     0.00    0.00    0.00    0.00    0.00
IF3833.5 6.6371     0.00 9.5344     0.00    0.00    0.00    0.00    0.00
IF3846.5 6.145      0.00 9.5327     0.00    0.00    0.00    0.00    0.00
IF3871.5 6.3091     0.00 9.5275     0.00    0.00    0.00    0.00    0.00
IF3883.0 6.5715     0.00 9.525      0.00    0.00    0.00    0.00    0.00
IF3901.0 6.1778     0.00 9.5211     0.00    0.00    0.00    0.00    0.00
IF3919.0 5.6201     0.00 9.5172     0.00    0.00    0.00    0.00    0.00
IF3957.0 4.603      0.00 9.5133     0.00    0.00    0.00    0.00    0.00
IF3964.0 4.8983     0.00 9.5129     0.00    0.00    0.00    0.00    0.00
OF4145.0 -1.0173    0.00 9.5092     0.00    0.00    0.00    0.00    0.00
OF4146.0 -1.0145    0.00 9.5092     0.00    0.00    0.00    0.00    0.00
OF4336.0 -2.9837    0.00 9.5125     0.00    0.00    0.00    0.00    0.00
OF4363.0 -2.9803    0.00 9.5127     0.00    0.00    0.00    0.00    0.00
OF4410.0 -2.5986    0.00 9.5132     0.00    0.00    0.00    0.00    0.00
OF4476.0 -2.1361    0.00 9.5139     0.00    0.00    0.00    0.00    0.00
OF4477.0 -2.1344    0.00 9.5139     0.00    0.00    0.00    0.00    0.00
IF4636.0 4.3373     0.00 9.516      0.00    0.00    0.00    0.00    0.00
IF4652.0 4.5669     0.00 9.5164     0.00    0.00    0.00    0.00    0.00
IF4701.0 5.1247     0.00 9.5168     0.00    0.00    0.00    0.00    0.00
IF4709.0 5.0262     0.00 9.517      0.00    0.00    0.00    0.00    0.00
IF4736.5 5.4199     0.00 9.5173     0.00    0.00    0.00    0.00    0.00
IF4752.5 5.1903     0.00 9.5176     0.00    0.00    0.00    0.00    0.00
IF4796.5 5.4856     0.00 9.518      0.00    0.00    0.00    0.00    0.00
IF4811.0 5.3215     0.00 9.5181     0.00    0.00    0.00    0.00    0.00
IF4837.5 5.6496     0.00 9.5184     0.00    0.00    0.00    0.00    0.00
IF4844.5 5.1575     0.00 9.519      0.00    0.00    0.00    0.00    0.00
IF4866.0 4.9278     0.00 9.5206     0.00    0.00    0.00    0.00    0.00
IF4873.0 4.9934     0.00 9.5211     0.00    0.00    0.00    0.00    0.00
IF4897.0 5.0919     0.00 9.523      0.00    0.00    0.00    0.00    0.00
IF4904.5 4.7966     0.00 9.5236     0.00    0.00    0.00    0.00    0.00
IF4929.5 5.2887     0.00 9.524      0.00    0.00    0.00    0.00    0.00
IF4941.0 5.2231     0.00 9.524      0.00    0.00    0.00    0.00    0.00
IF4975.5 4.8622     0.00 9.5243     0.00    0.00    0.00    0.00    0.00
IF4989.5 5.584      0.00 9.5244     0.00    0.00    0.00    0.00    0.00
IF5020.0 5.0591     0.00 9.5246     0.00    0.00    0.00    0.00    0.00
IF5050.5 5.1903     0.00 9.5261     0.00    0.00    0.00    0.00    0.00
IF5066.0 5.3871     0.00 9.5272     0.00    0.00    0.00    0.00    0.00
IF5079.0 5.584      0.00 9.5282     0.00    0.00    0.00    0.00    0.00
IF5107.5 5.3543     0.00 9.5303     0.00    0.00    0.00    0.00    0.00
IF5122.5 5.1247     0.00 9.5314     0.00    0.00    0.00    0.00    0.00
IF5139.0 5.2231     0.00 9.5326     0.00    0.00    0.00    0.00    0.00
IF5157.0 5.4199     0.00 9.534      0.00    0.00    0.00    0.00    0.00
IF5175.0 4.8294     0.00 9.5353     0.00    0.00    0.00    0.00    0.00
IF5190.5 4.7966     0.00 9.5364     0.00    0.00    0.00    0.00    0.00
IF5226.0 4.895      0.00 9.5362     0.00    0.00    0.00    0.00    0.00
IF5246.0 5.748      0.00 9.536      0.00    0.00    0.00    0.00    0.00
IF5272.2 9.5358     0.00 9.5358     0.00    0.00    0.00    0.00    0.00
AS5329.9 9.5349     0.00 9.5349     0.00    0.00    0.00    0.00    0.00
IF5342.5 8.1791     0.00 9.5349     0.00    0.00    0.00    0.00    0.00
IF5361.5 8.0118     0.00 9.5309     0.00    0.00    0.00    0.00    0.00
IF5383.0 7.1916     0.00 9.5309     0.00    0.00    0.00    0.00    0.00
IF5422.5 6.2762     0.00 9.5309     0.00    0.00    0.00    0.00    0.00
IF5446.2 9.5309     0.00 9.5309     0.00    0.00    0.00    0.00    0.00
AS6497.1 9.6261     0.00 9.6261     0.00    0.00    0.00    0.00    0.00
IF6526.5 4.895      0.00 9.6261     0.00    0.00    0.00    0.00    0.00
IF6539.0 5.1903     0.00 9.6259     0.00    0.00    0.00    0.00    0.00
IF6568.5 5.6168     0.00 9.6253     0.00    0.00    0.00    0.00    0.00
IF6573.0 5.8497     0.00 9.6251     0.00    0.00    0.00    0.00    0.00
IF6610.5 5.4856     0.00 9.6237     0.00    0.00    0.00    0.00    0.00
IF6640.0 6.5682     0.00 9.6225     0.00    0.00    0.00    0.00    0.00
IF6664.0 5.6496     0.00 9.6216     0.00    0.00    0.00    0.00    0.00
IF6676.0 5.9777     0.00 9.6211     0.00    0.00    0.00    0.00    0.00
IF6698.5 5.8465     0.00 9.6205     0.00    0.00    0.00    0.00    0.00
IF6711.5 5.4856     0.00 9.6202     0.00    0.00    0.00    0.00    0.00
IF6731.5 7.2572     0.00 9.6197     0.00    0.00    0.00    0.00    0.00
IF6749.5 8.3071     0.00 9.6193     0.00    0.00    0.00    0.00    0.00
IF6760.6 9.6193     0.00 9.6193     0.00    0.00    0.00    0.00    0.00
AS6905.8 9.6171     0.00 9.6171     0.00    0.00    0.00    0.00    0.00
IF6926.0 7.4902     0.00 9.6171     0.00    0.00    0.00    0.00    0.00
IF6946.0 6.6995     0.00 9.6171     0.00    0.00    0.00    0.00    0.00
IF6972.0 6.1417     0.00 9.6171     0.00    0.00    0.00    0.00    0.00
IF6978.0 6.4042     0.00 9.6171     0.00    0.00    0.00    0.00    0.00
IF6997.5 5.4199     0.00 9.6171     0.00    0.00    0.00    0.00    0.00
IF7009.0 5.6496     0.00 9.6171     0.00    0.00    0.00    0.00    0.00
IF7026.5 5.6496     0.00 9.6171     0.00    0.00    0.00    0.00    0.00
IF7053.5 6.7979     0.00 9.6171     0.00    0.00    0.00    0.00    0.00
IF7064.5 8.668      0.00 9.6171     0.00    0.00    0.00    0.00    0.00
IF7072.1 9.6171     0.00 9.6171     0.00    0.00    0.00    0.00    0.00
AS7459.5 9.613      0.00 9.613      0.00    0.00    0.00    0.00    0.00
IF7468.5 8.9337     0.00 9.613      0.00    0.00    0.00    0.00    0.00
IF7477.2 9.613      0.00 9.613      0.00    0.00    0.00    0.00    0.00
AS7482.4 9.613      0.00 9.613      0.00    0.00    0.00    0.00    0.00
IF7488.5 8.2448     0.00 9.613      0.00    0.00    0.00    0.00    0.00
IF7499.0 6.3714     0.00 9.613      0.00    0.00    0.00    0.00    0.00
IF7515.0 6.437      0.00 9.6131     0.00    0.00    0.00    0.00    0.00
IF7540.0 5.4528     0.00 9.6132     0.00    0.00    0.00    0.00    0.00
IF7546.5 5.5512     0.00 9.6133     0.00    0.00    0.00    0.00    0.00
IF7589.5 6.0072     0.00 9.6124     0.00    0.00    0.00    0.00    0.00
IF7599.5 6.1056     0.00 9.6121     0.00    0.00    0.00    0.00    0.00
IF7619.0 5.6135     0.00 9.6117     0.00    0.00    0.00    0.00    0.00
IF7626.5 5.3839     0.00 9.6116     0.00    0.00    0.00    0.00    0.00
IF7689.0 4.8917     0.00 9.6103     0.00    0.00    0.00    0.00    0.00
IF7699.5 4.7605     0.00 9.6101     0.00    0.00    0.00    0.00    0.00
IF7728.0 4.6293     0.00 9.6099     0.00    0.00    0.00    0.00    0.00
IF7741.0 4.8589     0.00 9.6099     0.00    0.00    0.00    0.00    0.00
IF7762.0 4.7605     0.00 9.6099     0.00    0.00    0.00    0.00    0.00
IF7776.0 4.5308     0.00 9.6099     0.00    0.00    0.00    0.00    0.00
IF7820.0 3.8091     0.00 9.61       0.00    0.00    0.00    0.00    0.00
IF7832.0 4.7605     0.00 9.61       0.00    0.00    0.00    0.00    0.00
IF7875.0 4.5636     0.00 9.6101     0.00    0.00    0.00    0.00    0.00
IF7884.5 4.8917     0.00 9.6101     0.00    0.00    0.00    0.00    0.00
OF8106.0 -0.5906    0.00 9.6093     0.00    0.00    0.00    0.00    0.00
IF8170.5 5.7119     0.00 9.6089     0.00    0.00    0.00    0.00    0.00
IF8177.0 5.5151     0.00 9.609      0.00    0.00    0.00    0.00    0.00
OF8292.0 -0.0331    0.00 9.6082     0.00    0.00    0.00    0.00    0.00
IF8295.5 3.9731     0.00 9.6081     0.00    0.00    0.00    0.00    0.00
IF8353.5 4.6293     0.00 9.6071     0.00    0.00    0.00    0.00    0.00
IF8440.0 4.2356     0.00 9.6089     0.00    0.00    0.00    0.00    0.00
OF8685.0 -5.9774    0.00 9.6104     0.00    0.00    0.00    0.00    0.00
OF8686.0 -5.9772    0.00 9.6104     0.00    0.00    0.00    0.00    0.00
OF8709.0 -5.9743    0.00 9.6106     0.00    0.00    0.00    0.00    0.00
OF8710.0 -5.9742    0.00 9.6106     0.00    0.00    0.00    0.00    0.00
OF8733.0 -5.9718    0.00 9.611      0.00    0.00    0.00    0.00    0.00
OF8734.0 -5.9717    0.00 9.611      0.00    0.00    0.00    0.00    0.00
OF8757.0 -5.9687    0.00 9.6116     0.00    0.00    0.00    0.00    0.00
OF8758.0 -5.9685    0.00 9.6116     0.00    0.00    0.00    0.00    0.00
OF8781.0 -5.9654    0.00 9.6123     0.00    0.00    0.00    0.00    0.00
OF8782.0 -5.9653    0.00 9.6123     0.00    0.00    0.00    0.00    0.00
OF8806.0 -5.9635    0.00 9.6126     0.00    0.00    0.00    0.00    0.00
OF8818.0 -5.5148    0.00 9.6129     0.00    0.00    0.00    0.00    0.00
OF8842.0 -4.4862    0.00 9.6135     0.00    0.00    0.00    0.00    0.00
OF8854.0 -3.9719    0.00 9.6138     0.00    0.00    0.00    0.00    0.00
OF8947.0 -1.1045    0.00 9.6143     0.00    0.00    0.00    0.00    0.00
OF8949.0 -1.0665    0.00 9.6143     0.00    0.00    0.00    0.00    0.00
IF9124.5 4.4948     0.00 9.6171     0.00    0.00    0.00    0.00    0.00
IF9154.5 4.2651     0.00 9.6173     0.00    0.00    0.00    0.00    0.00
IF9173.5 4.2979     0.00 9.6175     0.00    0.00    0.00    0.00    0.00
IF9205.5 3.8714     0.00 9.6177     0.00    0.00    0.00    0.00    0.00
IF9233.5 3.3136     0.00 9.618      0.00    0.00    0.00    0.00    0.00
IF9249.5 4.1995     0.00 9.6181     0.00    0.00    0.00    0.00    0.00
IF9316.0 4.0682     0.00 9.6187     0.00    0.00    0.00    0.00    0.00
IF9324.5 4.0354     0.00 9.6188     0.00    0.00    0.00    0.00    0.00
IF9357.5 4.101      0.00 9.6186     0.00    0.00    0.00    0.00    0.00
IF9365.5 4.0354     0.00 9.6186     0.00    0.00    0.00    0.00    0.00
IF9395.5 3.8714     0.00 9.6182     0.00    0.00    0.00    0.00    0.00
IF9407.0 4.1339     0.00 9.6179     0.00    0.00    0.00    0.00    0.00
IF9432.0 4.0026     0.00 9.6173     0.00    0.00    0.00    0.00    0.00
IF9443.0 4.1995     0.00 9.6175     0.00    0.00    0.00    0.00    0.00
IF9483.5 5.1509     0.00 9.618      0.00    0.00    0.00    0.00    0.00
IF9489.5 4.2979     0.00 9.6181     0.00    0.00    0.00    0.00    0.00
IF9521.5 3.773      0.00 9.6186     0.00    0.00    0.00    0.00    0.00
IF9528.0 3.7402     0.00 9.6187     0.00    0.00    0.00    0.00    0.00
OF9689.0 0          0.00 9.6201     0.00    0.00    0.00    0.00    0.00
IF9747.5 2.395      0.00 9.6205     0.00    0.00    0.00    0.00    0.00
OF9913.0 -5.594     0.00 9.6215     0.00    0.00    0.00    0.00    0.00
OF9938.0 -5.6723    0.00 9.6214     0.00    0.00    0.00    0.00    0.00
OF9939.0 -5.6722    0.00 9.6214     0.00    0.00    0.00    0.00    0.00
OF9986.0 -5.6678    0.00 9.6212     0.00    0.00    0.00    0.00    0.00
OF9987.0 -5.6678    0.00 9.6211     0.00    0.00    0.00    0.00    0.00
OF10071. -1.7857    0.00 9.6207     0.00    0.00    0.00    0.00    0.00
IF10153. 4.2979     0.00 9.6213     0.00    0.00    0.00    0.00    0.00
IF10188. 4.3307     0.00 9.6219     0.00    0.00    0.00    0.00    0.00
IF10198. 4.4619     0.00 9.6221     0.00    0.00    0.00    0.00    0.00
IF10223. 4.7244     0.00 9.6225     0.00    0.00    0.00    0.00    0.00
IF10234. 4.4291     0.00 9.6227     0.00    0.00    0.00    0.00    0.00
IF10266. 4.6588     0.00 9.6233     0.00    0.00    0.00    0.00    0.00
IF10281. 4.8556     0.00 9.6234     0.00    0.00    0.00    0.00    0.00
IF10314. 4.9541     0.00 9.6236     0.00    0.00    0.00    0.00    0.00
IF10324. 5.0853     0.00 9.6238     0.00    0.00    0.00    0.00    0.00
IF10343. 5.7415     0.00 9.6242     0.00    0.00    0.00    0.00    0.00
IF10361. 5.479      0.00 9.6246     0.00    0.00    0.00    0.00    0.00
IF10383. 5.5118     0.00 9.6251     0.00    0.00    0.00    0.00    0.00
IF10390. 5.7087     0.00 9.6252     0.00    0.00    0.00    0.00    0.00
IF10415. 5.7087     0.00 9.6258     0.00    0.00    0.00    0.00    0.00
IF10433. 5.8727     0.00 9.6258     0.00    0.00    0.00    0.00    0.00
IF10444. 7.021      0.00 9.6258     0.00    0.00    0.00    0.00    0.00
IF10459. 6.9226     0.00 9.6258     0.00    0.00    0.00    0.00    0.00
IF10474. 6.7585     0.00 9.6258     0.00    0.00    0.00    0.00    0.00
IF10490. 6.5945     0.00 9.6258     0.00    0.00    0.00    0.00    0.00
IF10505. 7.5131     0.00 9.6258     0.00    0.00    0.00    0.00    0.00
IF10516. 8.2677     0.00 9.6258     0.00    0.00    0.00    0.00    0.00
IF10525. 8.2349     0.00 9.6258     0.00    0.00    0.00    0.00    0.00
IF10535. 8.4318     0.00 9.6258     0.00    0.00    0.00    0.00    0.00
IF10549. 8.8222     0.00 9.6258     0.00    0.00    0.00    0.00    0.00
IF10582. 6.2959     0.00 9.6258     0.00    0.00    0.00    0.00    0.00
IF10591. 6.8865     0.00 9.6258     0.00    0.00    0.00    0.00    0.00
IF10605. 9.3143     0.00 9.6258     0.00    0.00    0.00    0.00    0.00
IF10619. 9.6258     0.00 9.6258     0.00    0.00    0.00    0.00    0.00
AS10632. 9.6263     0.00 9.6263     0.00    0.00    0.00    0.00    0.00
IF10639. 8.166      0.00 9.6263     0.00    0.00    0.00    0.00    0.00
IF10645. 9.6263     0.00 9.6263     0.00    0.00    0.00    0.00    0.00
AS10656. 9.6263     0.00 9.6263     0.00    0.00    0.00    0.00    0.00
IF10667. 8.3629     0.00 9.6263     0.00    0.00    0.00    0.00    0.00
IF10674. 9.5768     0.00 9.6263     0.00    0.00    0.00    0.00    0.00
IF10679. 9.6263     0.00 9.6263     0.00    0.00    0.00    0.00    0.00
AS10683. 9.6263     0.00 9.6263     0.00    0.00    0.00    0.00    0.00
IF10691. 8.1332     0.00 9.6263     0.00    0.00    0.00    0.00    0.00
IF10697. 8.2316     0.00 9.6263     0.00    0.00    0.00    0.00    0.00
IF10711. 9.6263     0.00 9.6263     0.00    0.00    0.00    0.00    0.00
PS START(384044.0247,4802269.5454)
PS END(384031.5958,4805855.5198)
ET
 
 
 
