header
IE0.0    -3.5212       1       1 9.0222  11.3695 15.2303   56.14   56.14
OF1.0    -3.5089    0.00 9.0223     0.00    0.00    0.00    0.00    0.00
OF2.0    -3.4966    0.00 9.0224     0.00    0.00    0.00    0.00    0.00
OF3.3    -3.4809    0.00 9.0233     0.00    0.00    0.00    0.00    0.00
OF6.6    -3.4406    0.00 9.0245     0.00    0.00    0.00    0.00    0.00
OF9.8    -3.4003    0.00 9.0257     0.00    0.00    0.00    0.00    0.00
OF13.1   -3.36      0.00 9.0266     0.00    0.00    0.00    0.00    0.00
OF16.4   -3.3184    0.00 9.0279     0.00    0.00    0.00    0.00    0.00
OF19.7   -3.253     0.00 9.0289     0.00    0.00    0.00    0.00    0.00
OF23.0   -3.1844    0.00 9.03       0.00    0.00    0.00    0.00    0.00
OF26.2   -3.1156    0.00 9.0311     0.00    0.00    0.00    0.00    0.00
OF29.5   -3.047     0.00 9.0323     0.00    0.00    0.00    0.00    0.00
OF32.8   -2.9783    0.00 9.0336     0.00    0.00    0.00    0.00    0.00
OF36.1   -2.9096    0.00 9.0349     0.00    0.00    0.00    0.00    0.00
OF39.4   -2.8409    0.00 9.0362     0.00    0.00    0.00    0.00    0.00
OF42.7   -2.7703    0.00 9.0372     0.00    0.00    0.00    0.00    0.00
OF45.9   -2.6955    0.00 9.0387     0.00    0.00    0.00    0.00    0.00
OF49.2   -2.6207    0.00 9.0402     0.00    0.00    0.00    0.00    0.00
OF52.5   -2.5459    0.00 9.0418     0.00    0.00    0.00    0.00    0.00
OF55.8   -2.4711    0.00 9.0431     0.00    0.00    0.00    0.00    0.00
OF59.1   -2.3963    0.00 9.0448     0.00    0.00    0.00    0.00    0.00
OF62.3   -2.3215    0.00 9.0466     0.00    0.00    0.00    0.00    0.00
OF65.6   -2.2466    0.00 9.048      0.00    0.00    0.00    0.00    0.00
OF68.9   -2.1718    0.00 9.0499     0.00    0.00    0.00    0.00    0.00
OF72.2   -2.097     0.00 9.0519     0.00    0.00    0.00    0.00    0.00
OF75.5   -2.0222    0.00 9.0539     0.00    0.00    0.00    0.00    0.00
OF78.7   -1.9474    0.00 9.0556     0.00    0.00    0.00    0.00    0.00
OF82.0   -1.8725    0.00 9.0588     0.00    0.00    0.00    0.00    0.00
OF85.3   -1.7978    0.00 9.0625     0.00    0.00    0.00    0.00    0.00
OF88.6   -1.7229    0.00 9.0655     0.00    0.00    0.00    0.00    0.00
OF91.9   -1.6481    0.00 9.0682     0.00    0.00    0.00    0.00    0.00
OF95.1   -1.5733    0.00 9.0713     0.00    0.00    0.00    0.00    0.00
OF98.4   -1.4985    0.00 9.0744     0.00    0.00    0.00    0.00    0.00
OF101.7  -1.4237    0.00 9.0771     0.00    0.00    0.00    0.00    0.00
OF105.0  -1.3588    0.00 9.0802     0.00    0.00    0.00    0.00    0.00
OF108.3  -1.304     0.00 9.0838     0.00    0.00    0.00    0.00    0.00
OF111.5  -1.2492    0.00 9.0865     0.00    0.00    0.00    0.00    0.00
OF114.8  -1.1943    0.00 9.0891     0.00    0.00    0.00    0.00    0.00
OF118.1  -1.1395    0.00 9.0922     0.00    0.00    0.00    0.00    0.00
OF121.4  -1.0829    0.00 9.0948     0.00    0.00    0.00    0.00    0.00
OF124.7  -1.024     0.00 9.0975     0.00    0.00    0.00    0.00    0.00
OF128.0  -0.9651    0.00 9.1004     0.00    0.00    0.00    0.00    0.00
OF131.2  -0.9062    0.00 9.1039     0.00    0.00    0.00    0.00    0.00
OF134.5  -0.8473    0.00 9.1068     0.00    0.00    0.00    0.00    0.00
OF137.8  -0.7885    0.00 9.1098     0.00    0.00    0.00    0.00    0.00
OF141.1  -0.7296    0.00 9.1127     0.00    0.00    0.00    0.00    0.00
OF144.4  -0.6707    0.00 9.1157     0.00    0.00    0.00    0.00    0.00
OF147.6  -0.6119    0.00 9.1189     0.00    0.00    0.00    0.00    0.00
OF150.9  -0.5530    0.00 9.1216     0.00    0.00    0.00    0.00    0.00
OF154.2  -0.4941    0.00 9.1242     0.00    0.00    0.00    0.00    0.00
OF157.5  -0.4352    0.00 9.127      0.00    0.00    0.00    0.00    0.00
OF160.8  -0.3764    0.00 9.1297     0.00    0.00    0.00    0.00    0.00
OF164.0  -0.3175    0.00 9.1329     0.00    0.00    0.00    0.00    0.00
OF167.3  -0.2586    0.00 9.1357     0.00    0.00    0.00    0.00    0.00
OF170.6  -0.1997    0.00 9.1385     0.00    0.00    0.00    0.00    0.00
OF173.9  -0.1409    0.00 9.1413     0.00    0.00    0.00    0.00    0.00
OF177.2  -0.0820    0.00 9.1441     0.00    0.00    0.00    0.00    0.00
OF180.4  -0.0231    0.00 9.1474     0.00    0.00    0.00    0.00    0.00
OF183.7  -0.0916    0.00 9.1519     0.00    0.00    0.00    0.00    0.00
IF187.0  0.08451    0.00 9.1527     0.00    0.00    0.00    0.00    0.00
IF190.3  0.15281    0.00 9.1554     0.00    0.00    0.00    0.00    0.00
IF193.6  0.16438    0.00 9.1591     0.00    0.00    0.00    0.00    0.00
IF196.8  0.18737    0.00 9.1622     0.00    0.00    0.00    0.00    0.00
IF200.1  0.37873    0.00 9.163      0.00    0.00    0.00    0.00    0.00
IF203.4  0.1243     0.00 9.1703     0.00    0.00    0.00    0.00    0.00
IF206.7  0.07092    0.00 9.1743     0.00    0.00    0.00    0.00    0.00
IF210.0  0.2593     0.00 9.1746     0.00    0.00    0.00    0.00    0.00
IF213.3  0.43446    0.00 9.1755     0.00    0.00    0.00    0.00    0.00
IF216.5  0.4524     0.00 9.1785     0.00    0.00    0.00    0.00    0.00
IF219.8  0.47183    0.00 9.1818     0.00    0.00    0.00    0.00    0.00
IF223.1  0.49575    0.00 9.1846     0.00    0.00    0.00    0.00    0.00
IF226.4  0.55263    0.00 9.1869     0.00    0.00    0.00    0.00    0.00
IF229.7  0.61414    0.00 9.1893     0.00    0.00    0.00    0.00    0.00
IF232.9  0.6726     0.00 9.1916     0.00    0.00    0.00    0.00    0.00
IF236.2  0.73001    0.00 9.1945     0.00    0.00    0.00    0.00    0.00
IF239.5  0.7617     0.00 9.1973     0.00    0.00    0.00    0.00    0.00
IF242.8  0.7629     0.00 9.2005     0.00    0.00    0.00    0.00    0.00
IF246.1  0.76409    0.00 9.2036     0.00    0.00    0.00    0.00    0.00
IF249.3  0.71639    0.00 9.207      0.00    0.00    0.00    0.00    0.00
IF252.6  0.64911    0.00 9.2107     0.00    0.00    0.00    0.00    0.00
IF255.9  0.64151    0.00 9.2132     0.00    0.00    0.00    0.00    0.00
IF259.2  0.79054    0.00 9.214      0.00    0.00    0.00    0.00    0.00
IF262.5  0.94641    0.00 9.2144     0.00    0.00    0.00    0.00    0.00
IF265.7  1.1186     0.00 9.2151     0.00    0.00    0.00    0.00    0.00
IF269.0  1.2292     0.00 9.2169     0.00    0.00    0.00    0.00    0.00
IF272.3  1.2439     0.00 9.2199     0.00    0.00    0.00    0.00    0.00
IF275.6  1.226      0.00 9.2236     0.00    0.00    0.00    0.00    0.00
IF278.9  1.1553     0.00 9.2276     0.00    0.00    0.00    0.00    0.00
IF282.2  1.1282     0.00 9.2308     0.00    0.00    0.00    0.00    0.00
IF285.4  1.2443     0.00 9.2318     0.00    0.00    0.00    0.00    0.00
IF288.7  1.2013     0.00 9.235      0.00    0.00    0.00    0.00    0.00
IF292.0  1.226      0.00 9.2376     0.00    0.00    0.00    0.00    0.00
IF295.3  1.2721     0.00 9.2393     0.00    0.00    0.00    0.00    0.00
IF298.6  1.2526     0.00 9.2423     0.00    0.00    0.00    0.00    0.00
IF301.8  1.1939     0.00 9.2455     0.00    0.00    0.00    0.00    0.00
IF305.1  1.1428     0.00 9.2481     0.00    0.00    0.00    0.00    0.00
IF308.4  1.0922     0.00 9.2509     0.00    0.00    0.00    0.00    0.00
IF311.7  1.0907     0.00 9.2528     0.00    0.00    0.00    0.00    0.00
IF315.0  1.1768     0.00 9.2534     0.00    0.00    0.00    0.00    0.00
IF318.2  1.2629     0.00 9.2545     0.00    0.00    0.00    0.00    0.00
IF321.5  1.349      0.00 9.2553     0.00    0.00    0.00    0.00    0.00
IF324.8  1.4174     0.00 9.2565     0.00    0.00    0.00    0.00    0.00
IF328.1  1.4712     0.00 9.2579     0.00    0.00    0.00    0.00    0.00
IF331.4  1.525      0.00 9.2596     0.00    0.00    0.00    0.00    0.00
IF334.6  1.5788     0.00 9.261      0.00    0.00    0.00    0.00    0.00
IF337.9  1.6042     0.00 9.2628     0.00    0.00    0.00    0.00    0.00
IF341.2  1.5571     0.00 9.2658     0.00    0.00    0.00    0.00    0.00
IF344.5  1.51       0.00 9.2682     0.00    0.00    0.00    0.00    0.00
IF347.8  1.4629     0.00 9.2704     0.00    0.00    0.00    0.00    0.00
IF351.0  1.4158     0.00 9.2729     0.00    0.00    0.00    0.00    0.00
IF354.3  1.4489     0.00 9.2741     0.00    0.00    0.00    0.00    0.00
IF357.6  1.5996     0.00 9.2738     0.00    0.00    0.00    0.00    0.00
IF360.9  1.7503     0.00 9.2741     0.00    0.00    0.00    0.00    0.00
IF364.2  1.7945     0.00 9.2752     0.00    0.00    0.00    0.00    0.00
IF367.5  1.7807     0.00 9.2776     0.00    0.00    0.00    0.00    0.00
IF370.7  1.9345     0.00 9.2776     0.00    0.00    0.00    0.00    0.00
IF374.0  2.0351     0.00 9.2785     0.00    0.00    0.00    0.00    0.00
IF377.3  2.0172     0.00 9.2812     0.00    0.00    0.00    0.00    0.00
IF380.6  1.9993     0.00 9.2834     0.00    0.00    0.00    0.00    0.00
IF383.9  1.9813     0.00 9.2858     0.00    0.00    0.00    0.00    0.00
IF387.1  1.9575     0.00 9.2877     0.00    0.00    0.00    0.00    0.00
IF390.4  1.9306     0.00 9.2899     0.00    0.00    0.00    0.00    0.00
IF393.7  1.9324     0.00 9.2917     0.00    0.00    0.00    0.00    0.00
IF397.0  2.0401     0.00 9.2922     0.00    0.00    0.00    0.00    0.00
IF400.3  2.1422     0.00 9.2928     0.00    0.00    0.00    0.00    0.00
IF403.5  2.1814     0.00 9.2943     0.00    0.00    0.00    0.00    0.00
IF406.8  2.2139     0.00 9.2958     0.00    0.00    0.00    0.00    0.00
IF410.1  2.2365     0.00 9.2973     0.00    0.00    0.00    0.00    0.00
IF413.4  2.2592     0.00 9.2988     0.00    0.00    0.00    0.00    0.00
IF416.7  2.2619     0.00 9.3007     0.00    0.00    0.00    0.00    0.00
IF419.9  2.2454     0.00 9.3029     0.00    0.00    0.00    0.00    0.00
IF423.2  2.2288     0.00 9.3046     0.00    0.00    0.00    0.00    0.00
IF426.5  2.2123     0.00 9.3065     0.00    0.00    0.00    0.00    0.00
IF429.8  2.2589     0.00 9.3073     0.00    0.00    0.00    0.00    0.00
IF433.1  2.3583     0.00 9.3078     0.00    0.00    0.00    0.00    0.00
IF436.4  2.3044     0.00 9.3102     0.00    0.00    0.00    0.00    0.00
IF439.6  2.2602     0.00 9.312      0.00    0.00    0.00    0.00    0.00
IF442.9  2.2475     0.00 9.3134     0.00    0.00    0.00    0.00    0.00
IF446.2  2.3012     0.00 9.3144     0.00    0.00    0.00    0.00    0.00
IF449.5  2.6026     0.00 9.3125     0.00    0.00    0.00    0.00    0.00
IF452.8  2.904      0.00 9.3103     0.00    0.00    0.00    0.00    0.00
IF456.0  3.24       0.00 9.3084     0.00    0.00    0.00    0.00    0.00
IF459.3  3.7534     0.00 9.3046     0.00    0.00    0.00    0.00    0.00
IF462.6  4.1811     0.00 9.303      0.00    0.00    0.00    0.00    0.00
IF465.9  4.2241     0.00 9.3099     0.00    0.00    0.00    0.00    0.00
IF469.2  4.5883     0.00 9.3114     0.00    0.00    0.00    0.00    0.00
IF472.4  5.1193     0.00 9.311      0.00    0.00    0.00    0.00    0.00
IF475.7  5.9208     0.00 9.3077     0.00    0.00    0.00    0.00    0.00
IF479.0  7.1784     0.00 9.3823     0.00    0.00    0.00    0.00    0.00
IF482.3  8.4361     0.00 9.7181     0.00    0.00    0.00    0.00    0.00
IF484.0  9.0945     0.00 9.7181     0.00    0.00    0.00    0.00    0.00
IF490.0  9.521      0.00 9.7181     0.00    0.00    0.00    0.00    0.00
IF490.3  9.7181     0.00 9.7181     0.00    0.00    0.00    0.00    0.00
AS622.2  9.1571     0.00 9.1571     0.00    0.00    0.00    0.00    0.00
IF623.0  9.0617     0.00 9.1571     0.00    0.00    0.00    0.00    0.00
IF634.5  8.7664     0.00 9.1571     0.00    0.00    0.00    0.00    0.00
IF642.5  9.0945     0.00 9.1571     0.00    0.00    0.00    0.00    0.00
IF651.5  8.832      0.00 9.1571     0.00    0.00    0.00    0.00    0.00
IF662.5  8.7992     0.00 9.1571     0.00    0.00    0.00    0.00    0.00
IF671.2  9.1571     0.00 9.1571     0.00    0.00    0.00    0.00    0.00
AS843.3  9.1571     0.00 9.1571     0.00    0.00    0.00    0.00    0.00
IF844.0  9.1306     0.00 9.1571     0.00    0.00    0.00    0.00    0.00
IF846.0  9.1571     0.00 9.1571     0.00    0.00    0.00    0.00    0.00
AS852.4  9.1571     0.00 9.1571     0.00    0.00    0.00    0.00    0.00
IF858.5  8.6385     0.00 9.1571     0.00    0.00    0.00    0.00    0.00
IF863.5  8.143      0.00 9.1571     0.00    0.00    0.00    0.00    0.00
IF875.5  8.3104     0.00 9.1571     0.00    0.00    0.00    0.00    0.00
IF882.4  9.1571     0.00 9.1571     0.00    0.00    0.00    0.00    0.00
AS923.6  9.1222     0.00 9.1222     0.00    0.00    0.00    0.00    0.00
IF928.0  8.9633     0.00 9.1222     0.00    0.00    0.00    0.00    0.00
IF936.5  8.5367     0.00 9.1222     0.00    0.00    0.00    0.00    0.00
IF942.0  8.0446     0.00 9.1222     0.00    0.00    0.00    0.00    0.00
IF947.5  7.8806     0.00 9.1222     0.00    0.00    0.00    0.00    0.00
IF956.5  7.9134     0.00 9.1222     0.00    0.00    0.00    0.00    0.00
IF966.0  6.8963     0.00 9.1222     0.00    0.00    0.00    0.00    0.00
IF976.0  5.5512     0.00 9.1222     0.00    0.00    0.00    0.00    0.00
IF986.0  6.5354     0.00 9.1222     0.00    0.00    0.00    0.00    0.00
IF993.0  6.9291     0.00 9.1222     0.00    0.00    0.00    0.00    0.00
IF1008.5 5.5184     0.00 9.122      0.00    0.00    0.00    0.00    0.00
IF1023.5 6.3058     0.00 9.1218     0.00    0.00    0.00    0.00    0.00
IF1032.5 4.9278     0.00 9.1217     0.00    0.00    0.00    0.00    0.00
OF1041.0 -0.0338    0.00 9.1216     0.00    0.00    0.00    0.00    0.00
OF1042.0 -0.1530    0.00 9.1216     0.00    0.00    0.00    0.00    0.00
OF1043.0 -0.2718    0.00 9.1216     0.00    0.00    0.00    0.00    0.00
OF1044.0 -0.3907    0.00 9.1216     0.00    0.00    0.00    0.00    0.00
OF1045.0 -0.5099    0.00 9.1216     0.00    0.00    0.00    0.00    0.00
OF1046.0 -0.6287    0.00 9.1216     0.00    0.00    0.00    0.00    0.00
OF1047.0 -0.7479    0.00 9.1215     0.00    0.00    0.00    0.00    0.00
OF1048.0 -0.8668    0.00 9.1215     0.00    0.00    0.00    0.00    0.00
OF1049.0 -0.9861    0.00 9.1215     0.00    0.00    0.00    0.00    0.00
OF1050.0 -1.1049    0.00 9.1215     0.00    0.00    0.00    0.00    0.00
OF1051.0 -1.2241    0.00 9.1215     0.00    0.00    0.00    0.00    0.00
OF1052.0 -1.343     0.00 9.1215     0.00    0.00    0.00    0.00    0.00
OF1053.0 -1.4623    0.00 9.1215     0.00    0.00    0.00    0.00    0.00
OF1054.0 -1.581     0.00 9.1215     0.00    0.00    0.00    0.00    0.00
OF1055.0 -1.6998    0.00 9.1214     0.00    0.00    0.00    0.00    0.00
OF1056.0 -1.819     0.00 9.1214     0.00    0.00    0.00    0.00    0.00
OF1057.0 -1.9379    0.00 9.1214     0.00    0.00    0.00    0.00    0.00
OF1058.0 -2.0572    0.00 9.1214     0.00    0.00    0.00    0.00    0.00
OF1059.0 -2.1759    0.00 9.1214     0.00    0.00    0.00    0.00    0.00
OF1060.0 -2.2952    0.00 9.1214     0.00    0.00    0.00    0.00    0.00
OF1061.0 -2.4141    0.00 9.1214     0.00    0.00    0.00    0.00    0.00
OF1062.0 -2.5333    0.00 9.1214     0.00    0.00    0.00    0.00    0.00
OF1063.0 -2.6521    0.00 9.1214     0.00    0.00    0.00    0.00    0.00
OF1064.0 -2.7713    0.00 9.1213     0.00    0.00    0.00    0.00    0.00
OF1065.0 -2.8902    0.00 9.1213     0.00    0.00    0.00    0.00    0.00
OF1066.0 -3.009     0.00 9.1213     0.00    0.00    0.00    0.00    0.00
OF1067.0 -3.1282    0.00 9.1213     0.00    0.00    0.00    0.00    0.00
OF1068.0 -3.247     0.00 9.1213     0.00    0.00    0.00    0.00    0.00
OF1069.0 -3.3664    0.00 9.1213     0.00    0.00    0.00    0.00    0.00
OF1070.0 -3.4851    0.00 9.1213     0.00    0.00    0.00    0.00    0.00
OF1071.0 -3.6044    0.00 9.1213     0.00    0.00    0.00    0.00    0.00
OF1072.0 -3.7231    0.00 9.1212     0.00    0.00    0.00    0.00    0.00
OF1073.0 -3.8425    0.00 9.1212     0.00    0.00    0.00    0.00    0.00
OF1074.0 -3.9613    0.00 9.1212     0.00    0.00    0.00    0.00    0.00
OF1075.0 -4.0805    0.00 9.1212     0.00    0.00    0.00    0.00    0.00
OF1076.0 -4.1993    0.00 9.1212     0.00    0.00    0.00    0.00    0.00
OF1077.0 -4.3182    0.00 9.1212     0.00    0.00    0.00    0.00    0.00
OF1078.0 -4.4374    0.00 9.1212     0.00    0.00    0.00    0.00    0.00
OF1079.0 -4.5562    0.00 9.1212     0.00    0.00    0.00    0.00    0.00
OF1080.0 -4.6754    0.00 9.1211     0.00    0.00    0.00    0.00    0.00
OF1081.0 -4.7942    0.00 9.1211     0.00    0.00    0.00    0.00    0.00
OF1082.0 -4.9136    0.00 9.1211     0.00    0.00    0.00    0.00    0.00
OF1083.0 -5.0323    0.00 9.1211     0.00    0.00    0.00    0.00    0.00
OF1084.0 -5.1516    0.00 9.1211     0.00    0.00    0.00    0.00    0.00
OF1085.0 -5.2703    0.00 9.1211     0.00    0.00    0.00    0.00    0.00
OF1086.0 -5.3897    0.00 9.1211     0.00    0.00    0.00    0.00    0.00
OF1087.0 -5.5085    0.00 9.1211     0.00    0.00    0.00    0.00    0.00
OF1088.0 -5.6277    0.00 9.121      0.00    0.00    0.00    0.00    0.00
OF1089.0 -5.7465    0.00 9.121      0.00    0.00    0.00    0.00    0.00
OF1090.0 -5.8654    0.00 9.121      0.00    0.00    0.00    0.00    0.00
OF1091.0 -5.9297    0.00 9.121      0.00    0.00    0.00    0.00    0.00
OF1092.0 -5.9297    0.00 9.121      0.00    0.00    0.00    0.00    0.00
OF1093.0 -5.9298    0.00 9.121      0.00    0.00    0.00    0.00    0.00
OF1094.0 -5.9298    0.00 9.121      0.00    0.00    0.00    0.00    0.00
OF1095.0 -5.9299    0.00 9.121      0.00    0.00    0.00    0.00    0.00
OF1096.0 -5.9299    0.00 9.121      0.00    0.00    0.00    0.00    0.00
OF1097.0 -5.93      0.00 9.121      0.00    0.00    0.00    0.00    0.00
OF1098.0 -5.9301    0.00 9.121      0.00    0.00    0.00    0.00    0.00
OF1099.0 -5.9301    0.00 9.1209     0.00    0.00    0.00    0.00    0.00
OF1100.0 -5.9302    0.00 9.1209     0.00    0.00    0.00    0.00    0.00
OF1101.0 -5.9302    0.00 9.1209     0.00    0.00    0.00    0.00    0.00
OF1102.0 -5.93      0.00 9.1209     0.00    0.00    0.00    0.00    0.00
OF1103.0 -5.9298    0.00 9.1209     0.00    0.00    0.00    0.00    0.00
OF1104.0 -5.9297    0.00 9.1209     0.00    0.00    0.00    0.00    0.00
OF1105.0 -5.9295    0.00 9.1209     0.00    0.00    0.00    0.00    0.00
OF1106.0 -5.9293    0.00 9.1209     0.00    0.00    0.00    0.00    0.00
OF1107.0 -5.9291    0.00 9.1209     0.00    0.00    0.00    0.00    0.00
OF1108.0 -5.929     0.00 9.1209     0.00    0.00    0.00    0.00    0.00
OF1109.0 -5.9288    0.00 9.1209     0.00    0.00    0.00    0.00    0.00
OF1110.0 -5.9286    0.00 9.1209     0.00    0.00    0.00    0.00    0.00
OF1111.0 -5.9285    0.00 9.121      0.00    0.00    0.00    0.00    0.00
OF1112.0 -5.9283    0.00 9.121      0.00    0.00    0.00    0.00    0.00
OF1113.0 -5.9281    0.00 9.121      0.00    0.00    0.00    0.00    0.00
OF1114.0 -5.9279    0.00 9.121      0.00    0.00    0.00    0.00    0.00
OF1115.0 -5.9278    0.00 9.121      0.00    0.00    0.00    0.00    0.00
OF1116.0 -5.9277    0.00 9.121      0.00    0.00    0.00    0.00    0.00
OF1117.0 -5.9277    0.00 9.1209     0.00    0.00    0.00    0.00    0.00
OF1118.0 -5.9276    0.00 9.1209     0.00    0.00    0.00    0.00    0.00
OF1119.0 -5.9275    0.00 9.1209     0.00    0.00    0.00    0.00    0.00
OF1120.0 -5.9274    0.00 9.1209     0.00    0.00    0.00    0.00    0.00
OF1121.0 -5.9273    0.00 9.1209     0.00    0.00    0.00    0.00    0.00
OF1122.0 -5.9272    0.00 9.1209     0.00    0.00    0.00    0.00    0.00
OF1123.0 -5.9271    0.00 9.1209     0.00    0.00    0.00    0.00    0.00
OF1124.0 -5.927     0.00 9.1209     0.00    0.00    0.00    0.00    0.00
OF1125.0 -5.927     0.00 9.1209     0.00    0.00    0.00    0.00    0.00
OF1126.0 -5.9269    0.00 9.1209     0.00    0.00    0.00    0.00    0.00
OF1127.0 -5.9268    0.00 9.1209     0.00    0.00    0.00    0.00    0.00
OF1128.0 -5.9267    0.00 9.1209     0.00    0.00    0.00    0.00    0.00
OF1129.0 -5.9266    0.00 9.1209     0.00    0.00    0.00    0.00    0.00
OF1130.0 -5.9265    0.00 9.1209     0.00    0.00    0.00    0.00    0.00
OF1131.0 -5.9264    0.00 9.1209     0.00    0.00    0.00    0.00    0.00
OF1132.0 -5.9263    0.00 9.1209     0.00    0.00    0.00    0.00    0.00
OF1133.0 -5.9262    0.00 9.1209     0.00    0.00    0.00    0.00    0.00
OF1134.0 -5.9262    0.00 9.1209     0.00    0.00    0.00    0.00    0.00
OF1135.0 -5.9261    0.00 9.1209     0.00    0.00    0.00    0.00    0.00
OF1136.0 -5.926     0.00 9.1209     0.00    0.00    0.00    0.00    0.00
OF1137.0 -5.9259    0.00 9.1209     0.00    0.00    0.00    0.00    0.00
OF1138.0 -5.9258    0.00 9.1209     0.00    0.00    0.00    0.00    0.00
OF1139.0 -5.9257    0.00 9.1209     0.00    0.00    0.00    0.00    0.00
OF1140.0 -5.9256    0.00 9.1209     0.00    0.00    0.00    0.00    0.00
OF1141.0 -5.9255    0.00 9.1208     0.00    0.00    0.00    0.00    0.00
OF1142.0 -5.9254    0.00 9.1208     0.00    0.00    0.00    0.00    0.00
OF1143.0 -5.9254    0.00 9.1208     0.00    0.00    0.00    0.00    0.00
OF1144.0 -5.9253    0.00 9.1208     0.00    0.00    0.00    0.00    0.00
OF1145.0 -5.9252    0.00 9.1208     0.00    0.00    0.00    0.00    0.00
OF1146.0 -5.9251    0.00 9.1208     0.00    0.00    0.00    0.00    0.00
OF1147.0 -5.925     0.00 9.1208     0.00    0.00    0.00    0.00    0.00
OF1148.0 -5.9249    0.00 9.1208     0.00    0.00    0.00    0.00    0.00
OF1149.0 -5.9248    0.00 9.1208     0.00    0.00    0.00    0.00    0.00
OF1150.0 -5.9247    0.00 9.1208     0.00    0.00    0.00    0.00    0.00
OF1151.0 -5.9246    0.00 9.1208     0.00    0.00    0.00    0.00    0.00
OF1152.0 -5.9246    0.00 9.1208     0.00    0.00    0.00    0.00    0.00
OF1153.0 -5.9245    0.00 9.1208     0.00    0.00    0.00    0.00    0.00
OF1154.0 -5.9244    0.00 9.1208     0.00    0.00    0.00    0.00    0.00
OF1155.0 -5.9243    0.00 9.1208     0.00    0.00    0.00    0.00    0.00
OF1156.0 -5.9242    0.00 9.1208     0.00    0.00    0.00    0.00    0.00
OF1157.0 -5.9241    0.00 9.1208     0.00    0.00    0.00    0.00    0.00
OF1158.0 -5.924     0.00 9.1208     0.00    0.00    0.00    0.00    0.00
OF1159.0 -5.9239    0.00 9.1208     0.00    0.00    0.00    0.00    0.00
OF1160.0 -5.9239    0.00 9.1208     0.00    0.00    0.00    0.00    0.00
OF1161.0 -5.9238    0.00 9.1208     0.00    0.00    0.00    0.00    0.00
OF1162.0 -5.9237    0.00 9.1208     0.00    0.00    0.00    0.00    0.00
OF1163.0 -5.9236    0.00 9.1208     0.00    0.00    0.00    0.00    0.00
OF1164.0 -5.9235    0.00 9.1208     0.00    0.00    0.00    0.00    0.00
OF1165.0 -5.9234    0.00 9.1207     0.00    0.00    0.00    0.00    0.00
OF1166.0 -5.9233    0.00 9.1207     0.00    0.00    0.00    0.00    0.00
OF1167.0 -5.9232    0.00 9.1207     0.00    0.00    0.00    0.00    0.00
OF1168.0 -5.9231    0.00 9.1207     0.00    0.00    0.00    0.00    0.00
OF1169.0 -5.9231    0.00 9.1207     0.00    0.00    0.00    0.00    0.00
OF1170.0 -5.923     0.00 9.1207     0.00    0.00    0.00    0.00    0.00
OF1171.0 -5.9229    0.00 9.1207     0.00    0.00    0.00    0.00    0.00
OF1172.0 -5.9228    0.00 9.1207     0.00    0.00    0.00    0.00    0.00
OF1173.0 -5.9227    0.00 9.1207     0.00    0.00    0.00    0.00    0.00
OF1174.0 -5.9226    0.00 9.1207     0.00    0.00    0.00    0.00    0.00
OF1175.0 -5.9225    0.00 9.1207     0.00    0.00    0.00    0.00    0.00
OF1176.0 -5.9224    0.00 9.1207     0.00    0.00    0.00    0.00    0.00
OF1177.0 -5.9223    0.00 9.1207     0.00    0.00    0.00    0.00    0.00
OF1178.0 -5.9223    0.00 9.1207     0.00    0.00    0.00    0.00    0.00
OF1179.0 -5.9222    0.00 9.1207     0.00    0.00    0.00    0.00    0.00
OF1180.0 -5.9221    0.00 9.1207     0.00    0.00    0.00    0.00    0.00
OF1181.0 -5.922     0.00 9.1207     0.00    0.00    0.00    0.00    0.00
OF1182.0 -5.9219    0.00 9.1207     0.00    0.00    0.00    0.00    0.00
OF1183.0 -5.9218    0.00 9.1207     0.00    0.00    0.00    0.00    0.00
OF1184.0 -5.9217    0.00 9.1207     0.00    0.00    0.00    0.00    0.00
OF1185.0 -5.9216    0.00 9.1207     0.00    0.00    0.00    0.00    0.00
OF1186.0 -5.9216    0.00 9.1207     0.00    0.00    0.00    0.00    0.00
OF1187.0 -5.9215    0.00 9.1207     0.00    0.00    0.00    0.00    0.00
OF1188.0 -5.9214    0.00 9.1207     0.00    0.00    0.00    0.00    0.00
OF1189.0 -5.9213    0.00 9.1206     0.00    0.00    0.00    0.00    0.00
OF1190.0 -5.9212    0.00 9.1206     0.00    0.00    0.00    0.00    0.00
OF1191.0 -5.9211    0.00 9.1206     0.00    0.00    0.00    0.00    0.00
OF1192.0 -5.8122    0.00 9.1206     0.00    0.00    0.00    0.00    0.00
OF1193.0 -5.6911    0.00 9.1206     0.00    0.00    0.00    0.00    0.00
OF1194.0 -5.5696    0.00 9.1206     0.00    0.00    0.00    0.00    0.00
OF1195.0 -5.4481    0.00 9.1206     0.00    0.00    0.00    0.00    0.00
OF1196.0 -5.327     0.00 9.1206     0.00    0.00    0.00    0.00    0.00
OF1197.0 -5.2055    0.00 9.1206     0.00    0.00    0.00    0.00    0.00
OF1198.0 -5.0845    0.00 9.1205     0.00    0.00    0.00    0.00    0.00
OF1199.0 -4.963     0.00 9.1205     0.00    0.00    0.00    0.00    0.00
OF1200.0 -4.8414    0.00 9.1205     0.00    0.00    0.00    0.00    0.00
OF1201.0 -4.7204    0.00 9.1205     0.00    0.00    0.00    0.00    0.00
OF1202.0 -4.5989    0.00 9.1205     0.00    0.00    0.00    0.00    0.00
OF1203.0 -4.4778    0.00 9.1205     0.00    0.00    0.00    0.00    0.00
OF1204.0 -4.3563    0.00 9.1205     0.00    0.00    0.00    0.00    0.00
OF1205.0 -4.2348    0.00 9.1204     0.00    0.00    0.00    0.00    0.00
OF1206.0 -4.1137    0.00 9.1204     0.00    0.00    0.00    0.00    0.00
OF1207.0 -3.9922    0.00 9.1204     0.00    0.00    0.00    0.00    0.00
OF1208.0 -3.8712    0.00 9.1204     0.00    0.00    0.00    0.00    0.00
OF1209.0 -3.7497    0.00 9.1204     0.00    0.00    0.00    0.00    0.00
OF1210.0 -3.6282    0.00 9.1204     0.00    0.00    0.00    0.00    0.00
OF1211.0 -3.5071    0.00 9.1204     0.00    0.00    0.00    0.00    0.00
OF1212.0 -3.3856    0.00 9.1203     0.00    0.00    0.00    0.00    0.00
OF1213.0 -3.2645    0.00 9.1203     0.00    0.00    0.00    0.00    0.00
OF1214.0 -3.143     0.00 9.1203     0.00    0.00    0.00    0.00    0.00
OF1215.0 -3.0215    0.00 9.1203     0.00    0.00    0.00    0.00    0.00
OF1216.0 -2.9005    0.00 9.1203     0.00    0.00    0.00    0.00    0.00
OF1217.0 -2.779     0.00 9.1203     0.00    0.00    0.00    0.00    0.00
OF1218.0 -2.6579    0.00 9.1203     0.00    0.00    0.00    0.00    0.00
OF1219.0 -2.5364    0.00 9.1202     0.00    0.00    0.00    0.00    0.00
OF1220.0 -2.4153    0.00 9.1202     0.00    0.00    0.00    0.00    0.00
OF1221.0 -2.2938    0.00 9.1202     0.00    0.00    0.00    0.00    0.00
OF1222.0 -2.1728    0.00 9.1202     0.00    0.00    0.00    0.00    0.00
OF1223.0 -2.0513    0.00 9.1202     0.00    0.00    0.00    0.00    0.00
OF1224.0 -1.9302    0.00 9.1202     0.00    0.00    0.00    0.00    0.00
OF1225.0 -1.8091    0.00 9.1202     0.00    0.00    0.00    0.00    0.00
OF1226.0 -1.6876    0.00 9.1201     0.00    0.00    0.00    0.00    0.00
OF1227.0 -1.5666    0.00 9.1201     0.00    0.00    0.00    0.00    0.00
OF1228.0 -1.4455    0.00 9.1201     0.00    0.00    0.00    0.00    0.00
OF1229.0 -1.324     0.00 9.1201     0.00    0.00    0.00    0.00    0.00
OF1230.0 -1.203     0.00 9.1201     0.00    0.00    0.00    0.00    0.00
OF1231.0 -1.0815    0.00 9.1201     0.00    0.00    0.00    0.00    0.00
OF1232.0 -0.9603    0.00 9.1201     0.00    0.00    0.00    0.00    0.00
OF1233.0 -0.8393    0.00 9.12       0.00    0.00    0.00    0.00    0.00
OF1234.0 -0.7178    0.00 9.12       0.00    0.00    0.00    0.00    0.00
OF1235.0 -0.5967    0.00 9.12       0.00    0.00    0.00    0.00    0.00
OF1236.0 -0.4752    0.00 9.12       0.00    0.00    0.00    0.00    0.00
OF1237.0 -0.3542    0.00 9.12       0.00    0.00    0.00    0.00    0.00
OF1238.0 -0.2331    0.00 9.12       0.00    0.00    0.00    0.00    0.00
OF1239.0 -0.1116    0.00 9.12       0.00    0.00    0.00    0.00    0.00
IF1240.0 5.0591     0.00 9.1199     0.00    0.00    0.00    0.00    0.00
IF1246.5 4.5997     0.00 9.1199     0.00    0.00    0.00    0.00    0.00
IF1258.0 4.9934     0.00 9.1197     0.00    0.00    0.00    0.00    0.00
IF1267.5 4.5997     0.00 9.1196     0.00    0.00    0.00    0.00    0.00
IF1277.5 4.9606     0.00 9.1196     0.00    0.00    0.00    0.00    0.00
IF1286.5 5.0262     0.00 9.1195     0.00    0.00    0.00    0.00    0.00
IF1293.5 5.1247     0.00 9.1194     0.00    0.00    0.00    0.00    0.00
IF1302.0 5.6824     0.00 9.1194     0.00    0.00    0.00    0.00    0.00
IF1315.5 6.4042     0.00 9.1194     0.00    0.00    0.00    0.00    0.00
IF1329.5 7.8478     0.00 9.1194     0.00    0.00    0.00    0.00    0.00
IF1339.5 8.7664     0.00 9.1194     0.00    0.00    0.00    0.00    0.00
IF1343.5 9.1194     0.00 9.1194     0.00    0.00    0.00    0.00    0.00
PS START(386426.334,4806221.6516)
PS END(386561.1798,4806867.0114)
ET
 
 
 
