header
IE0.0    -6.5279       1       1 9.0347  11.2956 12.8      56.14   56.14
OF3.0    -6.445     0.00 9.035      0.00    0.00    0.00    0.00    0.00
OF4.0    -6.4174    0.00 9.0351     0.00    0.00    0.00    0.00    0.00
OF9.0    -6.2794    0.00 9.0356     0.00    0.00    0.00    0.00    0.00
OF10.0   -6.2518    0.00 9.0357     0.00    0.00    0.00    0.00    0.00
OF15.0   -6.1138    0.00 9.0362     0.00    0.00    0.00    0.00    0.00
OF16.0   -6.0862    0.00 9.0363     0.00    0.00    0.00    0.00    0.00
OF22.0   -5.9205    0.00 9.0369     0.00    0.00    0.00    0.00    0.00
OF27.0   -5.7825    0.00 9.0374     0.00    0.00    0.00    0.00    0.00
OF28.0   -5.7549    0.00 9.0375     0.00    0.00    0.00    0.00    0.00
OF39.0   -5.4513    0.00 9.0386     0.00    0.00    0.00    0.00    0.00
OF40.0   -5.4236    0.00 9.0387     0.00    0.00    0.00    0.00    0.00
OF51.0   -5.12      0.00 9.0398     0.00    0.00    0.00    0.00    0.00
OF52.0   -5.0924    0.00 9.0398     0.00    0.00    0.00    0.00    0.00
OF61.0   -4.8472    0.00 9.0407     0.00    0.00    0.00    0.00    0.00
OF62.0   -4.8399    0.00 9.0409     0.00    0.00    0.00    0.00    0.00
OF72.2   -4.7648    0.00 9.035      0.00    0.00    0.00    0.00    0.00
OF75.5   -4.7406    0.00 9.0357     0.00    0.00    0.00    0.00    0.00
OF78.7   -4.7155    0.00 9.0364     0.00    0.00    0.00    0.00    0.00
OF82.0   -4.6838    0.00 9.0371     0.00    0.00    0.00    0.00    0.00
OF85.3   -4.6518    0.00 9.038      0.00    0.00    0.00    0.00    0.00
OF88.6   -4.6198    0.00 9.0389     0.00    0.00    0.00    0.00    0.00
OF91.9   -4.5878    0.00 9.0399     0.00    0.00    0.00    0.00    0.00
OF95.1   -4.5558    0.00 9.0409     0.00    0.00    0.00    0.00    0.00
OF98.4   -4.5238    0.00 9.0419     0.00    0.00    0.00    0.00    0.00
OF101.7  -4.4918    0.00 9.043      0.00    0.00    0.00    0.00    0.00
OF105.0  -4.4598    0.00 9.044      0.00    0.00    0.00    0.00    0.00
OF108.3  -4.4278    0.00 9.0451     0.00    0.00    0.00    0.00    0.00
OF111.5  -4.3958    0.00 9.0462     0.00    0.00    0.00    0.00    0.00
OF114.8  -4.3638    0.00 9.0471     0.00    0.00    0.00    0.00    0.00
OF118.1  -4.3318    0.00 9.0481     0.00    0.00    0.00    0.00    0.00
OF121.4  -4.2998    0.00 9.049      0.00    0.00    0.00    0.00    0.00
OF124.7  -4.2678    0.00 9.0499     0.00    0.00    0.00    0.00    0.00
OF128.0  -4.2358    0.00 9.0508     0.00    0.00    0.00    0.00    0.00
OF131.2  -4.2039    0.00 9.0521     0.00    0.00    0.00    0.00    0.00
OF134.5  -4.1718    0.00 9.0531     0.00    0.00    0.00    0.00    0.00
OF137.8  -4.1399    0.00 9.0541     0.00    0.00    0.00    0.00    0.00
OF141.1  -4.1079    0.00 9.0551     0.00    0.00    0.00    0.00    0.00
OF144.4  -4.0759    0.00 9.0564     0.00    0.00    0.00    0.00    0.00
OF147.6  -4.0385    0.00 9.0573     0.00    0.00    0.00    0.00    0.00
OF150.9  -3.9707    0.00 9.0583     0.00    0.00    0.00    0.00    0.00
OF154.2  -3.9018    0.00 9.0594     0.00    0.00    0.00    0.00    0.00
OF157.5  -3.833     0.00 9.0604     0.00    0.00    0.00    0.00    0.00
OF160.8  -3.7642    0.00 9.0615     0.00    0.00    0.00    0.00    0.00
OF164.0  -3.6953    0.00 9.0626     0.00    0.00    0.00    0.00    0.00
OF167.3  -3.6265    0.00 9.0638     0.00    0.00    0.00    0.00    0.00
OF170.6  -3.5577    0.00 9.065      0.00    0.00    0.00    0.00    0.00
OF173.9  -3.4888    0.00 9.0662     0.00    0.00    0.00    0.00    0.00
OF177.2  -3.42      0.00 9.0673     0.00    0.00    0.00    0.00    0.00
OF180.4  -3.3511    0.00 9.0684     0.00    0.00    0.00    0.00    0.00
OF183.7  -3.2823    0.00 9.0692     0.00    0.00    0.00    0.00    0.00
OF187.0  -3.2135    0.00 9.0704     0.00    0.00    0.00    0.00    0.00
OF190.3  -3.1447    0.00 9.0717     0.00    0.00    0.00    0.00    0.00
OF193.6  -3.0758    0.00 9.0729     0.00    0.00    0.00    0.00    0.00
OF196.8  -3.007     0.00 9.0743     0.00    0.00    0.00    0.00    0.00
OF200.1  -2.9381    0.00 9.0757     0.00    0.00    0.00    0.00    0.00
OF203.4  -2.8693    0.00 9.0771     0.00    0.00    0.00    0.00    0.00
OF206.7  -2.8005    0.00 9.0786     0.00    0.00    0.00    0.00    0.00
OF210.0  -2.7317    0.00 9.0801     0.00    0.00    0.00    0.00    0.00
OF213.3  -2.6628    0.00 9.0817     0.00    0.00    0.00    0.00    0.00
OF216.5  -2.5925    0.00 9.083      0.00    0.00    0.00    0.00    0.00
OF219.8  -2.5186    0.00 9.0848     0.00    0.00    0.00    0.00    0.00
OF223.1  -2.4448    0.00 9.0865     0.00    0.00    0.00    0.00    0.00
OF226.4  -2.371     0.00 9.0883     0.00    0.00    0.00    0.00    0.00
OF229.7  -2.2971    0.00 9.0898     0.00    0.00    0.00    0.00    0.00
OF232.9  -2.2571    0.00 9.092      0.00    0.00    0.00    0.00    0.00
OF236.2  -2.2222    0.00 9.0941     0.00    0.00    0.00    0.00    0.00
OF239.5  -2.1874    0.00 9.0963     0.00    0.00    0.00    0.00    0.00
OF242.8  -2.1525    0.00 9.0984     0.00    0.00    0.00    0.00    0.00
OF246.1  -2.1099    0.00 9.1005     0.00    0.00    0.00    0.00    0.00
OF249.3  -2.0633    0.00 9.1022     0.00    0.00    0.00    0.00    0.00
OF252.6  -2.0166    0.00 9.1042     0.00    0.00    0.00    0.00    0.00
OF255.9  -1.9699    0.00 9.1058     0.00    0.00    0.00    0.00    0.00
OF259.2  -1.9232    0.00 9.1078     0.00    0.00    0.00    0.00    0.00
OF262.5  -1.8766    0.00 9.1097     0.00    0.00    0.00    0.00    0.00
OF265.7  -1.8299    0.00 9.1113     0.00    0.00    0.00    0.00    0.00
OF269.0  -1.7833    0.00 9.1132     0.00    0.00    0.00    0.00    0.00
OF272.3  -1.7366    0.00 9.1148     0.00    0.00    0.00    0.00    0.00
OF275.6  -1.6899    0.00 9.1167     0.00    0.00    0.00    0.00    0.00
OF278.9  -1.6432    0.00 9.1183     0.00    0.00    0.00    0.00    0.00
OF282.2  -1.5965    0.00 9.1203     0.00    0.00    0.00    0.00    0.00
OF285.4  -1.5499    0.00 9.1223     0.00    0.00    0.00    0.00    0.00
OF288.7  -1.5032    0.00 9.1239     0.00    0.00    0.00    0.00    0.00
OF292.0  -1.4565    0.00 9.1259     0.00    0.00    0.00    0.00    0.00
OF295.3  -1.4099    0.00 9.1276     0.00    0.00    0.00    0.00    0.00
OF298.6  -1.3632    0.00 9.1295     0.00    0.00    0.00    0.00    0.00
OF301.8  -1.3165    0.00 9.1315     0.00    0.00    0.00    0.00    0.00
OF305.1  -1.2694    0.00 9.1331     0.00    0.00    0.00    0.00    0.00
OF308.4  -1.2051    0.00 9.1348     0.00    0.00    0.00    0.00    0.00
OF311.7  -1.1384    0.00 9.1364     0.00    0.00    0.00    0.00    0.00
OF315.0  -1.0716    0.00 9.1381     0.00    0.00    0.00    0.00    0.00
OF318.2  -1.005     0.00 9.1398     0.00    0.00    0.00    0.00    0.00
OF321.5  -0.9382    0.00 9.1415     0.00    0.00    0.00    0.00    0.00
OF324.8  -0.8715    0.00 9.1432     0.00    0.00    0.00    0.00    0.00
OF328.1  -0.8047    0.00 9.1449     0.00    0.00    0.00    0.00    0.00
OF331.4  -0.7380    0.00 9.1467     0.00    0.00    0.00    0.00    0.00
OF334.6  -0.6713    0.00 9.1485     0.00    0.00    0.00    0.00    0.00
OF337.9  -0.6046    0.00 9.1503     0.00    0.00    0.00    0.00    0.00
OF341.2  -0.5379    0.00 9.1522     0.00    0.00    0.00    0.00    0.00
OF344.5  -0.4712    0.00 9.1541     0.00    0.00    0.00    0.00    0.00
OF347.8  -0.4045    0.00 9.156      0.00    0.00    0.00    0.00    0.00
OF351.0  -0.3378    0.00 9.158      0.00    0.00    0.00    0.00    0.00
OF354.3  -0.2710    0.00 9.1599     0.00    0.00    0.00    0.00    0.00
OF357.6  -0.2043    0.00 9.162      0.00    0.00    0.00    0.00    0.00
OF360.9  -0.1376    0.00 9.164      0.00    0.00    0.00    0.00    0.00
OF364.2  -0.0685    0.00 9.1656     0.00    0.00    0.00    0.00    0.00
IF367.5  0.39967    0.00 9.1628     0.00    0.00    0.00    0.00    0.00
IF370.7  0.78987    0.00 9.1613     0.00    0.00    0.00    0.00    0.00
IF374.0  0.84367    0.00 9.1658     0.00    0.00    0.00    0.00    0.00
IF377.3  0.95131    0.00 9.1691     0.00    0.00    0.00    0.00    0.00
IF380.6  0.9384     0.00 9.1748     0.00    0.00    0.00    0.00    0.00
IF383.9  0.85561    0.00 9.1805     0.00    0.00    0.00    0.00    0.00
IF387.1  0.76539    0.00 9.1861     0.00    0.00    0.00    0.00    0.00
IF390.4  0.6712     0.00 9.1911     0.00    0.00    0.00    0.00    0.00
IF393.7  0.62518    0.00 9.1948     0.00    0.00    0.00    0.00    0.00
IF397.0  0.75674    0.00 9.1964     0.00    0.00    0.00    0.00    0.00
IF400.3  0.8883     0.00 9.1981     0.00    0.00    0.00    0.00    0.00
IF403.5  0.98561    0.00 9.2003     0.00    0.00    0.00    0.00    0.00
IF406.8  1.0443     0.00 9.2035     0.00    0.00    0.00    0.00    0.00
IF410.1  1.0754     0.00 9.2065     0.00    0.00    0.00    0.00    0.00
IF413.4  1.0066     0.00 9.2107     0.00    0.00    0.00    0.00    0.00
IF416.7  0.81091    0.00 9.2159     0.00    0.00    0.00    0.00    0.00
IF419.9  0.78256    0.00 9.2187     0.00    0.00    0.00    0.00    0.00
IF423.2  0.81126    0.00 9.2206     0.00    0.00    0.00    0.00    0.00
IF426.5  0.93336    0.00 9.2215     0.00    0.00    0.00    0.00    0.00
IF429.8  1.1652     0.00 9.2213     0.00    0.00    0.00    0.00    0.00
IF433.1  1.3019     0.00 9.2226     0.00    0.00    0.00    0.00    0.00
IF436.4  1.3351     0.00 9.2253     0.00    0.00    0.00    0.00    0.00
IF439.6  1.3047     0.00 9.2286     0.00    0.00    0.00    0.00    0.00
IF442.9  1.2102     0.00 9.2321     0.00    0.00    0.00    0.00    0.00
IF446.2  1.1158     0.00 9.2356     0.00    0.00    0.00    0.00    0.00
IF449.5  1.125      0.00 9.2378     0.00    0.00    0.00    0.00    0.00
IF452.8  1.168      0.00 9.2395     0.00    0.00    0.00    0.00    0.00
IF456.0  1.3851     0.00 9.2391     0.00    0.00    0.00    0.00    0.00
IF459.3  1.7999     0.00 9.237      0.00    0.00    0.00    0.00    0.00
IF462.6  2.113      0.00 9.2362     0.00    0.00    0.00    0.00    0.00
IF465.9  1.9695     0.00 9.242      0.00    0.00    0.00    0.00    0.00
IF469.2  1.9104     0.00 9.2464     0.00    0.00    0.00    0.00    0.00
IF472.4  2.0061     0.00 9.2484     0.00    0.00    0.00    0.00    0.00
IF475.7  2.1616     0.00 9.2498     0.00    0.00    0.00    0.00    0.00
IF479.0  2.3361     0.00 9.2514     0.00    0.00    0.00    0.00    0.00
IF482.3  2.5039     0.00 9.2533     0.00    0.00    0.00    0.00    0.00
IF485.6  2.5205     0.00 9.2576     0.00    0.00    0.00    0.00    0.00
IF488.8  2.604      0.00 9.2604     0.00    0.00    0.00    0.00    0.00
IF492.1  2.8808     0.00 9.2612     0.00    0.00    0.00    0.00    0.00
IF495.4  3.1576     0.00 9.262      0.00    0.00    0.00    0.00    0.00
IF498.7  3.4275     0.00 9.2642     0.00    0.00    0.00    0.00    0.00
IF502.0  3.583      0.00 9.2689     0.00    0.00    0.00    0.00    0.00
IF505.2  3.7384     0.00 9.2742     0.00    0.00    0.00    0.00    0.00
IF508.5  3.8001     0.00 9.2821     0.00    0.00    0.00    0.00    0.00
IF511.8  3.6566     0.00 9.292      0.00    0.00    0.00    0.00    0.00
IF515.1  3.6625     0.00 9.2983     0.00    0.00    0.00    0.00    0.00
IF518.4  3.8271     0.00 9.3018     0.00    0.00    0.00    0.00    0.00
IF521.7  3.9917     0.00 9.3055     0.00    0.00    0.00    0.00    0.00
IF524.9  4.2219     0.00 9.3087     0.00    0.00    0.00    0.00    0.00
IF528.2  4.4599     0.00 9.3121     0.00    0.00    0.00    0.00    0.00
IF531.5  4.6978     0.00 9.3174     0.00    0.00    0.00    0.00    0.00
IF534.8  5.1101     0.00 9.3208     0.00    0.00    0.00    0.00    0.00
IF538.1  5.4229     0.00 9.3287     0.00    0.00    0.00    0.00    0.00
IF541.3  5.2467     0.00 9.3493     0.00    0.00    0.00    0.00    0.00
IF544.6  5.1929     0.00 9.3633     0.00    0.00    0.00    0.00    0.00
IF547.9  5.2638     0.00 9.3725     0.00    0.00    0.00    0.00    0.00
IF551.2  5.3283     0.00 9.381      0.00    0.00    0.00    0.00    0.00
IF554.5  5.4479     0.00 9.3879     0.00    0.00    0.00    0.00    0.00
IF557.7  5.6045     0.00 9.3951     0.00    0.00    0.00    0.00    0.00
IF561.0  5.597      0.00 9.4046     0.00    0.00    0.00    0.00    0.00
IF564.3  5.622      0.00 9.4125     0.00    0.00    0.00    0.00    0.00
IF567.6  5.7168     0.00 9.4187     0.00    0.00    0.00    0.00    0.00
IF570.9  5.7783     0.00 9.4253     0.00    0.00    0.00    0.00    0.00
IF574.1  5.9873     0.00 9.4298     0.00    0.00    0.00    0.00    0.00
IF577.4  5.9023     0.00 9.4393     0.00    0.00    0.00    0.00    0.00
IF580.7  5.764      0.00 9.4484     0.00    0.00    0.00    0.00    0.00
IF584.0  5.8965     0.00 9.4514     0.00    0.00    0.00    0.00    0.00
IF587.3  5.9856     0.00 9.4551     0.00    0.00    0.00    0.00    0.00
IF590.5  6.0061     0.00 9.46       0.00    0.00    0.00    0.00    0.00
IF593.8  6.0266     0.00 9.465      0.00    0.00    0.00    0.00    0.00
IF597.1  6.0587     0.00 9.4691     0.00    0.00    0.00    0.00    0.00
IF600.4  6.1415     0.00 9.472      0.00    0.00    0.00    0.00    0.00
IF603.7  6.302      0.00 9.4743     0.00    0.00    0.00    0.00    0.00
IF607.0  6.6836     0.00 9.4744     0.00    0.00    0.00    0.00    0.00
IF610.2  6.5688     0.00 9.4848     0.00    0.00    0.00    0.00    0.00
IF613.5  6.454      0.00 9.4933     0.00    0.00    0.00    0.00    0.00
IF616.8  6.6205     0.00 9.4956     0.00    0.00    0.00    0.00    0.00
IF620.1  6.8358     0.00 9.4977     0.00    0.00    0.00    0.00    0.00
IF623.4  7.0511     0.00 9.5015     0.00    0.00    0.00    0.00    0.00
IF626.6  7.335      0.00 9.5071     0.00    0.00    0.00    0.00    0.00
IF629.9  7.622      0.00 9.5157     0.00    0.00    0.00    0.00    0.00
IF633.2  7.7406     0.00 9.5331     0.00    0.00    0.00    0.00    0.00
IF636.5  7.7765     0.00 9.5524     0.00    0.00    0.00    0.00    0.00
IF639.8  7.9735     0.00 9.5659     0.00    0.00    0.00    0.00    0.00
IF643.0  8.2007     0.00 9.5833     0.00    0.00    0.00    0.00    0.00
IF646.3  8.4729     0.00 9.6159     0.00    0.00    0.00    0.00    0.00
IF649.6  9.1546     0.00 9.7148     0.00    0.00    0.00    0.00    0.00
IF652.3  9.7148     0.00 9.7148     0.00    0.00    0.00    0.00    0.00
AS711.9  9.5673     0.00 9.5673     0.00    0.00    0.00    0.00    0.00
IF712.5  8.9961     0.00 9.5673     0.00    0.00    0.00    0.00    0.00
IF719.0  8.7008     0.00 9.5673     0.00    0.00    0.00    0.00    0.00
IF724.5  9.0617     0.00 9.5673     0.00    0.00    0.00    0.00    0.00
IF729.5  8.9633     0.00 9.5673     0.00    0.00    0.00    0.00    0.00
IF733.0  8.8976     0.00 9.5673     0.00    0.00    0.00    0.00    0.00
IF737.5  8.832      0.00 9.5673     0.00    0.00    0.00    0.00    0.00
IF746.4  9.5673     0.00 9.5673     0.00    0.00    0.00    0.00    0.00
AS747.7  9.5673     0.00 9.5673     0.00    0.00    0.00    0.00    0.00
IF757.0  8.832      0.00 9.5673     0.00    0.00    0.00    0.00    0.00
IF764.5  9.2913     0.00 9.5673     0.00    0.00    0.00    0.00    0.00
IF770.0  9.2585     0.00 9.5673     0.00    0.00    0.00    0.00    0.00
IF776.0  9.4226     0.00 9.5673     0.00    0.00    0.00    0.00    0.00
IF785.5  8.7336     0.00 9.5673     0.00    0.00    0.00    0.00    0.00
IF794.0  9.1601     0.00 9.5673     0.00    0.00    0.00    0.00    0.00
IF798.0  8.7664     0.00 9.5673     0.00    0.00    0.00    0.00    0.00
IF802.5  8.9633     0.00 9.5673     0.00    0.00    0.00    0.00    0.00
IF810.5  8.4055     0.00 9.5673     0.00    0.00    0.00    0.00    0.00
IF817.0  8.1759     0.00 9.5673     0.00    0.00    0.00    0.00    0.00
IF823.5  8.7664     0.00 9.5673     0.00    0.00    0.00    0.00    0.00
IF836.0  8.1759     0.00 9.5673     0.00    0.00    0.00    0.00    0.00
IF846.5  8.7008     0.00 9.5673     0.00    0.00    0.00    0.00    0.00
IF850.0  8.4055     0.00 9.5673     0.00    0.00    0.00    0.00    0.00
IF853.5  8.5367     0.00 9.5673     0.00    0.00    0.00    0.00    0.00
IF859.0  8.1102     0.00 9.5673     0.00    0.00    0.00    0.00    0.00
IF868.5  8.7992     0.00 9.5673     0.00    0.00    0.00    0.00    0.00
IF880.5  8.6024     0.00 9.5673     0.00    0.00    0.00    0.00    0.00
IF888.0  8.3071     0.00 9.5673     0.00    0.00    0.00    0.00    0.00
IF890.0  8.0446     0.00 9.5673     0.00    0.00    0.00    0.00    0.00
IF893.0  8.2743     0.00 9.5673     0.00    0.00    0.00    0.00    0.00
IF900.0  8.4711     0.00 9.5673     0.00    0.00    0.00    0.00    0.00
IF909.5  7.9134     0.00 9.5673     0.00    0.00    0.00    0.00    0.00
IF919.0  8.2415     0.00 9.5673     0.00    0.00    0.00    0.00    0.00
IF924.5  8.0774     0.00 9.5673     0.00    0.00    0.00    0.00    0.00
IF927.0  8.2415     0.00 9.5673     0.00    0.00    0.00    0.00    0.00
IF931.0  8.1759     0.00 9.5673     0.00    0.00    0.00    0.00    0.00
IF935.5  8.2743     0.00 9.5673     0.00    0.00    0.00    0.00    0.00
IF944.5  7.9429     0.00 9.5673     0.00    0.00    0.00    0.00    0.00
IF960.5  8.3727     0.00 9.5673     0.00    0.00    0.00    0.00    0.00
IF972.5  8.1759     0.00 9.5673     0.00    0.00    0.00    0.00    0.00
IF979.5  8.6024     0.00 9.5673     0.00    0.00    0.00    0.00    0.00
IF984.5  8.6352     0.00 9.5673     0.00    0.00    0.00    0.00    0.00
IF988.0  8.4055     0.00 9.5673     0.00    0.00    0.00    0.00    0.00
IF993.0  8.4383     0.00 9.5673     0.00    0.00    0.00    0.00    0.00
IF998.5  8.3399     0.00 9.5673     0.00    0.00    0.00    0.00    0.00
IF1004.0 8.4383     0.00 9.5673     0.00    0.00    0.00    0.00    0.00
IF1011.0 8.3071     0.00 9.5673     0.00    0.00    0.00    0.00    0.00
IF1018.5 8.668      0.00 9.5673     0.00    0.00    0.00    0.00    0.00
IF1024.0 8.4383     0.00 9.5673     0.00    0.00    0.00    0.00    0.00
IF1029.0 8.4055     0.00 9.5673     0.00    0.00    0.00    0.00    0.00
IF1035.0 8.1759     0.00 9.5673     0.00    0.00    0.00    0.00    0.00
IF1042.5 8.7336     0.00 9.5673     0.00    0.00    0.00    0.00    0.00
IF1050.5 8.2415     0.00 9.5673     0.00    0.00    0.00    0.00    0.00
IF1056.5 8.2743     0.00 9.5673     0.00    0.00    0.00    0.00    0.00
IF1063.5 8.4711     0.00 9.5673     0.00    0.00    0.00    0.00    0.00
IF1072.0 8.4055     0.00 9.5673     0.00    0.00    0.00    0.00    0.00
IF1080.0 8.668      0.00 9.5673     0.00    0.00    0.00    0.00    0.00
IF1086.0 8.7008     0.00 9.5673     0.00    0.00    0.00    0.00    0.00
IF1092.0 8.7664     0.00 9.5673     0.00    0.00    0.00    0.00    0.00
IF1106.0 7.9134     0.00 9.5673     0.00    0.00    0.00    0.00    0.00
IF1118.5 9.1503     0.00 9.5673     0.00    0.00    0.00    0.00    0.00
IF1124.0 8.9206     0.00 9.5673     0.00    0.00    0.00    0.00    0.00
IF1137.5 9.2159     0.00 9.5673     0.00    0.00    0.00    0.00    0.00
IF1149.5 7.6181     0.00 9.5673     0.00    0.00    0.00    0.00    0.00
IF1158.5 9.3898     0.00 9.5673     0.00    0.00    0.00    0.00    0.00
IF1172.5 8.7664     0.00 9.5673     0.00    0.00    0.00    0.00    0.00
IF1183.5 8.7631     0.00 9.5673     0.00    0.00    0.00    0.00    0.00
IF1188.9 9.5673     0.00 9.5673     0.00    0.00    0.00    0.00    0.00
AS1190.1 9.5673     0.00 9.5673     0.00    0.00    0.00    0.00    0.00
IF1192.0 9.2881     0.00 9.5673     0.00    0.00    0.00    0.00    0.00
IF1198.6 9.5673     0.00 9.5673     0.00    0.00    0.00    0.00    0.00
AS1199.4 9.5673     0.00 9.5673     0.00    0.00    0.00    0.00    0.00
IF1207.0 9.2552     0.00 9.5673     0.00    0.00    0.00    0.00    0.00
IF1216.5 9.4193     0.00 9.5673     0.00    0.00    0.00    0.00    0.00
IF1226.5 8.6975     0.00 9.5673     0.00    0.00    0.00    0.00    0.00
IF1231.0 9.0289     0.00 9.5672     0.00    0.00    0.00    0.00    0.00
IF1236.5 8.7992     0.00 9.5672     0.00    0.00    0.00    0.00    0.00
IF1241.5 9.0617     0.00 9.5671     0.00    0.00    0.00    0.00    0.00
IF1248.5 9.2585     0.00 9.567      0.00    0.00    0.00    0.00    0.00
IF1261.5 9.0289     0.00 9.5669     0.00    0.00    0.00    0.00    0.00
IF1272.5 9.0617     0.00 9.5667     0.00    0.00    0.00    0.00    0.00
IF1284.5 9.357      0.00 9.5666     0.00    0.00    0.00    0.00    0.00
IF1299.5 9.0551     0.00 9.5664     0.00    0.00    0.00    0.00    0.00
IF1306.0 9.3832     0.00 9.5663     0.00    0.00    0.00    0.00    0.00
IF1328.0 9.0617     0.00 9.566      0.00    0.00    0.00    0.00    0.00
IF1350.0 9.3143     0.00 9.5656     0.00    0.00    0.00    0.00    0.00
IF1363.0 8.3727     0.00 9.5654     0.00    0.00    0.00    0.00    0.00
IF1374.0 8.2087     0.00 9.5652     0.00    0.00    0.00    0.00    0.00
IF1379.5 8.7336     0.00 9.565      0.00    0.00    0.00    0.00    0.00
IF1386.0 9.2913     0.00 9.5648     0.00    0.00    0.00    0.00    0.00
IF1391.5 8.2087     0.00 9.5646     0.00    0.00    0.00    0.00    0.00
IF1400.0 8.668      0.00 9.5644     0.00    0.00    0.00    0.00    0.00
IF1418.5 9.2585     0.00 9.5638     0.00    0.00    0.00    0.00    0.00
IF1431.5 8.435      0.00 9.5634     0.00    0.00    0.00    0.00    0.00
IF1436.0 7.9101     0.00 9.5633     0.00    0.00    0.00    0.00    0.00
IF1443.0 7.5492     0.00 9.5631     0.00    0.00    0.00    0.00    0.00
IF1455.5 7.3196     0.00 9.5627     0.00    0.00    0.00    0.00    0.00
IF1466.5 7.4836     0.00 9.5623     0.00    0.00    0.00    0.00    0.00
IF1480.0 5.9088     0.00 9.5619     0.00    0.00    0.00    0.00    0.00
IF1492.0 6.4633     0.00 9.5616     0.00    0.00    0.00    0.00    0.00
IF1496.0 6.437      0.00 9.5614     0.00    0.00    0.00    0.00    0.00
IF1501.0 6.6962     0.00 9.5613     0.00    0.00    0.00    0.00    0.00
IF1504.0 6.5682     0.00 9.5612     0.00    0.00    0.00    0.00    0.00
IF1513.0 7.29       0.00 9.5612     0.00    0.00    0.00    0.00    0.00
IF1523.5 6.2402     0.00 9.5613     0.00    0.00    0.00    0.00    0.00
IF1530.5 6.437      0.00 9.5614     0.00    0.00    0.00    0.00    0.00
IF1538.0 6.273      0.00 9.5615     0.00    0.00    0.00    0.00    0.00
IF1547.5 6.9291     0.00 9.5615     0.00    0.00    0.00    0.00    0.00
IF1554.5 7.815      0.00 9.5616     0.00    0.00    0.00    0.00    0.00
IF1560.5 6.9619     0.00 9.5617     0.00    0.00    0.00    0.00    0.00
IF1568.0 6.6011     0.00 9.5617     0.00    0.00    0.00    0.00    0.00
IF1573.0 7.9462     0.00 9.5618     0.00    0.00    0.00    0.00    0.00
IF1581.5 8.6024     0.00 9.5618     0.00    0.00    0.00    0.00    0.00
IF1592.5 7.979      0.00 9.5619     0.00    0.00    0.00    0.00    0.00
IF1604.0 6.7979     0.00 9.562      0.00    0.00    0.00    0.00    0.00
IF1616.5 6.273      0.00 9.5621     0.00    0.00    0.00    0.00    0.00
IF1626.5 5.584      0.00 9.5622     0.00    0.00    0.00    0.00    0.00
IF1635.0 7.0932     0.00 9.5623     0.00    0.00    0.00    0.00    0.00
IF1641.5 6.1089     0.00 9.5624     0.00    0.00    0.00    0.00    0.00
IF1648.0 5.6824     0.00 9.5624     0.00    0.00    0.00    0.00    0.00
IF1653.0 7.2211     0.00 9.5625     0.00    0.00    0.00    0.00    0.00
IF1662.5 6.7618     0.00 9.5626     0.00    0.00    0.00    0.00    0.00
IF1677.5 5.8432     0.00 9.5628     0.00    0.00    0.00    0.00    0.00
IF1685.0 5.876      0.00 9.5629     0.00    0.00    0.00    0.00    0.00
IF1691.0 6.1713     0.00 9.563      0.00    0.00    0.00    0.00    0.00
IF1698.5 6.4009     0.00 9.5631     0.00    0.00    0.00    0.00    0.00
IF1703.0 5.9744     0.00 9.5632     0.00    0.00    0.00    0.00    0.00
IF1708.0 6.1713     0.00 9.5633     0.00    0.00    0.00    0.00    0.00
IF1718.0 5.9088     0.00 9.5634     0.00    0.00    0.00    0.00    0.00
IF1727.5 5.4495     0.00 9.5636     0.00    0.00    0.00    0.00    0.00
IF1735.5 5.4823     0.00 9.5638     0.00    0.00    0.00    0.00    0.00
IF1741.5 5.5807     0.00 9.5641     0.00    0.00    0.00    0.00    0.00
IF1746.5 5.6791     0.00 9.5643     0.00    0.00    0.00    0.00    0.00
IF1751.5 5.3182     0.00 9.5645     0.00    0.00    0.00    0.00    0.00
IF1755.5 5.3839     0.00 9.5646     0.00    0.00    0.00    0.00    0.00
IF1759.0 5.6168     0.00 9.5647     0.00    0.00    0.00    0.00    0.00
IF1766.5 5.4528     0.00 9.565      0.00    0.00    0.00    0.00    0.00
IF1778.0 5.3871     0.00 9.5655     0.00    0.00    0.00    0.00    0.00
IF1785.0 5.6168     0.00 9.5658     0.00    0.00    0.00    0.00    0.00
IF1790.0 5.6824     0.00 9.5659     0.00    0.00    0.00    0.00    0.00
IF1796.5 5.5184     0.00 9.5662     0.00    0.00    0.00    0.00    0.00
IF1802.0 5.2887     0.00 9.5664     0.00    0.00    0.00    0.00    0.00
IF1806.0 5.1575     0.00 9.5666     0.00    0.00    0.00    0.00    0.00
IF1809.5 5.2559     0.00 9.5667     0.00    0.00    0.00    0.00    0.00
IF1815.5 5.2231     0.00 9.5669     0.00    0.00    0.00    0.00    0.00
IF1823.0 4.7966     0.00 9.5672     0.00    0.00    0.00    0.00    0.00
IF1829.0 4.731      0.00 9.5675     0.00    0.00    0.00    0.00    0.00
IF1835.0 4.6654     0.00 9.5677     0.00    0.00    0.00    0.00    0.00
IF1842.5 4.5669     0.00 9.568      0.00    0.00    0.00    0.00    0.00
IF1850.0 4.5997     0.00 9.5683     0.00    0.00    0.00    0.00    0.00
IF1856.5 4.895      0.00 9.5685     0.00    0.00    0.00    0.00    0.00
IF1861.0 4.731      0.00 9.5687     0.00    0.00    0.00    0.00    0.00
IF1864.0 4.2717     0.00 9.5688     0.00    0.00    0.00    0.00    0.00
IF1869.0 4.4357     0.00 9.569      0.00    0.00    0.00    0.00    0.00
IF1876.0 4.5013     0.00 9.5693     0.00    0.00    0.00    0.00    0.00
IF1882.5 4.6654     0.00 9.5695     0.00    0.00    0.00    0.00    0.00
IF1892.0 4.2028     0.00 9.5698     0.00    0.00    0.00    0.00    0.00
IF1897.0 4.4652     0.00 9.57       0.00    0.00    0.00    0.00    0.00
IF1904.5 4.3012     0.00 9.5702     0.00    0.00    0.00    0.00    0.00
IF1911.0 4.5308     0.00 9.5703     0.00    0.00    0.00    0.00    0.00
IF1920.0 4.2356     0.00 9.5706     0.00    0.00    0.00    0.00    0.00
IF1923.5 4.334      0.00 9.5706     0.00    0.00    0.00    0.00    0.00
IF1931.0 3.8419     0.00 9.5708     0.00    0.00    0.00    0.00    0.00
IF1938.0 3.9731     0.00 9.571      0.00    0.00    0.00    0.00    0.00
IF1946.5 4.0387     0.00 9.5712     0.00    0.00    0.00    0.00    0.00
IF1958.0 2.7264     0.00 9.5715     0.00    0.00    0.00    0.00    0.00
IF1967.0 3.3825     0.00 9.5718     0.00    0.00    0.00    0.00    0.00
IF1972.5 3.1857     0.00 9.5719     0.00    0.00    0.00    0.00    0.00
IF1979.0 3.9403     0.00 9.5721     0.00    0.00    0.00    0.00    0.00
IF1984.0 4.498      0.00 9.5722     0.00    0.00    0.00    0.00    0.00
IF1990.0 3.5794     0.00 9.5724     0.00    0.00    0.00    0.00    0.00
IF2005.0 3.5794     0.00 9.5727     0.00    0.00    0.00    0.00    0.00
IF2009.5 3.9403     0.00 9.5729     0.00    0.00    0.00    0.00    0.00
IF2016.5 4.1732     0.00 9.573      0.00    0.00    0.00    0.00    0.00
IF2022.0 3.9436     0.00 9.5732     0.00    0.00    0.00    0.00    0.00
IF2026.5 4.0092     0.00 9.5733     0.00    0.00    0.00    0.00    0.00
IF2035.5 4.6654     0.00 9.5736     0.00    0.00    0.00    0.00    0.00
IF2042.5 3.8123     0.00 9.5739     0.00    0.00    0.00    0.00    0.00
IF2048.0 4.1732     0.00 9.5741     0.00    0.00    0.00    0.00    0.00
IF2055.0 4.9278     0.00 9.5743     0.00    0.00    0.00    0.00    0.00
IF2064.5 4.5341     0.00 9.5747     0.00    0.00    0.00    0.00    0.00
IF2078.5 4.206      0.00 9.5752     0.00    0.00    0.00    0.00    0.00
IF2092.5 4.6654     0.00 9.5757     0.00    0.00    0.00    0.00    0.00
IF2103.0 4.2717     0.00 9.5761     0.00    0.00    0.00    0.00    0.00
IF2114.5 4.4652     0.00 9.5765     0.00    0.00    0.00    0.00    0.00
IF2126.5 4.3668     0.00 9.5769     0.00    0.00    0.00    0.00    0.00
IF2138.0 4.6949     0.00 9.5774     0.00    0.00    0.00    0.00    0.00
IF2147.5 4.1699     0.00 9.5778     0.00    0.00    0.00    0.00    0.00
IF2160.0 4.4324     0.00 9.5783     0.00    0.00    0.00    0.00    0.00
IF2174.0 4.3012     0.00 9.579      0.00    0.00    0.00    0.00    0.00
IF2182.5 4.498      0.00 9.5793     0.00    0.00    0.00    0.00    0.00
IF2191.5 4.5965     0.00 9.5797     0.00    0.00    0.00    0.00    0.00
IF2205.0 4.6949     0.00 9.5803     0.00    0.00    0.00    0.00    0.00
IF2223.0 4.1371     0.00 9.5811     0.00    0.00    0.00    0.00    0.00
IF2236.0 4.6293     0.00 9.5817     0.00    0.00    0.00    0.00    0.00
IF2242.5 4.5965     0.00 9.582      0.00    0.00    0.00    0.00    0.00
IF2249.5 4.6293     0.00 9.5823     0.00    0.00    0.00    0.00    0.00
IF2256.5 4.5965     0.00 9.5826     0.00    0.00    0.00    0.00    0.00
IF2265.5 4.2356     0.00 9.583      0.00    0.00    0.00    0.00    0.00
IF2282.5 4.3701     0.00 9.5837     0.00    0.00    0.00    0.00    0.00
IF2299.0 4.4685     0.00 9.5842     0.00    0.00    0.00    0.00    0.00
IF2306.5 4.6982     0.00 9.5844     0.00    0.00    0.00    0.00    0.00
IF2313.0 4.6654     0.00 9.5846     0.00    0.00    0.00    0.00    0.00
IF2320.0 4.1732     0.00 9.5848     0.00    0.00    0.00    0.00    0.00
IF2326.0 4.0092     0.00 9.585      0.00    0.00    0.00    0.00    0.00
IF2334.0 3.4843     0.00 9.5852     0.00    0.00    0.00    0.00    0.00
IF2345.0 4.3668     0.00 9.5856     0.00    0.00    0.00    0.00    0.00
IF2353.5 4.5308     0.00 9.5858     0.00    0.00    0.00    0.00    0.00
IF2361.0 4.2684     0.00 9.5861     0.00    0.00    0.00    0.00    0.00
IF2370.5 4.0715     0.00 9.5863     0.00    0.00    0.00    0.00    0.00
IF2379.5 3.7106     0.00 9.5866     0.00    0.00    0.00    0.00    0.00
IF2388.5 3.5466     0.00 9.5869     0.00    0.00    0.00    0.00    0.00
IF2398.5 3.9731     0.00 9.5872     0.00    0.00    0.00    0.00    0.00
IF2405.5 3.9403     0.00 9.5875     0.00    0.00    0.00    0.00    0.00
IF2412.5 3.9075     0.00 9.5877     0.00    0.00    0.00    0.00    0.00
IF2422.0 3.5466     0.00 9.588      0.00    0.00    0.00    0.00    0.00
IF2428.5 3.8091     0.00 9.5882     0.00    0.00    0.00    0.00    0.00
IF2439.5 2.3327     0.00 9.5885     0.00    0.00    0.00    0.00    0.00
IF2446.0 3.0545     0.00 9.5887     0.00    0.00    0.00    0.00    0.00
IF2453.5 3.1857     0.00 9.5889     0.00    0.00    0.00    0.00    0.00
IF2460.5 3.4482     0.00 9.5891     0.00    0.00    0.00    0.00    0.00
IF2466.0 3.5138     0.00 9.5893     0.00    0.00    0.00    0.00    0.00
IF2471.0 4.0715     0.00 9.5894     0.00    0.00    0.00    0.00    0.00
IF2478.0 3.481      0.00 9.5896     0.00    0.00    0.00    0.00    0.00
IF2487.5 4.0059     0.00 9.5898     0.00    0.00    0.00    0.00    0.00
IF2495.0 3.9403     0.00 9.59       0.00    0.00    0.00    0.00    0.00
IF2502.0 4.0059     0.00 9.5902     0.00    0.00    0.00    0.00    0.00
IF2510.0 3.8419     0.00 9.5904     0.00    0.00    0.00    0.00    0.00
IF2518.0 1.7749     0.00 9.5906     0.00    0.00    0.00    0.00    0.00
IF2525.5 3.2513     0.00 9.5908     0.00    0.00    0.00    0.00    0.00
IF2532.5 3.4482     0.00 9.591      0.00    0.00    0.00    0.00    0.00
IF2541.0 3.8451     0.00 9.5913     0.00    0.00    0.00    0.00    0.00
IF2549.5 3.4186     0.00 9.5915     0.00    0.00    0.00    0.00    0.00
IF2557.0 3.353      0.00 9.5916     0.00    0.00    0.00    0.00    0.00
IF2565.5 3.481      0.00 9.5918     0.00    0.00    0.00    0.00    0.00
IF2575.5 3.3497     0.00 9.5919     0.00    0.00    0.00    0.00    0.00
IF2586.5 4.0715     0.00 9.5921     0.00    0.00    0.00    0.00    0.00
IF2593.0 3.9075     0.00 9.5922     0.00    0.00    0.00    0.00    0.00
IF2596.0 3.481      0.00 9.5923     0.00    0.00    0.00    0.00    0.00
OF2825.0 -4.3423    0.00 9.5949     0.00    0.00    0.00    0.00    0.00
OF2826.0 -4.3422    0.00 9.5949     0.00    0.00    0.00    0.00    0.00
OF2837.0 -4.3414    0.00 9.5949     0.00    0.00    0.00    0.00    0.00
OF2838.0 -4.3414    0.00 9.5949     0.00    0.00    0.00    0.00    0.00
OF2849.0 -4.3405    0.00 9.595      0.00    0.00    0.00    0.00    0.00
OF2850.0 -4.3405    0.00 9.595      0.00    0.00    0.00    0.00    0.00
OF2861.0 -4.3399    0.00 9.5951     0.00    0.00    0.00    0.00    0.00
OF2862.0 -4.3398    0.00 9.5951     0.00    0.00    0.00    0.00    0.00
OF2873.0 -4.3393    0.00 9.5951     0.00    0.00    0.00    0.00    0.00
OF2874.0 -4.3392    0.00 9.5951     0.00    0.00    0.00    0.00    0.00
OF2885.0 -4.3387    0.00 9.5952     0.00    0.00    0.00    0.00    0.00
OF2886.0 -4.3386    0.00 9.5952     0.00    0.00    0.00    0.00    0.00
OF2897.0 -4.3381    0.00 9.5952     0.00    0.00    0.00    0.00    0.00
OF2898.0 -4.338     0.00 9.5952     0.00    0.00    0.00    0.00    0.00
OF2909.0 -4.3375    0.00 9.5953     0.00    0.00    0.00    0.00    0.00
OF2910.0 -4.3374    0.00 9.5953     0.00    0.00    0.00    0.00    0.00
OF2921.0 -4.3369    0.00 9.5954     0.00    0.00    0.00    0.00    0.00
OF2922.0 -4.3369    0.00 9.5954     0.00    0.00    0.00    0.00    0.00
OF2933.0 -4.3363    0.00 9.5955     0.00    0.00    0.00    0.00    0.00
OF2934.0 -4.3363    0.00 9.5956     0.00    0.00    0.00    0.00    0.00
OF2945.0 -4.3358    0.00 9.5957     0.00    0.00    0.00    0.00    0.00
OF2946.0 -4.3357    0.00 9.5957     0.00    0.00    0.00    0.00    0.00
OF2957.0 -4.3352    0.00 9.5958     0.00    0.00    0.00    0.00    0.00
OF2958.0 -4.3351    0.00 9.5958     0.00    0.00    0.00    0.00    0.00
OF2969.0 -4.3346    0.00 9.596      0.00    0.00    0.00    0.00    0.00
OF2970.0 -4.3345    0.00 9.596      0.00    0.00    0.00    0.00    0.00
OF2981.0 -4.334     0.00 9.5961     0.00    0.00    0.00    0.00    0.00
OF2982.0 -4.334     0.00 9.5961     0.00    0.00    0.00    0.00    0.00
OF2993.0 -4.3334    0.00 9.5962     0.00    0.00    0.00    0.00    0.00
OF2994.0 -4.3334    0.00 9.5963     0.00    0.00    0.00    0.00    0.00
OF3005.0 -4.3329    0.00 9.5964     0.00    0.00    0.00    0.00    0.00
OF3006.0 -4.3328    0.00 9.5964     0.00    0.00    0.00    0.00    0.00
OF3017.0 -4.3323    0.00 9.5965     0.00    0.00    0.00    0.00    0.00
OF3018.0 -4.3322    0.00 9.5965     0.00    0.00    0.00    0.00    0.00
OF3066.0 -4.3323    0.00 9.5968     0.00    0.00    0.00    0.00    0.00
OF3067.0 -4.3323    0.00 9.5968     0.00    0.00    0.00    0.00    0.00
OF3078.0 -4.0904    0.00 9.597      0.00    0.00    0.00    0.00    0.00
OF3079.0 -4.0675    0.00 9.597      0.00    0.00    0.00    0.00    0.00
OF3090.0 -3.8144    0.00 9.5972     0.00    0.00    0.00    0.00    0.00
OF3091.0 -3.7913    0.00 9.5973     0.00    0.00    0.00    0.00    0.00
OF3102.0 -3.5381    0.00 9.5975     0.00    0.00    0.00    0.00    0.00
OF3103.0 -3.5151    0.00 9.5975     0.00    0.00    0.00    0.00    0.00
OF3115.0 -3.2391    0.00 9.5977     0.00    0.00    0.00    0.00    0.00
OF3126.0 -2.9858    0.00 9.5979     0.00    0.00    0.00    0.00    0.00
OF3135.0 -2.7787    0.00 9.598      0.00    0.00    0.00    0.00    0.00
OF3142.0 -2.6177    0.00 9.5982     0.00    0.00    0.00    0.00    0.00
OF3153.0 -2.3645    0.00 9.5984     0.00    0.00    0.00    0.00    0.00
OF3223.0 -0.7536    0.00 9.5996     0.00    0.00    0.00    0.00    0.00
IF3256.0 4.9475     0.00 9.6002     0.00    0.00    0.00    0.00    0.00
IF3259.5 5.1115     0.00 9.6003     0.00    0.00    0.00    0.00    0.00
IF3264.0 4.5932     0.00 9.6004     0.00    0.00    0.00    0.00    0.00
IF3267.5 5.1115     0.00 9.6004     0.00    0.00    0.00    0.00    0.00
IF3273.5 4.1667     0.00 9.6006     0.00    0.00    0.00    0.00    0.00
IF3290.0 4.3635     0.00 9.6009     0.00    0.00    0.00    0.00    0.00
IF3309.0 5.2362     0.00 9.6013     0.00    0.00    0.00    0.00    0.00
IF3311.0 4.626      0.00 9.6013     0.00    0.00    0.00    0.00    0.00
IF3321.0 4.101      0.00 9.6016     0.00    0.00    0.00    0.00    0.00
IF3330.0 4.4324     0.00 9.6018     0.00    0.00    0.00    0.00    0.00
IF3334.5 4.6621     0.00 9.6019     0.00    0.00    0.00    0.00    0.00
IF3344.5 4.3668     0.00 9.6021     0.00    0.00    0.00    0.00    0.00
IF3355.0 4.5308     0.00 9.6024     0.00    0.00    0.00    0.00    0.00
IF3361.5 4.8917     0.00 9.6025     0.00    0.00    0.00    0.00    0.00
IF3366.0 4.8261     0.00 9.6026     0.00    0.00    0.00    0.00    0.00
IF3369.0 4.8589     0.00 9.6027     0.00    0.00    0.00    0.00    0.00
IF3373.0 4.3012     0.00 9.6028     0.00    0.00    0.00    0.00    0.00
IF3378.0 4.2028     0.00 9.6029     0.00    0.00    0.00    0.00    0.00
IF3389.5 4.1699     0.00 9.6032     0.00    0.00    0.00    0.00    0.00
IF3394.0 4.2684     0.00 9.6033     0.00    0.00    0.00    0.00    0.00
IF3399.5 3.8419     0.00 9.6034     0.00    0.00    0.00    0.00    0.00
IF3404.0 3.6778     0.00 9.6035     0.00    0.00    0.00    0.00    0.00
IF3409.0 3.481      0.00 9.6036     0.00    0.00    0.00    0.00    0.00
IF3420.0 3.773      0.00 9.6039     0.00    0.00    0.00    0.00    0.00
IF3424.5 4.1339     0.00 9.604      0.00    0.00    0.00    0.00    0.00
IF3429.5 3.9698     0.00 9.6041     0.00    0.00    0.00    0.00    0.00
IF3438.0 3.6745     0.00 9.6043     0.00    0.00    0.00    0.00    0.00
IF3447.0 5.5413     0.00 9.6045     0.00    0.00    0.00    0.00    0.00
IF3461.0 4.3635     0.00 9.6048     0.00    0.00    0.00    0.00    0.00
IF3470.0 4.0682     0.00 9.605      0.00    0.00    0.00    0.00    0.00
IF3483.5 4.1339     0.00 9.6053     0.00    0.00    0.00    0.00    0.00
IF3492.5 4.101      0.00 9.6055     0.00    0.00    0.00    0.00    0.00
IF3500.0 4.0354     0.00 9.6057     0.00    0.00    0.00    0.00    0.00
IF3504.0 4.1339     0.00 9.6058     0.00    0.00    0.00    0.00    0.00
IF3509.0 3.8714     0.00 9.6059     0.00    0.00    0.00    0.00    0.00
IF3515.0 4.1667     0.00 9.606      0.00    0.00    0.00    0.00    0.00
IF3520.5 4.1339     0.00 9.6062     0.00    0.00    0.00    0.00    0.00
IF3527.5 4.2323     0.00 9.6063     0.00    0.00    0.00    0.00    0.00
IF3532.0 4.2651     0.00 9.6063     0.00    0.00    0.00    0.00    0.00
IF3536.0 4.1339     0.00 9.6063     0.00    0.00    0.00    0.00    0.00
IF3543.5 3.8714     0.00 9.6062     0.00    0.00    0.00    0.00    0.00
IF3550.0 4.3635     0.00 9.6062     0.00    0.00    0.00    0.00    0.00
IF3557.0 3.937      0.00 9.6062     0.00    0.00    0.00    0.00    0.00
IF3565.5 3.6745     0.00 9.6062     0.00    0.00    0.00    0.00    0.00
IF3574.0 4.0026     0.00 9.6062     0.00    0.00    0.00    0.00    0.00
IF3584.0 4.1667     0.00 9.6062     0.00    0.00    0.00    0.00    0.00
IF3591.5 4.0387     0.00 9.6062     0.00    0.00    0.00    0.00    0.00
IF3596.5 4.334      0.00 9.6062     0.00    0.00    0.00    0.00    0.00
IF3607.0 4.3996     0.00 9.6063     0.00    0.00    0.00    0.00    0.00
IF3617.0 4.0387     0.00 9.6066     0.00    0.00    0.00    0.00    0.00
IF3623.5 4.6621     0.00 9.6067     0.00    0.00    0.00    0.00    0.00
IF3632.5 4.5604     0.00 9.6069     0.00    0.00    0.00    0.00    0.00
IF3639.5 4.4291     0.00 9.607      0.00    0.00    0.00    0.00    0.00
IF3644.0 4.626      0.00 9.6071     0.00    0.00    0.00    0.00    0.00
IF3647.0 4.4619     0.00 9.6072     0.00    0.00    0.00    0.00    0.00
IF3653.0 4.4291     0.00 9.6073     0.00    0.00    0.00    0.00    0.00
IF3661.0 4.4619     0.00 9.6075     0.00    0.00    0.00    0.00    0.00
IF3667.0 4.2651     0.00 9.6076     0.00    0.00    0.00    0.00    0.00
IF3671.5 4.5604     0.00 9.6077     0.00    0.00    0.00    0.00    0.00
IF3676.0 4.6916     0.00 9.6078     0.00    0.00    0.00    0.00    0.00
IF3683.0 3.6417     0.00 9.608      0.00    0.00    0.00    0.00    0.00
IF3688.5 4.5276     0.00 9.6081     0.00    0.00    0.00    0.00    0.00
IF3693.5 4.8556     0.00 9.6082     0.00    0.00    0.00    0.00    0.00
IF3699.5 4.8228     0.00 9.6084     0.00    0.00    0.00    0.00    0.00
IF3704.0 4.9213     0.00 9.6085     0.00    0.00    0.00    0.00    0.00
IF3709.0 4.8228     0.00 9.6086     0.00    0.00    0.00    0.00    0.00
IF3714.5 4.6916     0.00 9.6087     0.00    0.00    0.00    0.00    0.00
IF3719.5 4.5276     0.00 9.6088     0.00    0.00    0.00    0.00    0.00
IF3725.0 4.5604     0.00 9.6089     0.00    0.00    0.00    0.00    0.00
IF3732.5 4.9213     0.00 9.6091     0.00    0.00    0.00    0.00    0.00
IF3735.0 5.2165     0.00 9.6091     0.00    0.00    0.00    0.00    0.00
IF3739.5 5.0525     0.00 9.6092     0.00    0.00    0.00    0.00    0.00
IF3744.0 5.3478     0.00 9.6093     0.00    0.00    0.00    0.00    0.00
IF3747.0 4.8885     0.00 9.6094     0.00    0.00    0.00    0.00    0.00
IF3753.5 5.1837     0.00 9.6095     0.00    0.00    0.00    0.00    0.00
IF3760.5 6.1352     0.00 9.6095     0.00    0.00    0.00    0.00    0.00
IF3764.0 5.9055     0.00 9.6095     0.00    0.00    0.00    0.00    0.00
IF3768.5 5.6102     0.00 9.6095     0.00    0.00    0.00    0.00    0.00
IF3778.5 6.0696     0.00 9.6095     0.00    0.00    0.00    0.00    0.00
IF3786.0 5.315      0.00 9.6095     0.00    0.00    0.00    0.00    0.00
IF3794.5 6.2336     0.00 9.6095     0.00    0.00    0.00    0.00    0.00
IF3806.0 6.0696     0.00 9.6095     0.00    0.00    0.00    0.00    0.00
IF3810.0 6.1975     0.00 9.6095     0.00    0.00    0.00    0.00    0.00
IF3815.5 6.5289     0.00 9.6095     0.00    0.00    0.00    0.00    0.00
IF3824.0 6.46       0.00 9.6095     0.00    0.00    0.00    0.00    0.00
IF3834.5 5.9022     0.00 9.6095     0.00    0.00    0.00    0.00    0.00
IF3847.0 6.6535     0.00 9.6095     0.00    0.00    0.00    0.00    0.00
IF3863.5 6.3615     0.00 9.6095     0.00    0.00    0.00    0.00    0.00
IF3879.5 6.2303     0.00 9.6095     0.00    0.00    0.00    0.00    0.00
IF3890.0 6.3976     0.00 9.6095     0.00    0.00    0.00    0.00    0.00
IF3906.0 7.021      0.00 9.6095     0.00    0.00    0.00    0.00    0.00
IF3928.0 6.6634     0.00 9.6095     0.00    0.00    0.00    0.00    0.00
IF3955.5 7.3163     0.00 9.6095     0.00    0.00    0.00    0.00    0.00
IF3974.0 8.3366     0.00 9.6095     0.00    0.00    0.00    0.00    0.00
IF3984.0 7.8412     0.00 9.6095     0.00    0.00    0.00    0.00    0.00
IF4000.0 8.3661     0.00 9.6095     0.00    0.00    0.00    0.00    0.00
IF4012.5 8.8287     0.00 9.6095     0.00    0.00    0.00    0.00    0.00
IF4027.0 8.2677     0.00 9.6095     0.00    0.00    0.00    0.00    0.00
IF4075.0 8.4022     0.00 9.6095     0.00    0.00    0.00    0.00    0.00
IF4091.0 8.7631     0.00 9.6095     0.00    0.00    0.00    0.00    0.00
IF4106.0 9.0879     0.00 9.6095     0.00    0.00    0.00    0.00    0.00
IF4123.5 8.8911     0.00 9.6095     0.00    0.00    0.00    0.00    0.00
IF4139.0 9.0912     0.00 9.6095     0.00    0.00    0.00    0.00    0.00
IF4156.0 9.1864     0.00 9.6095     0.00    0.00    0.00    0.00    0.00
IF4172.7 9.6095     0.00 9.6095     0.00    0.00    0.00    0.00    0.00
AS4174.8 9.6095     0.00 9.6095     0.00    0.00    0.00    0.00    0.00
IF4191.0 9.5505     0.00 9.6095     0.00    0.00    0.00    0.00    0.00
IF4193.1 9.6095     0.00 9.6095     0.00    0.00    0.00    0.00    0.00
PS START(385964.2581,4805997.3955)
PS END(384882.4587,4806777.6613)
ET
 
 
 
