header
IE0.0    -5.5998       1       1 9.0102  12.0981 13.8098   56.14   56.14
OF3.3    -5.5486    0.00 9.0108     0.00    0.00    0.00    0.00    0.00
OF6.6    -5.4974    0.00 9.0111     0.00    0.00    0.00    0.00    0.00
OF9.8    -5.4462    0.00 9.0117     0.00    0.00    0.00    0.00    0.00
OF13.1   -5.395     0.00 9.0121     0.00    0.00    0.00    0.00    0.00
OF16.4   -5.3438    0.00 9.0129     0.00    0.00    0.00    0.00    0.00
OF19.7   -5.2926    0.00 9.0134     0.00    0.00    0.00    0.00    0.00
OF23.0   -5.2414    0.00 9.0139     0.00    0.00    0.00    0.00    0.00
OF26.2   -5.1902    0.00 9.0148     0.00    0.00    0.00    0.00    0.00
OF29.5   -5.139     0.00 9.0154     0.00    0.00    0.00    0.00    0.00
OF32.8   -5.0878    0.00 9.0163     0.00    0.00    0.00    0.00    0.00
OF36.1   -5.0442    0.00 9.0169     0.00    0.00    0.00    0.00    0.00
OF39.4   -5.0147    0.00 9.0179     0.00    0.00    0.00    0.00    0.00
OF42.7   -4.9852    0.00 9.0192     0.00    0.00    0.00    0.00    0.00
OF45.9   -4.9556    0.00 9.0202     0.00    0.00    0.00    0.00    0.00
OF49.2   -4.9261    0.00 9.0213     0.00    0.00    0.00    0.00    0.00
OF52.5   -4.8966    0.00 9.0223     0.00    0.00    0.00    0.00    0.00
OF55.8   -4.866     0.00 9.0234     0.00    0.00    0.00    0.00    0.00
OF59.1   -4.8272    0.00 9.0245     0.00    0.00    0.00    0.00    0.00
OF62.3   -4.788     0.00 9.0256     0.00    0.00    0.00    0.00    0.00
OF65.6   -4.7488    0.00 9.0264     0.00    0.00    0.00    0.00    0.00
OF68.9   -4.7097    0.00 9.0276     0.00    0.00    0.00    0.00    0.00
OF72.2   -4.6705    0.00 9.0288     0.00    0.00    0.00    0.00    0.00
OF75.5   -4.6313    0.00 9.0301     0.00    0.00    0.00    0.00    0.00
OF78.7   -4.5921    0.00 9.0313     0.00    0.00    0.00    0.00    0.00
OF82.0   -4.5529    0.00 9.0323     0.00    0.00    0.00    0.00    0.00
OF85.3   -4.5137    0.00 9.0336     0.00    0.00    0.00    0.00    0.00
OF88.6   -4.4746    0.00 9.0348     0.00    0.00    0.00    0.00    0.00
OF91.9   -4.4354    0.00 9.0361     0.00    0.00    0.00    0.00    0.00
OF95.1   -4.3962    0.00 9.0376     0.00    0.00    0.00    0.00    0.00
OF98.4   -4.357     0.00 9.0387     0.00    0.00    0.00    0.00    0.00
OF101.7  -4.3178    0.00 9.0401     0.00    0.00    0.00    0.00    0.00
OF105.0  -4.2786    0.00 9.0416     0.00    0.00    0.00    0.00    0.00
OF108.3  -4.2395    0.00 9.0437     0.00    0.00    0.00    0.00    0.00
OF111.5  -4.2003    0.00 9.0459     0.00    0.00    0.00    0.00    0.00
OF114.8  -4.1611    0.00 9.0473     0.00    0.00    0.00    0.00    0.00
OF118.1  -4.1327    0.00 9.0494     0.00    0.00    0.00    0.00    0.00
OF121.4  -4.1267    0.00 9.0512     0.00    0.00    0.00    0.00    0.00
OF124.7  -4.1206    0.00 9.0532     0.00    0.00    0.00    0.00    0.00
OF128.0  -4.1146    0.00 9.0552     0.00    0.00    0.00    0.00    0.00
OF131.2  -4.1085    0.00 9.0572     0.00    0.00    0.00    0.00    0.00
OF134.5  -4.1025    0.00 9.0591     0.00    0.00    0.00    0.00    0.00
OF137.8  -4.0964    0.00 9.0607     0.00    0.00    0.00    0.00    0.00
OF141.1  -4.0904    0.00 9.0626     0.00    0.00    0.00    0.00    0.00
OF144.4  -4.0843    0.00 9.0642     0.00    0.00    0.00    0.00    0.00
OF147.6  -4.0783    0.00 9.0658     0.00    0.00    0.00    0.00    0.00
OF150.9  -4.0722    0.00 9.0673     0.00    0.00    0.00    0.00    0.00
OF154.2  -4.0662    0.00 9.0689     0.00    0.00    0.00    0.00    0.00
OF157.5  -4.0601    0.00 9.0701     0.00    0.00    0.00    0.00    0.00
OF160.8  -4.0541    0.00 9.0716     0.00    0.00    0.00    0.00    0.00
OF164.0  -4.048     0.00 9.0731     0.00    0.00    0.00    0.00    0.00
OF167.3  -4.042     0.00 9.0746     0.00    0.00    0.00    0.00    0.00
OF170.6  -4.0359    0.00 9.0761     0.00    0.00    0.00    0.00    0.00
OF173.9  -4.0299    0.00 9.0772     0.00    0.00    0.00    0.00    0.00
OF177.2  -4.0238    0.00 9.0787     0.00    0.00    0.00    0.00    0.00
OF180.4  -4.0178    0.00 9.0802     0.00    0.00    0.00    0.00    0.00
OF183.7  -4.0117    0.00 9.0816     0.00    0.00    0.00    0.00    0.00
OF187.0  -4.0057    0.00 9.0831     0.00    0.00    0.00    0.00    0.00
OF190.3  -4.007     0.00 9.0845     0.00    0.00    0.00    0.00    0.00
OF193.6  -3.987     0.00 9.0856     0.00    0.00    0.00    0.00    0.00
OF196.8  -3.9025    0.00 9.0864     0.00    0.00    0.00    0.00    0.00
OF200.1  -3.8179    0.00 9.0869     0.00    0.00    0.00    0.00    0.00
OF203.4  -3.7334    0.00 9.0875     0.00    0.00    0.00    0.00    0.00
OF206.7  -3.6488    0.00 9.0884     0.00    0.00    0.00    0.00    0.00
OF210.0  -3.5643    0.00 9.0891     0.00    0.00    0.00    0.00    0.00
OF213.3  -3.4797    0.00 9.0901     0.00    0.00    0.00    0.00    0.00
OF216.5  -3.3952    0.00 9.0909     0.00    0.00    0.00    0.00    0.00
OF219.8  -3.3106    0.00 9.092      0.00    0.00    0.00    0.00    0.00
OF223.1  -3.2261    0.00 9.0929     0.00    0.00    0.00    0.00    0.00
OF226.4  -3.1415    0.00 9.0938     0.00    0.00    0.00    0.00    0.00
OF229.7  -3.057     0.00 9.0951     0.00    0.00    0.00    0.00    0.00
OF232.9  -2.9724    0.00 9.0961     0.00    0.00    0.00    0.00    0.00
OF236.2  -2.8879    0.00 9.0975     0.00    0.00    0.00    0.00    0.00
OF239.5  -2.8033    0.00 9.0986     0.00    0.00    0.00    0.00    0.00
OF242.8  -2.7188    0.00 9.1        0.00    0.00    0.00    0.00    0.00
OF246.1  -2.6342    0.00 9.1011     0.00    0.00    0.00    0.00    0.00
OF249.3  -2.5497    0.00 9.1023     0.00    0.00    0.00    0.00    0.00
OF252.6  -2.4651    0.00 9.1039     0.00    0.00    0.00    0.00    0.00
OF255.9  -2.3806    0.00 9.1051     0.00    0.00    0.00    0.00    0.00
OF259.2  -2.296     0.00 9.1068     0.00    0.00    0.00    0.00    0.00
OF262.5  -2.2083    0.00 9.1081     0.00    0.00    0.00    0.00    0.00
OF265.7  -2.1076    0.00 9.1096     0.00    0.00    0.00    0.00    0.00
OF269.0  -2.007     0.00 9.111      0.00    0.00    0.00    0.00    0.00
OF272.3  -1.9471    0.00 9.113      0.00    0.00    0.00    0.00    0.00
OF275.6  -1.897     0.00 9.1149     0.00    0.00    0.00    0.00    0.00
OF278.9  -1.8469    0.00 9.1172     0.00    0.00    0.00    0.00    0.00
OF282.2  -1.7968    0.00 9.1192     0.00    0.00    0.00    0.00    0.00
OF285.4  -1.7466    0.00 9.1215     0.00    0.00    0.00    0.00    0.00
OF288.7  -1.6965    0.00 9.1235     0.00    0.00    0.00    0.00    0.00
OF292.0  -1.6464    0.00 9.1258     0.00    0.00    0.00    0.00    0.00
OF295.3  -1.5963    0.00 9.1277     0.00    0.00    0.00    0.00    0.00
OF298.6  -1.5429    0.00 9.13       0.00    0.00    0.00    0.00    0.00
OF301.8  -1.4886    0.00 9.1318     0.00    0.00    0.00    0.00    0.00
OF305.1  -1.4343    0.00 9.1337     0.00    0.00    0.00    0.00    0.00
OF308.4  -1.38      0.00 9.1359     0.00    0.00    0.00    0.00    0.00
OF311.7  -1.3256    0.00 9.1377     0.00    0.00    0.00    0.00    0.00
OF315.0  -1.2713    0.00 9.1396     0.00    0.00    0.00    0.00    0.00
OF318.2  -1.2169    0.00 9.1419     0.00    0.00    0.00    0.00    0.00
OF321.5  -1.1626    0.00 9.1437     0.00    0.00    0.00    0.00    0.00
OF324.8  -1.1083    0.00 9.1456     0.00    0.00    0.00    0.00    0.00
OF328.1  -1.054     0.00 9.1479     0.00    0.00    0.00    0.00    0.00
OF331.4  -0.9996    0.00 9.1498     0.00    0.00    0.00    0.00    0.00
OF334.6  -0.9453    0.00 9.1517     0.00    0.00    0.00    0.00    0.00
OF337.9  -0.8909    0.00 9.1541     0.00    0.00    0.00    0.00    0.00
OF341.2  -0.8366    0.00 9.156      0.00    0.00    0.00    0.00    0.00
OF344.5  -0.7822    0.00 9.158      0.00    0.00    0.00    0.00    0.00
OF347.8  -0.7279    0.00 9.1603     0.00    0.00    0.00    0.00    0.00
OF351.0  -0.6736    0.00 9.1623     0.00    0.00    0.00    0.00    0.00
OF354.3  -0.6193    0.00 9.1646     0.00    0.00    0.00    0.00    0.00
OF357.6  -0.5649    0.00 9.1666     0.00    0.00    0.00    0.00    0.00
OF360.9  -0.5106    0.00 9.1685     0.00    0.00    0.00    0.00    0.00
OF364.2  -0.4563    0.00 9.1709     0.00    0.00    0.00    0.00    0.00
OF367.5  -0.3971    0.00 9.1729     0.00    0.00    0.00    0.00    0.00
OF370.7  -0.3201    0.00 9.1745     0.00    0.00    0.00    0.00    0.00
OF374.0  -0.2431    0.00 9.1766     0.00    0.00    0.00    0.00    0.00
OF377.3  -0.1660    0.00 9.1787     0.00    0.00    0.00    0.00    0.00
OF380.6  -0.0890    0.00 9.1805     0.00    0.00    0.00    0.00    0.00
OF383.9  -0.0119    0.00 9.1827     0.00    0.00    0.00    0.00    0.00
IF387.1  0.06268    0.00 9.185      0.00    0.00    0.00    0.00    0.00
IF390.4  0.11896    0.00 9.1873     0.00    0.00    0.00    0.00    0.00
IF393.7  0.15125    0.00 9.1901     0.00    0.00    0.00    0.00    0.00
IF397.0  0.18354    0.00 9.1927     0.00    0.00    0.00    0.00    0.00
IF400.3  0.20893    0.00 9.1954     0.00    0.00    0.00    0.00    0.00
IF403.5  0.22328    0.00 9.1983     0.00    0.00    0.00    0.00    0.00
IF406.8  0.24683    0.00 9.2008     0.00    0.00    0.00    0.00    0.00
IF410.1  0.35447    0.00 9.2024     0.00    0.00    0.00    0.00    0.00
IF413.4  0.46211    0.00 9.2042     0.00    0.00    0.00    0.00    0.00
IF416.7  0.59343    0.00 9.2056     0.00    0.00    0.00    0.00    0.00
IF419.9  0.73695    0.00 9.2067     0.00    0.00    0.00    0.00    0.00
IF423.2  0.88047    0.00 9.2085     0.00    0.00    0.00    0.00    0.00
IF426.5  0.98275    0.00 9.2109     0.00    0.00    0.00    0.00    0.00
IF429.8  1.0366     0.00 9.2139     0.00    0.00    0.00    0.00    0.00
IF433.1  1.0904     0.00 9.2168     0.00    0.00    0.00    0.00    0.00
IF436.4  1.1905     0.00 9.2194     0.00    0.00    0.00    0.00    0.00
IF439.6  1.3569     0.00 9.2211     0.00    0.00    0.00    0.00    0.00
IF442.9  1.5232     0.00 9.2231     0.00    0.00    0.00    0.00    0.00
IF446.2  1.6808     0.00 9.2255     0.00    0.00    0.00    0.00    0.00
IF449.5  1.6988     0.00 9.2304     0.00    0.00    0.00    0.00    0.00
IF452.8  1.7167     0.00 9.2346     0.00    0.00    0.00    0.00    0.00
IF456.0  1.7347     0.00 9.2391     0.00    0.00    0.00    0.00    0.00
IF459.3  1.8145     0.00 9.242      0.00    0.00    0.00    0.00    0.00
IF462.6  1.9867     0.00 9.2441     0.00    0.00    0.00    0.00    0.00
IF465.9  2.159      0.00 9.2465     0.00    0.00    0.00    0.00    0.00
IF469.2  2.2904     0.00 9.2497     0.00    0.00    0.00    0.00    0.00
IF472.4  2.347      0.00 9.2541     0.00    0.00    0.00    0.00    0.00
IF475.7  2.4037     0.00 9.2584     0.00    0.00    0.00    0.00    0.00
IF479.0  2.4551     0.00 9.2632     0.00    0.00    0.00    0.00    0.00
IF482.3  2.5004     0.00 9.2673     0.00    0.00    0.00    0.00    0.00
IF485.6  2.5458     0.00 9.2718     0.00    0.00    0.00    0.00    0.00
IF488.8  2.6463     0.00 9.2752     0.00    0.00    0.00    0.00    0.00
IF492.1  2.7898     0.00 9.2782     0.00    0.00    0.00    0.00    0.00
IF495.4  2.9056     0.00 9.2815     0.00    0.00    0.00    0.00    0.00
IF498.7  2.9486     0.00 9.2864     0.00    0.00    0.00    0.00    0.00
IF502.0  3.0565     0.00 9.2897     0.00    0.00    0.00    0.00    0.00
IF505.2  3.1613     0.00 9.2937     0.00    0.00    0.00    0.00    0.00
IF508.5  3.184      0.00 9.2993     0.00    0.00    0.00    0.00    0.00
IF511.8  3.2067     0.00 9.304      0.00    0.00    0.00    0.00    0.00
IF515.1  3.2639     0.00 9.3081     0.00    0.00    0.00    0.00    0.00
IF518.4  3.3905     0.00 9.3111     0.00    0.00    0.00    0.00    0.00
IF521.7  3.5172     0.00 9.3144     0.00    0.00    0.00    0.00    0.00
IF524.9  3.5622     0.00 9.3194     0.00    0.00    0.00    0.00    0.00
IF528.2  3.5787     0.00 9.3247     0.00    0.00    0.00    0.00    0.00
IF531.5  3.6191     0.00 9.3286     0.00    0.00    0.00    0.00    0.00
IF534.8  3.6669     0.00 9.333      0.00    0.00    0.00    0.00    0.00
IF538.1  3.7159     0.00 9.3367     0.00    0.00    0.00    0.00    0.00
IF541.3  3.8298     0.00 9.34       0.00    0.00    0.00    0.00    0.00
IF544.6  3.9438     0.00 9.3429     0.00    0.00    0.00    0.00    0.00
IF547.9  4.0551     0.00 9.3465     0.00    0.00    0.00    0.00    0.00
IF551.2  4.1627     0.00 9.3504     0.00    0.00    0.00    0.00    0.00
IF554.5  4.0113     0.00 9.3575     0.00    0.00    0.00    0.00    0.00
IF557.7  4.4042     0.00 9.3562     0.00    0.00    0.00    0.00    0.00
IF561.0  4.3613     0.00 9.3632     0.00    0.00    0.00    0.00    0.00
IF564.3  4.564      0.00 9.3657     0.00    0.00    0.00    0.00    0.00
IF567.6  4.6537     0.00 9.3703     0.00    0.00    0.00    0.00    0.00
IF570.9  4.9546     0.00 9.3719     0.00    0.00    0.00    0.00    0.00
IF574.1  5.4634     0.00 9.3704     0.00    0.00    0.00    0.00    0.00
IF577.4  5.7264     0.00 9.3784     0.00    0.00    0.00    0.00    0.00
IF580.7  5.9585     0.00 9.3898     0.00    0.00    0.00    0.00    0.00
IF584.0  6.1738     0.00 9.4032     0.00    0.00    0.00    0.00    0.00
IF587.3  6.3891     0.00 9.4194     0.00    0.00    0.00    0.00    0.00
IF590.5  6.4925     0.00 9.439      0.00    0.00    0.00    0.00    0.00
IF593.8  6.4709     0.00 9.4591     0.00    0.00    0.00    0.00    0.00
IF597.1  6.844      0.00 9.4683     0.00    0.00    0.00    0.00    0.00
IF600.4  6.8831     0.00 9.4897     0.00    0.00    0.00    0.00    0.00
IF603.7  6.9756     0.00 9.5067     0.00    0.00    0.00    0.00    0.00
IF607.0  7.1051     0.00 9.5218     0.00    0.00    0.00    0.00    0.00
IF610.2  7.191      0.00 9.5373     0.00    0.00    0.00    0.00    0.00
IF613.5  7.042      0.00 9.5563     0.00    0.00    0.00    0.00    0.00
IF616.8  6.9487     0.00 9.5677     0.00    0.00    0.00    0.00    0.00
IF620.1  7.0403     0.00 9.573      0.00    0.00    0.00    0.00    0.00
IF623.4  7.0059     0.00 9.5803     0.00    0.00    0.00    0.00    0.00
IF626.6  7.2007     0.00 9.5829     0.00    0.00    0.00    0.00    0.00
IF629.9  7.4039     0.00 9.5869     0.00    0.00    0.00    0.00    0.00
IF633.2  7.5762     0.00 9.5936     0.00    0.00    0.00    0.00    0.00
IF636.5  7.6507     0.00 9.6031     0.00    0.00    0.00    0.00    0.00
IF639.8  7.7074     0.00 9.6139     0.00    0.00    0.00    0.00    0.00
IF643.0  7.8094     0.00 9.6225     0.00    0.00    0.00    0.00    0.00
IF646.3  7.9114     0.00 9.631      0.00    0.00    0.00    0.00    0.00
IF649.6  8.0578     0.00 9.6407     0.00    0.00    0.00    0.00    0.00
IF652.9  8.2918     0.00 9.6501     0.00    0.00    0.00    0.00    0.00
IF656.2  8.5258     0.00 9.6722     0.00    0.00    0.00    0.00    0.00
IF659.4  8.7598     0.00 9.6996     0.00    0.00    0.00    0.00    0.00
IF662.7  9.4746     0.00 9.8183     0.00    0.00    0.00    0.00    0.00
IF664.1  9.8183     0.00 9.8183     0.00    0.00    0.00    0.00    0.00
AS1068.2 9.196      0.00 9.196      0.00    0.00    0.00    0.00    0.00
IF1071.5 9.0256     0.00 9.196      0.00    0.00    0.00    0.00    0.00
IF1073.9 9.196      0.00 9.196      0.00    0.00    0.00    0.00    0.00
AS1088.1 9.196      0.00 9.196      0.00    0.00    0.00    0.00    0.00
IF1088.5 9.124      0.00 9.196      0.00    0.00    0.00    0.00    0.00
IF1093.0 9.196      0.00 9.196      0.00    0.00    0.00    0.00    0.00
AS1149.9 9.1504     0.00 9.1504     0.00    0.00    0.00    0.00    0.00
IF1154.0 8.96       0.00 9.1504     0.00    0.00    0.00    0.00    0.00
IF1186.0 7.9429     0.00 9.1504     0.00    0.00    0.00    0.00    0.00
IF1214.5 8.8615     0.00 9.1504     0.00    0.00    0.00    0.00    0.00
IF1225.5 8.1791     0.00 9.1504     0.00    0.00    0.00    0.00    0.00
IF1240.5 8.0118     0.00 9.1504     0.00    0.00    0.00    0.00    0.00
IF1257.5 7.4869     0.00 9.1507     0.00    0.00    0.00    0.00    0.00
IF1272.0 7.8839     0.00 9.1509     0.00    0.00    0.00    0.00    0.00
IF1284.0 7.6542     0.00 9.1511     0.00    0.00    0.00    0.00    0.00
IF1299.5 7.5525     0.00 9.1514     0.00    0.00    0.00    0.00    0.00
IF1310.5 7.6181     0.00 9.1514     0.00    0.00    0.00    0.00    0.00
IF1317.0 7.9495     0.00 9.1512     0.00    0.00    0.00    0.00    0.00
IF1322.5 8.0446     0.00 9.1511     0.00    0.00    0.00    0.00    0.00
IF1336.5 7.6509     0.00 9.1507     0.00    0.00    0.00    0.00    0.00
IF1353.5 7.4245     0.00 9.1503     0.00    0.00    0.00    0.00    0.00
IF1382.5 7.5853     0.00 9.1497     0.00    0.00    0.00    0.00    0.00
IF1395.0 7.6181     0.00 9.1499     0.00    0.00    0.00    0.00    0.00
IF1405.0 7.4869     0.00 9.1504     0.00    0.00    0.00    0.00    0.00
IF1415.5 7.4213     0.00 9.1504     0.00    0.00    0.00    0.00    0.00
IF1424.0 9.1273     0.00 9.1493     0.00    0.00    0.00    0.00    0.00
IF1428.5 7.9462     0.00 9.1487     0.00    0.00    0.00    0.00    0.00
IF1437.0 8.3399     0.00 9.1487     0.00    0.00    0.00    0.00    0.00
IF1448.5 7.5525     0.00 9.1487     0.00    0.00    0.00    0.00    0.00
IF1457.5 7.4541     0.00 9.1487     0.00    0.00    0.00    0.00    0.00
IF1465.0 7.7822     0.00 9.1487     0.00    0.00    0.00    0.00    0.00
IF1470.0 7.4541     0.00 9.1488     0.00    0.00    0.00    0.00    0.00
IF1481.0 9.0945     0.00 9.1488     0.00    0.00    0.00    0.00    0.00
IF1497.5 7.1588     0.00 9.1488     0.00    0.00    0.00    0.00    0.00
IF1508.5 6.4042     0.00 9.1488     0.00    0.00    0.00    0.00    0.00
IF1517.5 6.3386     0.00 9.1489     0.00    0.00    0.00    0.00    0.00
IF1524.0 6.273      0.00 9.1489     0.00    0.00    0.00    0.00    0.00
IF1530.0 6.5354     0.00 9.1489     0.00    0.00    0.00    0.00    0.00
IF1535.0 6.6011     0.00 9.1489     0.00    0.00    0.00    0.00    0.00
IF1542.0 6.4698     0.00 9.1489     0.00    0.00    0.00    0.00    0.00
IF1550.0 6.273      0.00 9.1491     0.00    0.00    0.00    0.00    0.00
IF1559.5 6.2402     0.00 9.1493     0.00    0.00    0.00    0.00    0.00
IF1571.0 6.1745     0.00 9.1495     0.00    0.00    0.00    0.00    0.00
IF1577.0 5.9777     0.00 9.1497     0.00    0.00    0.00    0.00    0.00
IF1581.5 6.0433     0.00 9.1498     0.00    0.00    0.00    0.00    0.00
IF1587.5 5.8793     0.00 9.1499     0.00    0.00    0.00    0.00    0.00
IF1592.0 5.9777     0.00 9.15       0.00    0.00    0.00    0.00    0.00
IF1598.0 5.3543     0.00 9.1502     0.00    0.00    0.00    0.00    0.00
IF1604.0 5.2559     0.00 9.1503     0.00    0.00    0.00    0.00    0.00
IF1610.5 5.0262     0.00 9.1505     0.00    0.00    0.00    0.00    0.00
IF1618.0 5.0591     0.00 9.1507     0.00    0.00    0.00    0.00    0.00
IF1624.0 4.9934     0.00 9.1508     0.00    0.00    0.00    0.00    0.00
IF1631.0 4.9606     0.00 9.151      0.00    0.00    0.00    0.00    0.00
IF1636.0 5.3215     0.00 9.151      0.00    0.00    0.00    0.00    0.00
IF1639.0 5.2887     0.00 9.151      0.00    0.00    0.00    0.00    0.00
IF1651.5 4.9934     0.00 9.1511     0.00    0.00    0.00    0.00    0.00
IF1664.0 4.206      0.00 9.1512     0.00    0.00    0.00    0.00    0.00
IF1677.0 7.4245     0.00 9.1513     0.00    0.00    0.00    0.00    0.00
IF1690.0 7.9134     0.00 9.1514     0.00    0.00    0.00    0.00    0.00
IF1696.5 8.6385     0.00 9.1515     0.00    0.00    0.00    0.00    0.00
IF1707.7 9.1515     0.00 9.1515     0.00    0.00    0.00    0.00    0.00
AS1819.1 9.1585     0.00 9.1585     0.00    0.00    0.00    0.00    0.00
IF1822.0 9.1273     0.00 9.1585     0.00    0.00    0.00    0.00    0.00
IF1846.0 8.832      0.00 9.1585     0.00    0.00    0.00    0.00    0.00
IF1866.0 8.6647     0.00 9.1585     0.00    0.00    0.00    0.00    0.00
IF1880.0 8.2415     0.00 9.1585     0.00    0.00    0.00    0.00    0.00
IF1896.5 8.668      0.00 9.1585     0.00    0.00    0.00    0.00    0.00
IF1919.5 8.2382     0.00 9.1585     0.00    0.00    0.00    0.00    0.00
IF1933.2 9.1585     0.00 9.1585     0.00    0.00    0.00    0.00    0.00
AS2022.6 9.1591     0.00 9.1591     0.00    0.00    0.00    0.00    0.00
IF2031.0 8.2382     0.00 9.1591     0.00    0.00    0.00    0.00    0.00
IF2036.0 8.435      0.00 9.1592     0.00    0.00    0.00    0.00    0.00
IF2037.5 7.1588     0.00 9.1592     0.00    0.00    0.00    0.00    0.00
IF2049.0 7.1916     0.00 9.1593     0.00    0.00    0.00    0.00    0.00
IF2079.0 5.9088     0.00 9.1595     0.00    0.00    0.00    0.00    0.00
IF2096.5 8.8944     0.00 9.1595     0.00    0.00    0.00    0.00    0.00
IF2106.5 6.3681     0.00 9.1595     0.00    0.00    0.00    0.00    0.00
IF2117.0 6.565      0.00 9.1595     0.00    0.00    0.00    0.00    0.00
IF2126.5 8.3694     0.00 9.1595     0.00    0.00    0.00    0.00    0.00
IF2140.0 8.3038     0.00 9.1595     0.00    0.00    0.00    0.00    0.00
IF2149.0 6.3386     0.00 9.1595     0.00    0.00    0.00    0.00    0.00
IF2162.5 6.4993     0.00 9.1595     0.00    0.00    0.00    0.00    0.00
IF2178.5 6.3353     0.00 9.1595     0.00    0.00    0.00    0.00    0.00
IF2189.0 6.2697     0.00 9.1595     0.00    0.00    0.00    0.00    0.00
IF2200.0 6.1385     0.00 9.1595     0.00    0.00    0.00    0.00    0.00
IF2212.5 6.9587     0.00 9.1595     0.00    0.00    0.00    0.00    0.00
IF2222.0 8.1791     0.00 9.1595     0.00    0.00    0.00    0.00    0.00
IF2226.0 8.0118     0.00 9.1595     0.00    0.00    0.00    0.00    0.00
IF2239.0 7.4508     0.00 9.1595     0.00    0.00    0.00    0.00    0.00
IF2254.5 8.7959     0.00 9.1595     0.00    0.00    0.00    0.00    0.00
IF2264.0 8.7303     0.00 9.1595     0.00    0.00    0.00    0.00    0.00
IF2280.0 8.0741     0.00 9.1595     0.00    0.00    0.00    0.00    0.00
IF2291.5 8.0413     0.00 9.1595     0.00    0.00    0.00    0.00    0.00
IF2302.0 8.3038     0.00 9.1595     0.00    0.00    0.00    0.00    0.00
IF2311.2 9.1595     0.00 9.1595     0.00    0.00    0.00    0.00    0.00
AS2367.5 9.196      0.00 9.196      0.00    0.00    0.00    0.00    0.00
IF2368.0 9.1273     0.00 9.196      0.00    0.00    0.00    0.00    0.00
IF2369.4 9.196      0.00 9.196      0.00    0.00    0.00    0.00    0.00
AS2520.4 9.196      0.00 9.196      0.00    0.00    0.00    0.00    0.00
IF2526.0 8.5039     0.00 9.196      0.00    0.00    0.00    0.00    0.00
IF2528.9 9.196      0.00 9.196      0.00    0.00    0.00    0.00    0.00
AS2596.5 9.1773     0.00 9.1773     0.00    0.00    0.00    0.00    0.00
IF2599.0 9.0617     0.00 9.1773     0.00    0.00    0.00    0.00    0.00
IF2600.8 9.1773     0.00 9.1773     0.00    0.00    0.00    0.00    0.00
AS2627.1 9.1773     0.00 9.1773     0.00    0.00    0.00    0.00    0.00
IF2627.5 9.1601     0.00 9.1773     0.00    0.00    0.00    0.00    0.00
IF2628.0 9.1773     0.00 9.1773     0.00    0.00    0.00    0.00    0.00
AS2641.8 9.1773     0.00 9.1773     0.00    0.00    0.00    0.00    0.00
IF2643.0 9.0945     0.00 9.1773     0.00    0.00    0.00    0.00    0.00
IF2647.0 9.0617     0.00 9.1773     0.00    0.00    0.00    0.00    0.00
IF2652.5 8.7959     0.00 9.1773     0.00    0.00    0.00    0.00    0.00
IF2659.0 8.7992     0.00 9.1773     0.00    0.00    0.00    0.00    0.00
IF2668.0 8.4711     0.00 9.1773     0.00    0.00    0.00    0.00    0.00
IF2677.5 8.3694     0.00 9.1773     0.00    0.00    0.00    0.00    0.00
IF2688.0 8.271      0.00 9.1773     0.00    0.00    0.00    0.00    0.00
IF2697.0 8.3038     0.00 9.1773     0.00    0.00    0.00    0.00    0.00
IF2704.5 8.0741     0.00 9.1773     0.00    0.00    0.00    0.00    0.00
IF2717.5 7.5164     0.00 9.1773     0.00    0.00    0.00    0.00    0.00
IF2728.0 7.1227     0.00 9.1773     0.00    0.00    0.00    0.00    0.00
IF2729.0 7.9429     0.00 9.1773     0.00    0.00    0.00    0.00    0.00
IF2737.5 7.6476     0.00 9.1773     0.00    0.00    0.00    0.00    0.00
IF2747.5 8.0085     0.00 9.1773     0.00    0.00    0.00    0.00    0.00
IF2755.0 7.6804     0.00 9.1773     0.00    0.00    0.00    0.00    0.00
IF2766.5 7.5492     0.00 9.1772     0.00    0.00    0.00    0.00    0.00
IF2780.0 8.1398     0.00 9.177      0.00    0.00    0.00    0.00    0.00
IF2793.0 8.4022     0.00 9.1769     0.00    0.00    0.00    0.00    0.00
IF2801.5 8.3038     0.00 9.1769     0.00    0.00    0.00    0.00    0.00
IF2809.5 8.4678     0.00 9.1768     0.00    0.00    0.00    0.00    0.00
IF2819.5 8.271      0.00 9.1768     0.00    0.00    0.00    0.00    0.00
IF2829.5 8.2382     0.00 9.1768     0.00    0.00    0.00    0.00    0.00
IF2836.5 8.1398     0.00 9.1768     0.00    0.00    0.00    0.00    0.00
IF2845.5 8.5991     0.00 9.1768     0.00    0.00    0.00    0.00    0.00
IF2861.0 8.435      0.00 9.1768     0.00    0.00    0.00    0.00    0.00
IF2870.0 8.3694     0.00 9.1768     0.00    0.00    0.00    0.00    0.00
IF2875.0 8.271      0.00 9.1768     0.00    0.00    0.00    0.00    0.00
IF2885.0 8.435      0.00 9.1768     0.00    0.00    0.00    0.00    0.00
IF2894.0 8.0741     0.00 9.1768     0.00    0.00    0.00    0.00    0.00
IF2904.0 8.3038     0.00 9.1768     0.00    0.00    0.00    0.00    0.00
IF2916.0 8.8615     0.00 9.1768     0.00    0.00    0.00    0.00    0.00
IF2924.1 9.1768     0.00 9.1768     0.00    0.00    0.00    0.00    0.00
AS2935.5 9.1768     0.00 9.1768     0.00    0.00    0.00    0.00    0.00
IF2937.0 9.1568     0.00 9.1768     0.00    0.00    0.00    0.00    0.00
IF2944.0 9.0584     0.00 9.1768     0.00    0.00    0.00    0.00    0.00
IF2952.0 9.124      0.00 9.1768     0.00    0.00    0.00    0.00    0.00
IF2953.2 9.1768     0.00 9.1768     0.00    0.00    0.00    0.00    0.00
AS5037.5 9.196      0.00 9.196      0.00    0.00    0.00    0.00    0.00
IF5055.5 6.5486     0.00 9.196      0.00    0.00    0.00    0.00    0.00
IF5069.0 6.3484     0.00 9.196      0.00    0.00    0.00    0.00    0.00
IF5079.0 6.5486     0.00 9.196      0.00    0.00    0.00    0.00    0.00
IF5091.5 6.7126     0.00 9.196      0.00    0.00    0.00    0.00    0.00
IF5102.0 6.8438     0.00 9.196      0.00    0.00    0.00    0.00    0.00
IF5113.0 6.4469     0.00 9.196      0.00    0.00    0.00    0.00    0.00
IF5135.0 6.5125     0.00 9.196      0.00    0.00    0.00    0.00    0.00
IF5159.0 7.0079     0.00 9.196      0.00    0.00    0.00    0.00    0.00
IF5175.5 7.3031     0.00 9.196      0.00    0.00    0.00    0.00    0.00
IF5185.5 7.1686     0.00 9.196      0.00    0.00    0.00    0.00    0.00
IF5193.5 6.6142     0.00 9.196      0.00    0.00    0.00    0.00    0.00
IF5199.0 6.6765     0.00 9.196      0.00    0.00    0.00    0.00    0.00
IF5205.0 6.647      0.00 9.196      0.00    0.00    0.00    0.00    0.00
IF5218.5 7.7264     0.00 9.196      0.00    0.00    0.00    0.00    0.00
IF5224.0 9.196      0.00 9.196      0.00    0.00    0.00    0.00    0.00
PS START(386190.0292,4806153.2539)
PS END(385540.2958,4808129.6323)
ET
 
 
 
