header
IE0.0    -2.337        1       1 9.4073  8.4948  12.3923   56.14   56.14
OF3.3    -2.327     0.00 9.4076     0.00    0.00    0.00    0.00    0.00
OF6.6    -2.3169    0.00 9.4076     0.00    0.00    0.00    0.00    0.00
OF9.8    -2.3069    0.00 9.4079     0.00    0.00    0.00    0.00    0.00
OF13.1   -2.2963    0.00 9.4081     0.00    0.00    0.00    0.00    0.00
OF16.4   -2.2824    0.00 9.4082     0.00    0.00    0.00    0.00    0.00
OF19.7   -2.2684    0.00 9.4085     0.00    0.00    0.00    0.00    0.00
OF23.0   -2.2544    0.00 9.4085     0.00    0.00    0.00    0.00    0.00
OF26.2   -2.2404    0.00 9.4088     0.00    0.00    0.00    0.00    0.00
OF29.5   -2.2265    0.00 9.4091     0.00    0.00    0.00    0.00    0.00
OF32.8   -2.2125    0.00 9.4092     0.00    0.00    0.00    0.00    0.00
OF36.1   -2.1985    0.00 9.4096     0.00    0.00    0.00    0.00    0.00
OF39.4   -2.1845    0.00 9.4096     0.00    0.00    0.00    0.00    0.00
OF42.7   -2.1795    0.00 9.41       0.00    0.00    0.00    0.00    0.00
OF45.9   -2.1791    0.00 9.4103     0.00    0.00    0.00    0.00    0.00
OF49.2   -2.1787    0.00 9.4107     0.00    0.00    0.00    0.00    0.00
OF52.5   -2.1784    0.00 9.411      0.00    0.00    0.00    0.00    0.00
OF55.8   -2.178     0.00 9.4114     0.00    0.00    0.00    0.00    0.00
OF59.1   -2.1776    0.00 9.4117     0.00    0.00    0.00    0.00    0.00
OF62.3   -2.1773    0.00 9.4121     0.00    0.00    0.00    0.00    0.00
OF65.6   -2.1769    0.00 9.4124     0.00    0.00    0.00    0.00    0.00
OF68.9   -2.1765    0.00 9.4128     0.00    0.00    0.00    0.00    0.00
OF72.2   -2.1762    0.00 9.4132     0.00    0.00    0.00    0.00    0.00
OF75.5   -2.1758    0.00 9.4135     0.00    0.00    0.00    0.00    0.00
OF78.7   -2.1755    0.00 9.414      0.00    0.00    0.00    0.00    0.00
OF82.0   -2.1751    0.00 9.4144     0.00    0.00    0.00    0.00    0.00
OF85.3   -2.1747    0.00 9.4148     0.00    0.00    0.00    0.00    0.00
OF88.6   -2.1744    0.00 9.4152     0.00    0.00    0.00    0.00    0.00
OF91.9   -2.174     0.00 9.4156     0.00    0.00    0.00    0.00    0.00
OF95.1   -2.1736    0.00 9.416      0.00    0.00    0.00    0.00    0.00
OF98.4   -2.1733    0.00 9.4164     0.00    0.00    0.00    0.00    0.00
OF101.7  -2.1729    0.00 9.4168     0.00    0.00    0.00    0.00    0.00
OF105.0  -2.1725    0.00 9.4172     0.00    0.00    0.00    0.00    0.00
OF108.3  -2.1722    0.00 9.4176     0.00    0.00    0.00    0.00    0.00
OF111.5  -2.1718    0.00 9.4181     0.00    0.00    0.00    0.00    0.00
OF114.8  -2.1715    0.00 9.4187     0.00    0.00    0.00    0.00    0.00
OF118.1  -2.1711    0.00 9.4193     0.00    0.00    0.00    0.00    0.00
OF121.4  -2.1707    0.00 9.4199     0.00    0.00    0.00    0.00    0.00
OF124.7  -2.1704    0.00 9.4205     0.00    0.00    0.00    0.00    0.00
OF128.0  -2.17      0.00 9.421      0.00    0.00    0.00    0.00    0.00
OF131.2  -2.1696    0.00 9.4216     0.00    0.00    0.00    0.00    0.00
OF134.5  -2.1693    0.00 9.4221     0.00    0.00    0.00    0.00    0.00
OF137.8  -2.1689    0.00 9.4227     0.00    0.00    0.00    0.00    0.00
OF141.1  -2.1685    0.00 9.4232     0.00    0.00    0.00    0.00    0.00
OF144.4  -2.1682    0.00 9.4238     0.00    0.00    0.00    0.00    0.00
OF147.6  -2.1678    0.00 9.4242     0.00    0.00    0.00    0.00    0.00
OF150.9  -2.1675    0.00 9.4246     0.00    0.00    0.00    0.00    0.00
OF154.2  -2.1671    0.00 9.425      0.00    0.00    0.00    0.00    0.00
OF157.5  -2.1667    0.00 9.4254     0.00    0.00    0.00    0.00    0.00
OF160.8  -2.1664    0.00 9.4258     0.00    0.00    0.00    0.00    0.00
OF164.0  -2.166     0.00 9.4262     0.00    0.00    0.00    0.00    0.00
OF167.3  -2.1656    0.00 9.4266     0.00    0.00    0.00    0.00    0.00
OF170.6  -2.1578    0.00 9.427      0.00    0.00    0.00    0.00    0.00
OF173.9  -2.1455    0.00 9.4271     0.00    0.00    0.00    0.00    0.00
OF177.2  -2.1332    0.00 9.4275     0.00    0.00    0.00    0.00    0.00
OF180.4  -2.1209    0.00 9.4277     0.00    0.00    0.00    0.00    0.00
OF183.7  -2.1086    0.00 9.4281     0.00    0.00    0.00    0.00    0.00
OF187.0  -2.09      0.00 9.4284     0.00    0.00    0.00    0.00    0.00
OF190.3  -2.0668    0.00 9.4288     0.00    0.00    0.00    0.00    0.00
OF193.6  -2.0436    0.00 9.4291     0.00    0.00    0.00    0.00    0.00
OF196.8  -2.0204    0.00 9.4293     0.00    0.00    0.00    0.00    0.00
OF200.1  -1.9972    0.00 9.4298     0.00    0.00    0.00    0.00    0.00
OF203.4  -1.9741    0.00 9.43       0.00    0.00    0.00    0.00    0.00
OF206.7  -1.9509    0.00 9.4303     0.00    0.00    0.00    0.00    0.00
OF210.0  -1.9277    0.00 9.4305     0.00    0.00    0.00    0.00    0.00
OF213.3  -1.9045    0.00 9.431      0.00    0.00    0.00    0.00    0.00
OF216.5  -1.8847    0.00 9.4313     0.00    0.00    0.00    0.00    0.00
OF219.8  -1.8692    0.00 9.4317     0.00    0.00    0.00    0.00    0.00
OF223.1  -1.8538    0.00 9.432      0.00    0.00    0.00    0.00    0.00
OF226.4  -1.8383    0.00 9.4325     0.00    0.00    0.00    0.00    0.00
OF229.7  -1.8228    0.00 9.4328     0.00    0.00    0.00    0.00    0.00
OF232.9  -1.8074    0.00 9.4333     0.00    0.00    0.00    0.00    0.00
OF236.2  -1.7919    0.00 9.4336     0.00    0.00    0.00    0.00    0.00
OF239.5  -1.7764    0.00 9.4341     0.00    0.00    0.00    0.00    0.00
OF242.8  -1.761     0.00 9.4344     0.00    0.00    0.00    0.00    0.00
OF246.1  -1.7455    0.00 9.4349     0.00    0.00    0.00    0.00    0.00
OF249.3  -1.7301    0.00 9.4352     0.00    0.00    0.00    0.00    0.00
OF252.6  -1.7146    0.00 9.4358     0.00    0.00    0.00    0.00    0.00
OF255.9  -1.6991    0.00 9.4363     0.00    0.00    0.00    0.00    0.00
OF259.2  -1.6837    0.00 9.4366     0.00    0.00    0.00    0.00    0.00
OF262.5  -1.6682    0.00 9.4371     0.00    0.00    0.00    0.00    0.00
OF265.7  -1.6527    0.00 9.4374     0.00    0.00    0.00    0.00    0.00
OF269.0  -1.6373    0.00 9.438      0.00    0.00    0.00    0.00    0.00
OF272.3  -1.6218    0.00 9.4383     0.00    0.00    0.00    0.00    0.00
OF275.6  -1.6063    0.00 9.4388     0.00    0.00    0.00    0.00    0.00
OF278.9  -1.5909    0.00 9.4391     0.00    0.00    0.00    0.00    0.00
OF282.2  -1.5754    0.00 9.4397     0.00    0.00    0.00    0.00    0.00
OF285.4  -1.5599    0.00 9.44       0.00    0.00    0.00    0.00    0.00
OF288.7  -1.5445    0.00 9.4406     0.00    0.00    0.00    0.00    0.00
OF292.0  -1.529     0.00 9.4409     0.00    0.00    0.00    0.00    0.00
OF295.3  -1.5136    0.00 9.4414     0.00    0.00    0.00    0.00    0.00
OF298.6  -1.4981    0.00 9.4418     0.00    0.00    0.00    0.00    0.00
OF301.8  -1.4826    0.00 9.4423     0.00    0.00    0.00    0.00    0.00
OF305.1  -1.4673    0.00 9.4426     0.00    0.00    0.00    0.00    0.00
OF308.4  -1.453     0.00 9.4432     0.00    0.00    0.00    0.00    0.00
OF311.7  -1.4386    0.00 9.4437     0.00    0.00    0.00    0.00    0.00
OF315.0  -1.4242    0.00 9.444      0.00    0.00    0.00    0.00    0.00
OF318.2  -1.4098    0.00 9.4446     0.00    0.00    0.00    0.00    0.00
OF321.5  -1.3955    0.00 9.4449     0.00    0.00    0.00    0.00    0.00
OF324.8  -1.3811    0.00 9.4454     0.00    0.00    0.00    0.00    0.00
OF328.1  -1.3667    0.00 9.4457     0.00    0.00    0.00    0.00    0.00
OF331.4  -1.3523    0.00 9.4463     0.00    0.00    0.00    0.00    0.00
OF334.6  -1.338     0.00 9.4468     0.00    0.00    0.00    0.00    0.00
OF337.9  -1.3236    0.00 9.4471     0.00    0.00    0.00    0.00    0.00
OF341.2  -1.3092    0.00 9.4477     0.00    0.00    0.00    0.00    0.00
OF344.5  -1.2948    0.00 9.448      0.00    0.00    0.00    0.00    0.00
OF347.8  -1.2805    0.00 9.4485     0.00    0.00    0.00    0.00    0.00
OF351.0  -1.2661    0.00 9.4488     0.00    0.00    0.00    0.00    0.00
OF354.3  -1.2517    0.00 9.4494     0.00    0.00    0.00    0.00    0.00
OF357.6  -1.2373    0.00 9.4497     0.00    0.00    0.00    0.00    0.00
OF360.9  -1.2229    0.00 9.4502     0.00    0.00    0.00    0.00    0.00
OF364.2  -1.2086    0.00 9.4507     0.00    0.00    0.00    0.00    0.00
OF367.5  -1.1942    0.00 9.4511     0.00    0.00    0.00    0.00    0.00
OF370.7  -1.1798    0.00 9.4516     0.00    0.00    0.00    0.00    0.00
OF374.0  -1.1654    0.00 9.4519     0.00    0.00    0.00    0.00    0.00
OF377.3  -1.1511    0.00 9.4524     0.00    0.00    0.00    0.00    0.00
OF380.6  -1.1367    0.00 9.4527     0.00    0.00    0.00    0.00    0.00
OF383.9  -1.1223    0.00 9.4533     0.00    0.00    0.00    0.00    0.00
OF387.1  -1.1079    0.00 9.4538     0.00    0.00    0.00    0.00    0.00
OF390.4  -1.0936    0.00 9.4541     0.00    0.00    0.00    0.00    0.00
OF393.7  -1.0792    0.00 9.4546     0.00    0.00    0.00    0.00    0.00
OF397.0  -1.0648    0.00 9.4549     0.00    0.00    0.00    0.00    0.00
OF400.3  -1.0504    0.00 9.4554     0.00    0.00    0.00    0.00    0.00
OF403.5  -1.0363    0.00 9.4557     0.00    0.00    0.00    0.00    0.00
OF406.8  -1.0238    0.00 9.4562     0.00    0.00    0.00    0.00    0.00
OF410.1  -1.0118    0.00 9.4567     0.00    0.00    0.00    0.00    0.00
OF413.4  -1.0116    0.00 9.4571     0.00    0.00    0.00    0.00    0.00
OF416.7  -1.0118    0.00 9.4576     0.00    0.00    0.00    0.00    0.00
OF419.9  -1.012     0.00 9.4581     0.00    0.00    0.00    0.00    0.00
OF423.2  -1.0122    0.00 9.4586     0.00    0.00    0.00    0.00    0.00
OF426.5  -1.0124    0.00 9.459      0.00    0.00    0.00    0.00    0.00
OF429.8  -1.0126    0.00 9.4595     0.00    0.00    0.00    0.00    0.00
OF433.1  -1.0128    0.00 9.4599     0.00    0.00    0.00    0.00    0.00
OF436.4  -1.013     0.00 9.4603     0.00    0.00    0.00    0.00    0.00
OF439.6  -1.0132    0.00 9.4608     0.00    0.00    0.00    0.00    0.00
OF442.9  -1.0134    0.00 9.4612     0.00    0.00    0.00    0.00    0.00
OF446.2  -1.0136    0.00 9.4616     0.00    0.00    0.00    0.00    0.00
OF449.5  -1.0138    0.00 9.462      0.00    0.00    0.00    0.00    0.00
OF452.8  -1.0141    0.00 9.4624     0.00    0.00    0.00    0.00    0.00
OF456.0  -1.0143    0.00 9.4628     0.00    0.00    0.00    0.00    0.00
OF459.3  -1.0145    0.00 9.4632     0.00    0.00    0.00    0.00    0.00
OF462.6  -1.0147    0.00 9.4635     0.00    0.00    0.00    0.00    0.00
OF465.9  -1.0149    0.00 9.4639     0.00    0.00    0.00    0.00    0.00
OF469.2  -1.0151    0.00 9.4643     0.00    0.00    0.00    0.00    0.00
OF472.4  -1.0153    0.00 9.4647     0.00    0.00    0.00    0.00    0.00
OF475.7  -1.0155    0.00 9.465      0.00    0.00    0.00    0.00    0.00
OF479.0  -1.0157    0.00 9.4654     0.00    0.00    0.00    0.00    0.00
OF482.3  -1.0159    0.00 9.4657     0.00    0.00    0.00    0.00    0.00
OF485.6  -1.0161    0.00 9.4661     0.00    0.00    0.00    0.00    0.00
OF488.8  -1.0163    0.00 9.4664     0.00    0.00    0.00    0.00    0.00
OF492.1  -1.0165    0.00 9.4667     0.00    0.00    0.00    0.00    0.00
OF495.4  -1.0167    0.00 9.4671     0.00    0.00    0.00    0.00    0.00
OF498.7  -1.0169    0.00 9.4674     0.00    0.00    0.00    0.00    0.00
OF502.0  -1.0171    0.00 9.4677     0.00    0.00    0.00    0.00    0.00
OF505.2  -1.0173    0.00 9.468      0.00    0.00    0.00    0.00    0.00
OF508.5  -1.0304    0.00 9.4684     0.00    0.00    0.00    0.00    0.00
OF511.8  -1.0606    0.00 9.4689     0.00    0.00    0.00    0.00    0.00
OF515.1  -1.0908    0.00 9.4694     0.00    0.00    0.00    0.00    0.00
OF518.4  -1.121     0.00 9.4698     0.00    0.00    0.00    0.00    0.00
OF521.7  -1.1512    0.00 9.4703     0.00    0.00    0.00    0.00    0.00
OF524.9  -1.1815    0.00 9.4707     0.00    0.00    0.00    0.00    0.00
OF528.2  -1.2117    0.00 9.4712     0.00    0.00    0.00    0.00    0.00
OF531.5  -1.2419    0.00 9.4716     0.00    0.00    0.00    0.00    0.00
OF534.8  -1.2721    0.00 9.472      0.00    0.00    0.00    0.00    0.00
OF538.1  -1.3078    0.00 9.4724     0.00    0.00    0.00    0.00    0.00
OF541.3  -1.3516    0.00 9.4728     0.00    0.00    0.00    0.00    0.00
OF544.6  -1.3955    0.00 9.4732     0.00    0.00    0.00    0.00    0.00
OF547.9  -1.4394    0.00 9.4737     0.00    0.00    0.00    0.00    0.00
OF551.2  -1.4833    0.00 9.4741     0.00    0.00    0.00    0.00    0.00
OF554.5  -1.5272    0.00 9.4744     0.00    0.00    0.00    0.00    0.00
OF557.7  -1.5711    0.00 9.4749     0.00    0.00    0.00    0.00    0.00
OF561.0  -1.615     0.00 9.4752     0.00    0.00    0.00    0.00    0.00
OF564.3  -1.6588    0.00 9.4755     0.00    0.00    0.00    0.00    0.00
OF567.6  -1.7027    0.00 9.476      0.00    0.00    0.00    0.00    0.00
OF570.9  -1.7466    0.00 9.4763     0.00    0.00    0.00    0.00    0.00
OF574.1  -1.7905    0.00 9.4765     0.00    0.00    0.00    0.00    0.00
OF577.4  -1.8344    0.00 9.477      0.00    0.00    0.00    0.00    0.00
OF580.7  -1.8783    0.00 9.4773     0.00    0.00    0.00    0.00    0.00
OF584.0  -1.9221    0.00 9.4775     0.00    0.00    0.00    0.00    0.00
OF587.3  -1.966     0.00 9.4779     0.00    0.00    0.00    0.00    0.00
OF590.5  -2.0045    0.00 9.4782     0.00    0.00    0.00    0.00    0.00
OF593.8  -2.0124    0.00 9.4783     0.00    0.00    0.00    0.00    0.00
OF597.1  -2.0195    0.00 9.4783     0.00    0.00    0.00    0.00    0.00
OF600.4  -2.0267    0.00 9.4786     0.00    0.00    0.00    0.00    0.00
OF603.7  -2.0339    0.00 9.4786     0.00    0.00    0.00    0.00    0.00
OF607.0  -2.041     0.00 9.4787     0.00    0.00    0.00    0.00    0.00
OF610.2  -2.0482    0.00 9.4788     0.00    0.00    0.00    0.00    0.00
OF613.5  -2.0554    0.00 9.4789     0.00    0.00    0.00    0.00    0.00
OF616.8  -2.0625    0.00 9.4791     0.00    0.00    0.00    0.00    0.00
OF620.1  -2.0697    0.00 9.4791     0.00    0.00    0.00    0.00    0.00
OF623.4  -2.0769    0.00 9.4792     0.00    0.00    0.00    0.00    0.00
OF626.6  -2.0841    0.00 9.4793     0.00    0.00    0.00    0.00    0.00
OF629.9  -2.0912    0.00 9.4794     0.00    0.00    0.00    0.00    0.00
OF633.2  -2.0984    0.00 9.4796     0.00    0.00    0.00    0.00    0.00
OF636.5  -2.1056    0.00 9.4796     0.00    0.00    0.00    0.00    0.00
OF639.8  -2.1127    0.00 9.4797     0.00    0.00    0.00    0.00    0.00
OF643.0  -2.0957    0.00 9.4798     0.00    0.00    0.00    0.00    0.00
OF646.3  -2.0738    0.00 9.4797     0.00    0.00    0.00    0.00    0.00
OF649.6  -2.0518    0.00 9.4796     0.00    0.00    0.00    0.00    0.00
OF652.9  -2.0299    0.00 9.4797     0.00    0.00    0.00    0.00    0.00
OF656.2  -2.0079    0.00 9.4796     0.00    0.00    0.00    0.00    0.00
OF659.4  -1.986     0.00 9.4795     0.00    0.00    0.00    0.00    0.00
OF662.7  -1.9536    0.00 9.4794     0.00    0.00    0.00    0.00    0.00
OF666.0  -1.9089    0.00 9.4794     0.00    0.00    0.00    0.00    0.00
OF669.3  -1.8642    0.00 9.4793     0.00    0.00    0.00    0.00    0.00
OF672.6  -1.8194    0.00 9.4791     0.00    0.00    0.00    0.00    0.00
OF675.9  -1.7747    0.00 9.479      0.00    0.00    0.00    0.00    0.00
OF679.1  -1.7299    0.00 9.4788     0.00    0.00    0.00    0.00    0.00
OF682.4  -1.6852    0.00 9.4787     0.00    0.00    0.00    0.00    0.00
OF685.7  -1.6405    0.00 9.4787     0.00    0.00    0.00    0.00    0.00
OF689.0  -1.5957    0.00 9.4785     0.00    0.00    0.00    0.00    0.00
OF692.3  -1.551     0.00 9.4785     0.00    0.00    0.00    0.00    0.00
OF695.5  -1.5062    0.00 9.4784     0.00    0.00    0.00    0.00    0.00
OF698.8  -1.4615    0.00 9.4782     0.00    0.00    0.00    0.00    0.00
OF702.1  -1.4171    0.00 9.4782     0.00    0.00    0.00    0.00    0.00
OF705.4  -1.3743    0.00 9.4782     0.00    0.00    0.00    0.00    0.00
OF708.7  -1.3315    0.00 9.478      0.00    0.00    0.00    0.00    0.00
OF711.9  -1.2887    0.00 9.478      0.00    0.00    0.00    0.00    0.00
OF715.2  -1.246     0.00 9.478      0.00    0.00    0.00    0.00    0.00
OF718.5  -1.2032    0.00 9.4778     0.00    0.00    0.00    0.00    0.00
OF721.8  -1.1604    0.00 9.4779     0.00    0.00    0.00    0.00    0.00
OF725.1  -1.1176    0.00 9.4779     0.00    0.00    0.00    0.00    0.00
OF728.3  -1.0748    0.00 9.4777     0.00    0.00    0.00    0.00    0.00
OF731.6  -1.0321    0.00 9.4778     0.00    0.00    0.00    0.00    0.00
OF734.9  -0.9893    0.00 9.4778     0.00    0.00    0.00    0.00    0.00
OF738.2  -0.9464    0.00 9.4778     0.00    0.00    0.00    0.00    0.00
OF741.5  -0.9037    0.00 9.4777     0.00    0.00    0.00    0.00    0.00
OF744.7  -0.8609    0.00 9.4778     0.00    0.00    0.00    0.00    0.00
OF748.0  -0.8191    0.00 9.4778     0.00    0.00    0.00    0.00    0.00
OF751.3  -0.8004    0.00 9.4779     0.00    0.00    0.00    0.00    0.00
OF754.6  -0.7817    0.00 9.4782     0.00    0.00    0.00    0.00    0.00
OF757.9  -0.7630    0.00 9.4783     0.00    0.00    0.00    0.00    0.00
OF761.2  -0.7442    0.00 9.4784     0.00    0.00    0.00    0.00    0.00
OF764.4  -0.7255    0.00 9.4786     0.00    0.00    0.00    0.00    0.00
OF767.7  -0.7068    0.00 9.4787     0.00    0.00    0.00    0.00    0.00
OF771.0  -0.6953    0.00 9.479      0.00    0.00    0.00    0.00    0.00
OF774.3  -0.6852    0.00 9.4793     0.00    0.00    0.00    0.00    0.00
OF777.6  -0.6751    0.00 9.4794     0.00    0.00    0.00    0.00    0.00
OF780.8  -0.6650    0.00 9.4797     0.00    0.00    0.00    0.00    0.00
OF784.1  -0.6550    0.00 9.4799     0.00    0.00    0.00    0.00    0.00
OF787.4  -0.6449    0.00 9.48       0.00    0.00    0.00    0.00    0.00
OF790.7  -0.6348    0.00 9.4803     0.00    0.00    0.00    0.00    0.00
OF794.0  -0.6247    0.00 9.4806     0.00    0.00    0.00    0.00    0.00
OF797.2  -0.6146    0.00 9.4807     0.00    0.00    0.00    0.00    0.00
OF800.5  -0.6046    0.00 9.481      0.00    0.00    0.00    0.00    0.00
OF803.8  -0.5945    0.00 9.4813     0.00    0.00    0.00    0.00    0.00
OF807.1  -0.5844    0.00 9.4815     0.00    0.00    0.00    0.00    0.00
OF810.4  -0.5743    0.00 9.4816     0.00    0.00    0.00    0.00    0.00
OF813.6  -0.5642    0.00 9.4819     0.00    0.00    0.00    0.00    0.00
OF816.9  -0.5542    0.00 9.4822     0.00    0.00    0.00    0.00    0.00
OF820.2  -0.5441    0.00 9.4823     0.00    0.00    0.00    0.00    0.00
OF823.5  -0.5340    0.00 9.4825     0.00    0.00    0.00    0.00    0.00
OF826.8  -0.5239    0.00 9.4828     0.00    0.00    0.00    0.00    0.00
OF830.1  -0.5138    0.00 9.4829     0.00    0.00    0.00    0.00    0.00
OF833.3  -0.5038    0.00 9.4832     0.00    0.00    0.00    0.00    0.00
OF836.6  -0.4937    0.00 9.4835     0.00    0.00    0.00    0.00    0.00
OF839.9  -0.4836    0.00 9.4835     0.00    0.00    0.00    0.00    0.00
OF843.2  -0.4735    0.00 9.4838     0.00    0.00    0.00    0.00    0.00
OF846.5  -0.4634    0.00 9.4841     0.00    0.00    0.00    0.00    0.00
OF849.7  -0.4534    0.00 9.4844     0.00    0.00    0.00    0.00    0.00
OF853.0  -0.4438    0.00 9.4845     0.00    0.00    0.00    0.00    0.00
OF856.3  -0.4343    0.00 9.4848     0.00    0.00    0.00    0.00    0.00
OF859.6  -0.4248    0.00 9.485      0.00    0.00    0.00    0.00    0.00
OF862.9  -0.4152    0.00 9.4851     0.00    0.00    0.00    0.00    0.00
OF866.1  -0.4057    0.00 9.4854     0.00    0.00    0.00    0.00    0.00
OF869.4  -0.3962    0.00 9.4857     0.00    0.00    0.00    0.00    0.00
OF872.7  -0.3867    0.00 9.486      0.00    0.00    0.00    0.00    0.00
OF876.0  -0.3784    0.00 9.4861     0.00    0.00    0.00    0.00    0.00
OF879.3  -0.3758    0.00 9.4863     0.00    0.00    0.00    0.00    0.00
OF882.5  -0.3732    0.00 9.4866     0.00    0.00    0.00    0.00    0.00
OF885.8  -0.3706    0.00 9.4869     0.00    0.00    0.00    0.00    0.00
OF889.1  -0.368     0.00 9.4872     0.00    0.00    0.00    0.00    0.00
OF892.4  -0.3653    0.00 9.4875     0.00    0.00    0.00    0.00    0.00
OF895.7  -0.3627    0.00 9.4877     0.00    0.00    0.00    0.00    0.00
OF898.9  -0.3601    0.00 9.488      0.00    0.00    0.00    0.00    0.00
OF902.2  -0.3575    0.00 9.4883     0.00    0.00    0.00    0.00    0.00
OF905.5  -0.3549    0.00 9.4885     0.00    0.00    0.00    0.00    0.00
OF908.8  -0.3523    0.00 9.4886     0.00    0.00    0.00    0.00    0.00
OF912.1  -0.3497    0.00 9.4888     0.00    0.00    0.00    0.00    0.00
OF915.4  -0.3471    0.00 9.4891     0.00    0.00    0.00    0.00    0.00
OF918.6  -0.3445    0.00 9.4894     0.00    0.00    0.00    0.00    0.00
OF921.9  -0.3419    0.00 9.4896     0.00    0.00    0.00    0.00    0.00
OF925.2  -0.3393    0.00 9.4899     0.00    0.00    0.00    0.00    0.00
OF928.5  -0.3367    0.00 9.4901     0.00    0.00    0.00    0.00    0.00
OF931.8  -0.3341    0.00 9.4904     0.00    0.00    0.00    0.00    0.00
OF935.0  -0.3314    0.00 9.4906     0.00    0.00    0.00    0.00    0.00
OF938.3  -0.3288    0.00 9.4909     0.00    0.00    0.00    0.00    0.00
OF941.6  -0.3262    0.00 9.4911     0.00    0.00    0.00    0.00    0.00
OF944.9  -0.3236    0.00 9.4913     0.00    0.00    0.00    0.00    0.00
OF948.2  -0.3210    0.00 9.4916     0.00    0.00    0.00    0.00    0.00
OF951.4  -0.3184    0.00 9.4916     0.00    0.00    0.00    0.00    0.00
OF954.7  -0.3158    0.00 9.4918     0.00    0.00    0.00    0.00    0.00
OF958.0  -0.3132    0.00 9.4921     0.00    0.00    0.00    0.00    0.00
OF961.3  -0.3106    0.00 9.4923     0.00    0.00    0.00    0.00    0.00
OF964.6  -0.3080    0.00 9.4926     0.00    0.00    0.00    0.00    0.00
OF967.8  -0.3071    0.00 9.4928     0.00    0.00    0.00    0.00    0.00
OF971.1  -0.3088    0.00 9.493      0.00    0.00    0.00    0.00    0.00
OF974.4  -0.3106    0.00 9.4932     0.00    0.00    0.00    0.00    0.00
OF977.7  -0.3123    0.00 9.4935     0.00    0.00    0.00    0.00    0.00
OF981.0  -0.3141    0.00 9.4937     0.00    0.00    0.00    0.00    0.00
OF984.2  -0.3158    0.00 9.4939     0.00    0.00    0.00    0.00    0.00
OF987.5  -0.3176    0.00 9.4941     0.00    0.00    0.00    0.00    0.00
OF990.8  -0.3194    0.00 9.4943     0.00    0.00    0.00    0.00    0.00
OF994.1  -0.3180    0.00 9.4945     0.00    0.00    0.00    0.00    0.00
OF997.4  -0.3119    0.00 9.4948     0.00    0.00    0.00    0.00    0.00
OF1000.7 -0.3059    0.00 9.495      0.00    0.00    0.00    0.00    0.00
OF1003.9 -0.2998    0.00 9.4952     0.00    0.00    0.00    0.00    0.00
OF1007.2 -0.2937    0.00 9.4954     0.00    0.00    0.00    0.00    0.00
OF1010.5 -0.2876    0.00 9.4956     0.00    0.00    0.00    0.00    0.00
OF1013.8 -0.2816    0.00 9.4956     0.00    0.00    0.00    0.00    0.00
OF1017.1 -0.2755    0.00 9.4958     0.00    0.00    0.00    0.00    0.00
OF1020.3 -0.2694    0.00 9.496      0.00    0.00    0.00    0.00    0.00
OF1023.6 -0.2633    0.00 9.4962     0.00    0.00    0.00    0.00    0.00
OF1026.9 -0.2573    0.00 9.4964     0.00    0.00    0.00    0.00    0.00
OF1030.2 -0.2512    0.00 9.4964     0.00    0.00    0.00    0.00    0.00
OF1033.5 -0.2451    0.00 9.4966     0.00    0.00    0.00    0.00    0.00
OF1036.7 -0.2390    0.00 9.4968     0.00    0.00    0.00    0.00    0.00
OF1040.0 -0.233     0.00 9.497      0.00    0.00    0.00    0.00    0.00
OF1043.3 -0.2269    0.00 9.4972     0.00    0.00    0.00    0.00    0.00
OF1046.6 -0.2208    0.00 9.4972     0.00    0.00    0.00    0.00    0.00
OF1049.9 -0.2147    0.00 9.4974     0.00    0.00    0.00    0.00    0.00
OF1053.1 -0.2086    0.00 9.4976     0.00    0.00    0.00    0.00    0.00
OF1056.4 -0.2026    0.00 9.4978     0.00    0.00    0.00    0.00    0.00
OF1059.7 -0.1965    0.00 9.498      0.00    0.00    0.00    0.00    0.00
OF1063.0 -0.1904    0.00 9.4982     0.00    0.00    0.00    0.00    0.00
OF1066.3 -0.1843    0.00 9.4982     0.00    0.00    0.00    0.00    0.00
OF1069.6 -0.1783    0.00 9.4984     0.00    0.00    0.00    0.00    0.00
OF1072.8 -0.1722    0.00 9.4986     0.00    0.00    0.00    0.00    0.00
OF1076.1 -0.1661    0.00 9.4988     0.00    0.00    0.00    0.00    0.00
OF1079.4 -0.1600    0.00 9.499      0.00    0.00    0.00    0.00    0.00
OF1082.7 -0.1540    0.00 9.499      0.00    0.00    0.00    0.00    0.00
OF1086.0 -0.1479    0.00 9.4992     0.00    0.00    0.00    0.00    0.00
OF1089.2 -0.1418    0.00 9.4994     0.00    0.00    0.00    0.00    0.00
OF1092.5 -0.1357    0.00 9.4996     0.00    0.00    0.00    0.00    0.00
OF1095.8 -0.1295    0.00 9.4998     0.00    0.00    0.00    0.00    0.00
OF1099.1 -0.1090    0.00 9.4998     0.00    0.00    0.00    0.00    0.00
OF1102.4 -0.0876    0.00 9.4998     0.00    0.00    0.00    0.00    0.00
OF1105.6 -0.0662    0.00 9.5001     0.00    0.00    0.00    0.00    0.00
OF1108.9 -0.0448    0.00 9.5001     0.00    0.00    0.00    0.00    0.00
OF1112.2 -0.0234    0.00 9.5001     0.00    0.00    0.00    0.00    0.00
OF1115.5 -0.2056    0.00 9.5014     0.00    0.00    0.00    0.00    0.00
OF1118.8 -0.3345    0.00 9.5023     0.00    0.00    0.00    0.00    0.00
OF1122.0 -0.2332    0.00 9.5019     0.00    0.00    0.00    0.00    0.00
OF1125.3 -0.1500    0.00 9.5015     0.00    0.00    0.00    0.00    0.00
OF1128.6 -0.1203    0.00 9.5015     0.00    0.00    0.00    0.00    0.00
OF1131.9 -0.0906    0.00 9.5015     0.00    0.00    0.00    0.00    0.00
OF1135.2 -0.0609    0.00 9.5017     0.00    0.00    0.00    0.00    0.00
OF1138.4 -0.0312    0.00 9.5017     0.00    0.00    0.00    0.00    0.00
OF1141.7 -0.0606    0.00 9.5021     0.00    0.00    0.00    0.00    0.00
OF1145.0 -0.1021    0.00 9.5024     0.00    0.00    0.00    0.00    0.00
OF1148.3 -0.1434    0.00 9.5028     0.00    0.00    0.00    0.00    0.00
OF1151.6 -0.1848    0.00 9.5031     0.00    0.00    0.00    0.00    0.00
OF1154.9 -0.0601    0.00 9.5028     0.00    0.00    0.00    0.00    0.00
IF1158.1 0.08945    0.00 9.502      0.00    0.00    0.00    0.00    0.00
IF1161.4 0.23907    0.00 9.5012     0.00    0.00    0.00    0.00    0.00
IF1164.7 0.33378    0.00 9.5011     0.00    0.00    0.00    0.00    0.00
IF1168.0 0.41658    0.00 9.5008     0.00    0.00    0.00    0.00    0.00
IF1171.3 0.28906    0.00 9.5019     0.00    0.00    0.00    0.00    0.00
IF1174.5 0.32991    0.00 9.502      0.00    0.00    0.00    0.00    0.00
IF1177.8 0.30868    0.00 9.5023     0.00    0.00    0.00    0.00    0.00
OF1181.1 -0.0024    0.00 9.5045     0.00    0.00    0.00    0.00    0.00
OF1184.4 -0.0098    0.00 9.5047     0.00    0.00    0.00    0.00    0.00
OF1187.7 -0.0171    0.00 9.5048     0.00    0.00    0.00    0.00    0.00
OF1190.9 -0.0244    0.00 9.505      0.00    0.00    0.00    0.00    0.00
OF1194.2 -0.0318    0.00 9.5054     0.00    0.00    0.00    0.00    0.00
OF1197.5 -0.0391    0.00 9.5055     0.00    0.00    0.00    0.00    0.00
OF1200.8 -0.0464    0.00 9.5057     0.00    0.00    0.00    0.00    0.00
OF1204.1 -0.0538    0.00 9.5059     0.00    0.00    0.00    0.00    0.00
OF1207.3 -0.0611    0.00 9.5062     0.00    0.00    0.00    0.00    0.00
OF1210.6 -0.0684    0.00 9.5064     0.00    0.00    0.00    0.00    0.00
OF1213.9 -0.0758    0.00 9.5065     0.00    0.00    0.00    0.00    0.00
OF1217.2 -0.0831    0.00 9.5067     0.00    0.00    0.00    0.00    0.00
OF1220.5 -0.0901    0.00 9.5068     0.00    0.00    0.00    0.00    0.00
OF1223.8 -0.0944    0.00 9.5071     0.00    0.00    0.00    0.00    0.00
OF1227.0 -0.0986    0.00 9.5073     0.00    0.00    0.00    0.00    0.00
OF1230.3 -0.1029    0.00 9.5074     0.00    0.00    0.00    0.00    0.00
OF1233.6 -0.1071    0.00 9.5075     0.00    0.00    0.00    0.00    0.00
OF1236.9 -0.1113    0.00 9.5077     0.00    0.00    0.00    0.00    0.00
OF1240.2 -0.1155    0.00 9.5078     0.00    0.00    0.00    0.00    0.00
OF1243.4 -0.1197    0.00 9.5079     0.00    0.00    0.00    0.00    0.00
OF1246.7 -0.1239    0.00 9.5082     0.00    0.00    0.00    0.00    0.00
OF1250.0 -0.1281    0.00 9.5084     0.00    0.00    0.00    0.00    0.00
OF1253.3 -0.1323    0.00 9.5085     0.00    0.00    0.00    0.00    0.00
OF1256.6 -0.1365    0.00 9.5086     0.00    0.00    0.00    0.00    0.00
OF1259.8 -0.1407    0.00 9.5087     0.00    0.00    0.00    0.00    0.00
OF1263.1 -0.1449    0.00 9.5089     0.00    0.00    0.00    0.00    0.00
OF1266.4 -0.1343    0.00 9.509      0.00    0.00    0.00    0.00    0.00
OF1269.7 -0.1122    0.00 9.5089     0.00    0.00    0.00    0.00    0.00
OF1273.0 -0.0901    0.00 9.5089     0.00    0.00    0.00    0.00    0.00
OF1276.2 -0.0681    0.00 9.509      0.00    0.00    0.00    0.00    0.00
OF1279.5 -0.0460    0.00 9.509      0.00    0.00    0.00    0.00    0.00
OF1282.8 -0.0239    0.00 9.5089     0.00    0.00    0.00    0.00    0.00
OF1286.1 -0.0415    0.00 9.5092     0.00    0.00    0.00    0.00    0.00
OF1289.4 -0.3664    0.00 9.511      0.00    0.00    0.00    0.00    0.00
OF1292.6 -0.2604    0.00 9.5106     0.00    0.00    0.00    0.00    0.00
OF1295.9 -0.1797    0.00 9.5102     0.00    0.00    0.00    0.00    0.00
OF1299.2 -0.0989    0.00 9.51       0.00    0.00    0.00    0.00    0.00
OF1302.5 -0.0182    0.00 9.5096     0.00    0.00    0.00    0.00    0.00
IF1305.8 0.06334    0.00 9.5094     0.00    0.00    0.00    0.00    0.00
IF1309.1 0.14536    0.00 9.509      0.00    0.00    0.00    0.00    0.00
IF1312.3 0.22737    0.00 9.5088     0.00    0.00    0.00    0.00    0.00
IF1315.6 0.26241    0.00 9.5088     0.00    0.00    0.00    0.00    0.00
IF1318.9 0.24895    0.00 9.509      0.00    0.00    0.00    0.00    0.00
IF1322.2 0.23079    0.00 9.5094     0.00    0.00    0.00    0.00    0.00
IF1325.5 0.12948    0.00 9.5101     0.00    0.00    0.00    0.00    0.00
IF1328.7 0.02817    0.00 9.5108     0.00    0.00    0.00    0.00    0.00
IF1332.0 0.02979    0.00 9.5109     0.00    0.00    0.00    0.00    0.00
IF1335.3 0.15089    0.00 9.5103     0.00    0.00    0.00    0.00    0.00
IF1338.6 0.26739    0.00 9.51       0.00    0.00    0.00    0.00    0.00
IF1341.9 0.20011    0.00 9.5105     0.00    0.00    0.00    0.00    0.00
IF1345.1 0.13284    0.00 9.511      0.00    0.00    0.00    0.00    0.00
IF1348.4 0.2031     0.00 9.5108     0.00    0.00    0.00    0.00    0.00
IF1351.7 0.30388    0.00 9.5103     0.00    0.00    0.00    0.00    0.00
IF1355.0 0.16036    0.00 9.5113     0.00    0.00    0.00    0.00    0.00
IF1358.3 0.20691    0.00 9.5111     0.00    0.00    0.00    0.00    0.00
IF1361.5 0.28892    0.00 9.5109     0.00    0.00    0.00    0.00    0.00
IF1364.8 0.37093    0.00 9.5106     0.00    0.00    0.00    0.00    0.00
IF1368.1 0.35186    0.00 9.511      0.00    0.00    0.00    0.00    0.00
IF1371.4 0.27651    0.00 9.5115     0.00    0.00    0.00    0.00    0.00
IF1374.7 0.20117    0.00 9.5122     0.00    0.00    0.00    0.00    0.00
IF1377.9 0.32808    0.00 9.5117     0.00    0.00    0.00    0.00    0.00
IF1381.2 0.59304    0.00 9.5104     0.00    0.00    0.00    0.00    0.00
IF1384.5 0.62221    0.00 9.5104     0.00    0.00    0.00    0.00    0.00
IF1387.8 0.5991     0.00 9.5107     0.00    0.00    0.00    0.00    0.00
IF1391.1 0.87896    0.00 9.5094     0.00    0.00    0.00    0.00    0.00
IF1394.4 0.91048    0.00 9.5096     0.00    0.00    0.00    0.00    0.00
IF1397.6 0.84424    0.00 9.5103     0.00    0.00    0.00    0.00    0.00
IF1400.9 0.87961    0.00 9.5105     0.00    0.00    0.00    0.00    0.00
IF1404.2 0.95137    0.00 9.5104     0.00    0.00    0.00    0.00    0.00
IF1407.5 1.0231     0.00 9.5104     0.00    0.00    0.00    0.00    0.00
IF1410.8 1.0878     0.00 9.5104     0.00    0.00    0.00    0.00    0.00
IF1414.0 1.1523     0.00 9.5104     0.00    0.00    0.00    0.00    0.00
IF1417.3 1.2169     0.00 9.5104     0.00    0.00    0.00    0.00    0.00
IF1420.6 1.2683     0.00 9.5105     0.00    0.00    0.00    0.00    0.00
IF1423.9 1.319      0.00 9.5108     0.00    0.00    0.00    0.00    0.00
IF1427.2 1.3786     0.00 9.5109     0.00    0.00    0.00    0.00    0.00
IF1430.4 1.4546     0.00 9.5107     0.00    0.00    0.00    0.00    0.00
IF1433.7 1.5306     0.00 9.5109     0.00    0.00    0.00    0.00    0.00
IF1437.0 1.5926     0.00 9.5111     0.00    0.00    0.00    0.00    0.00
IF1440.3 1.6504     0.00 9.5113     0.00    0.00    0.00    0.00    0.00
IF1443.6 1.7081     0.00 9.5118     0.00    0.00    0.00    0.00    0.00
IF1446.8 1.8173     0.00 9.5116     0.00    0.00    0.00    0.00    0.00
IF1450.1 2.0003     0.00 9.5111     0.00    0.00    0.00    0.00    0.00
IF1453.4 2.1833     0.00 9.5105     0.00    0.00    0.00    0.00    0.00
IF1456.7 2.2831     0.00 9.5109     0.00    0.00    0.00    0.00    0.00
IF1460.0 2.237      0.00 9.5128     0.00    0.00    0.00    0.00    0.00
IF1463.3 2.2442     0.00 9.5137     0.00    0.00    0.00    0.00    0.00
IF1466.5 2.4308     0.00 9.5135     0.00    0.00    0.00    0.00    0.00
IF1469.8 2.6173     0.00 9.5131     0.00    0.00    0.00    0.00    0.00
IF1473.1 2.7675     0.00 9.5133     0.00    0.00    0.00    0.00    0.00
IF1476.4 2.9155     0.00 9.5139     0.00    0.00    0.00    0.00    0.00
IF1479.7 3.2061     0.00 9.5131     0.00    0.00    0.00    0.00    0.00
IF1482.9 3.6367     0.00 9.5111     0.00    0.00    0.00    0.00    0.00
IF1486.2 3.7361     0.00 9.514      0.00    0.00    0.00    0.00    0.00
IF1489.5 3.9729     0.00 9.5155     0.00    0.00    0.00    0.00    0.00
IF1492.8 4.2603     0.00 9.5167     0.00    0.00    0.00    0.00    0.00
IF1496.1 4.5025     0.00 9.5198     0.00    0.00    0.00    0.00    0.00
IF1499.3 4.7446     0.00 9.5233     0.00    0.00    0.00    0.00    0.00
IF1502.6 5.0287     0.00 9.5274     0.00    0.00    0.00    0.00    0.00
IF1505.9 5.3233     0.00 9.5331     0.00    0.00    0.00    0.00    0.00
IF1509.2 5.6179     0.00 9.5412     0.00    0.00    0.00    0.00    0.00
IF1512.5 6.1974     0.00 9.5447     0.00    0.00    0.00    0.00    0.00
IF1515.7 6.7769     0.00 9.5553     0.00    0.00    0.00    0.00    0.00
IF1519.0 6.9787     0.00 9.5877     0.00    0.00    0.00    0.00    0.00
IF1522.3 7.1805     0.00 9.62       0.00    0.00    0.00    0.00    0.00
IF1525.6 7.3281     0.00 9.6527     0.00    0.00    0.00    0.00    0.00
IF1528.9 7.4447     0.00 9.6862     0.00    0.00    0.00    0.00    0.00
IF1532.1 7.5613     0.00 9.7116     0.00    0.00    0.00    0.00    0.00
IF1535.4 7.678      0.00 9.7341     0.00    0.00    0.00    0.00    0.00
IF1538.7 9.5        0.00 9.9686     0.00    0.00    0.00    0.00    0.00
IF1539.5 9.9686     0.00 9.9686     0.00    0.00    0.00    0.00    0.00
AS1688.0 9.6379     0.00 9.6379     0.00    0.00    0.00    0.00    0.00
IF1690.0 9.4226     0.00 9.6379     0.00    0.00    0.00    0.00    0.00
IF1697.5 9.1896     0.00 9.6379     0.00    0.00    0.00    0.00    0.00
IF1707.0 9.2552     0.00 9.6379     0.00    0.00    0.00    0.00    0.00
IF1711.5 9.4193     0.00 9.6379     0.00    0.00    0.00    0.00    0.00
IF1715.5 9.3209     0.00 9.6379     0.00    0.00    0.00    0.00    0.00
IF1721.5 8.8615     0.00 9.6379     0.00    0.00    0.00    0.00    0.00
IF1728.7 9.6379     0.00 9.6379     0.00    0.00    0.00    0.00    0.00
AS1734.3 9.6379     0.00 9.6379     0.00    0.00    0.00    0.00    0.00
IF1738.5 9.1864     0.00 9.6379     0.00    0.00    0.00    0.00    0.00
IF1751.0 9.2848     0.00 9.6379     0.00    0.00    0.00    0.00    0.00
IF1763.0 9.1568     0.00 9.6379     0.00    0.00    0.00    0.00    0.00
IF1774.0 8.8911     0.00 9.6379     0.00    0.00    0.00    0.00    0.00
IF1788.0 9.5144     0.00 9.6379     0.00    0.00    0.00    0.00    0.00
IF1796.0 9.3504     0.00 9.6379     0.00    0.00    0.00    0.00    0.00
IF1798.7 9.6379     0.00 9.6379     0.00    0.00    0.00    0.00    0.00
AS1816.8 9.6379     0.00 9.6379     0.00    0.00    0.00    0.00    0.00
IF1819.0 9.4816     0.00 9.6379     0.00    0.00    0.00    0.00    0.00
IF1821.7 9.6379     0.00 9.6379     0.00    0.00    0.00    0.00    0.00
AS1882.2 9.6379     0.00 9.6379     0.00    0.00    0.00    0.00    0.00
IF1885.0 9.4554     0.00 9.6379     0.00    0.00    0.00    0.00    0.00
IF1887.1 9.6379     0.00 9.6379     0.00    0.00    0.00    0.00    0.00
AS1911.9 9.6379     0.00 9.6379     0.00    0.00    0.00    0.00    0.00
IF1912.5 9.6129     0.00 9.6379     0.00    0.00    0.00    0.00    0.00
IF1922.5 9.0584     0.00 9.6379     0.00    0.00    0.00    0.00    0.00
IF1933.0 9.4193     0.00 9.6379     0.00    0.00    0.00    0.00    0.00
IF1936.2 9.6379     0.00 9.6379     0.00    0.00    0.00    0.00    0.00
AS1956.9 9.6379     0.00 9.6379     0.00    0.00    0.00    0.00    0.00
IF1961.0 9.3865     0.00 9.6379     0.00    0.00    0.00    0.00    0.00
IF1968.0 9.6379     0.00 9.6379     0.00    0.00    0.00    0.00    0.00
AS1983.9 9.6379     0.00 9.6379     0.00    0.00    0.00    0.00    0.00
IF2004.5 8.6745     0.00 9.6379     0.00    0.00    0.00    0.00    0.00
IF2027.0 9.3602     0.00 9.6379     0.00    0.00    0.00    0.00    0.00
IF2042.0 8.9993     0.00 9.6379     0.00    0.00    0.00    0.00    0.00
IF2058.0 8.9895     0.00 9.6379     0.00    0.00    0.00    0.00    0.00
IF2065.2 9.6379     0.00 9.6379     0.00    0.00    0.00    0.00    0.00
AS2085.6 9.6379     0.00 9.6379     0.00    0.00    0.00    0.00    0.00
IF2088.0 9.4259     0.00 9.6379     0.00    0.00    0.00    0.00    0.00
IF2092.0 9.6379     0.00 9.6379     0.00    0.00    0.00    0.00    0.00
AS2106.6 9.6379     0.00 9.6379     0.00    0.00    0.00    0.00    0.00
IF2109.0 9.5899     0.00 9.6379     0.00    0.00    0.00    0.00    0.00
IF2120.5 9.0354     0.00 9.6379     0.00    0.00    0.00    0.00    0.00
IF2128.0 8.2808     0.00 9.6379     0.00    0.00    0.00    0.00    0.00
IF2142.0 8.1365     0.00 9.6379     0.00    0.00    0.00    0.00    0.00
IF2160.5 8.4318     0.00 9.6379     0.00    0.00    0.00    0.00    0.00
IF2174.3 9.6379     0.00 9.6379     0.00    0.00    0.00    0.00    0.00
AS2182.7 9.5977     0.00 9.5977     0.00    0.00    0.00    0.00    0.00
IF2198.0 8.1135     0.00 9.5977     0.00    0.00    0.00    0.00    0.00
IF2205.0 8.6056     0.00 9.5977     0.00    0.00    0.00    0.00    0.00
IF2207.0 8.5761     0.00 9.5977     0.00    0.00    0.00    0.00    0.00
IF2217.5 8.3005     0.00 9.5977     0.00    0.00    0.00    0.00    0.00
IF2232.5 8.727      0.00 9.5982     0.00    0.00    0.00    0.00    0.00
IF2239.0 6.7585     0.00 9.5984     0.00    0.00    0.00    0.00    0.00
IF2242.0 7.3491     0.00 9.5986     0.00    0.00    0.00    0.00    0.00
IF2250.0 7.7756     0.00 9.5988     0.00    0.00    0.00    0.00    0.00
IF2262.0 6.5945     0.00 9.5993     0.00    0.00    0.00    0.00    0.00
IF2269.5 6.2041     0.00 9.5996     0.00    0.00    0.00    0.00    0.00
IF2280.0 5.9711     0.00 9.5999     0.00    0.00    0.00    0.00    0.00
IF2288.0 5.6759     0.00 9.6002     0.00    0.00    0.00    0.00    0.00
IF2290.5 5.8071     0.00 9.6003     0.00    0.00    0.00    0.00    0.00
IF2297.5 5.5774     0.00 9.6006     0.00    0.00    0.00    0.00    0.00
IF2307.5 5.6102     0.00 9.6009     0.00    0.00    0.00    0.00    0.00
IF2315.5 5.3806     0.00 9.601      0.00    0.00    0.00    0.00    0.00
IF2321.0 5.2165     0.00 9.6011     0.00    0.00    0.00    0.00    0.00
IF2327.5 5.1509     0.00 9.6011     0.00    0.00    0.00    0.00    0.00
IF2337.0 4.9541     0.00 9.6012     0.00    0.00    0.00    0.00    0.00
IF2345.5 4.8556     0.00 9.6014     0.00    0.00    0.00    0.00    0.00
IF2354.0 4.626      0.00 9.6016     0.00    0.00    0.00    0.00    0.00
IF2367.0 4.8228     0.00 9.6017     0.00    0.00    0.00    0.00    0.00
IF2375.0 5.0197     0.00 9.6017     0.00    0.00    0.00    0.00    0.00
IF2377.0 4.6588     0.00 9.6017     0.00    0.00    0.00    0.00    0.00
IF2382.5 4.6916     0.00 9.6018     0.00    0.00    0.00    0.00    0.00
IF2390.5 4.7244     0.00 9.6018     0.00    0.00    0.00    0.00    0.00
IF2396.5 4.6588     0.00 9.6018     0.00    0.00    0.00    0.00    0.00
IF2401.0 4.4291     0.00 9.6019     0.00    0.00    0.00    0.00    0.00
IF2406.0 4.4619     0.00 9.6019     0.00    0.00    0.00    0.00    0.00
IF2413.0 4.3307     0.00 9.6019     0.00    0.00    0.00    0.00    0.00
IF2419.5 4.626      0.00 9.6019     0.00    0.00    0.00    0.00    0.00
IF2426.5 4.1995     0.00 9.602      0.00    0.00    0.00    0.00    0.00
IF2431.0 4.0354     0.00 9.602      0.00    0.00    0.00    0.00    0.00
IF2436.0 4.0682     0.00 9.602      0.00    0.00    0.00    0.00    0.00
IF2443.0 4.1995     0.00 9.6021     0.00    0.00    0.00    0.00    0.00
IF2447.0 3.0184     0.00 9.6022     0.00    0.00    0.00    0.00    0.00
IF2449.0 4.101      0.00 9.6022     0.00    0.00    0.00    0.00    0.00
IF2452.5 4.2323     0.00 9.6024     0.00    0.00    0.00    0.00    0.00
IF2459.0 4.1339     0.00 9.6026     0.00    0.00    0.00    0.00    0.00
IF2464.5 4.0026     0.00 9.6028     0.00    0.00    0.00    0.00    0.00
IF2469.5 3.3136     0.00 9.603      0.00    0.00    0.00    0.00    0.00
IF2473.5 4.3307     0.00 9.6032     0.00    0.00    0.00    0.00    0.00
IF2480.0 3.5761     0.00 9.6034     0.00    0.00    0.00    0.00    0.00
IF2491.5 3.1824     0.00 9.6039     0.00    0.00    0.00    0.00    0.00
IF2499.0 4.3963     0.00 9.6042     0.00    0.00    0.00    0.00    0.00
IF2504.5 2.4606     0.00 9.6044     0.00    0.00    0.00    0.00    0.00
IF2511.0 2.8871     0.00 9.6046     0.00    0.00    0.00    0.00    0.00
IF2515.5 2.5262     0.00 9.6048     0.00    0.00    0.00    0.00    0.00
IF2525.5 2.1982     0.00 9.6052     0.00    0.00    0.00    0.00    0.00
OF2554.0 -0.4626    0.00 9.6064     0.00    0.00    0.00    0.00    0.00
IF2556.5 4.0978     0.00 9.6065     0.00    0.00    0.00    0.00    0.00
IF2562.0 1.2434     0.00 9.6068     0.00    0.00    0.00    0.00    0.00
IF2567.0 4.4259     0.00 9.607      0.00    0.00    0.00    0.00    0.00
OF2677.0 -1.3451    0.00 9.611      0.00    0.00    0.00    0.00    0.00
OF2721.0 -5.0154    0.00 9.6113     0.00    0.00    0.00    0.00    0.00
OF2722.0 -5.1389    0.00 9.6113     0.00    0.00    0.00    0.00    0.00
OF2723.0 -5.2623    0.00 9.6113     0.00    0.00    0.00    0.00    0.00
OF2746.0 -5.4255    0.00 9.6115     0.00    0.00    0.00    0.00    0.00
OF2747.0 -5.4257    0.00 9.6115     0.00    0.00    0.00    0.00    0.00
OF2748.0 -5.426     0.00 9.6115     0.00    0.00    0.00    0.00    0.00
OF2749.0 -5.4262    0.00 9.6115     0.00    0.00    0.00    0.00    0.00
OF2750.0 -5.4265    0.00 9.6115     0.00    0.00    0.00    0.00    0.00
OF2751.0 -5.4268    0.00 9.6115     0.00    0.00    0.00    0.00    0.00
OF2752.0 -5.427     0.00 9.6115     0.00    0.00    0.00    0.00    0.00
OF2753.0 -5.4273    0.00 9.6115     0.00    0.00    0.00    0.00    0.00
OF2754.0 -5.4275    0.00 9.6115     0.00    0.00    0.00    0.00    0.00
OF2755.0 -5.4278    0.00 9.6115     0.00    0.00    0.00    0.00    0.00
OF2756.0 -5.428     0.00 9.6115     0.00    0.00    0.00    0.00    0.00
OF2757.0 -5.4283    0.00 9.6115     0.00    0.00    0.00    0.00    0.00
OF2758.0 -5.4286    0.00 9.6115     0.00    0.00    0.00    0.00    0.00
OF2759.0 -5.4288    0.00 9.6115     0.00    0.00    0.00    0.00    0.00
OF2760.0 -5.4291    0.00 9.6115     0.00    0.00    0.00    0.00    0.00
OF2761.0 -5.4293    0.00 9.6115     0.00    0.00    0.00    0.00    0.00
OF2762.0 -5.4296    0.00 9.6115     0.00    0.00    0.00    0.00    0.00
OF2763.0 -5.4298    0.00 9.6116     0.00    0.00    0.00    0.00    0.00
OF2764.0 -5.4301    0.00 9.6116     0.00    0.00    0.00    0.00    0.00
OF2765.0 -5.4303    0.00 9.6116     0.00    0.00    0.00    0.00    0.00
OF2766.0 -5.4306    0.00 9.6116     0.00    0.00    0.00    0.00    0.00
OF2767.0 -5.4307    0.00 9.6116     0.00    0.00    0.00    0.00    0.00
OF2768.0 -5.4307    0.00 9.6116     0.00    0.00    0.00    0.00    0.00
OF2769.0 -5.4308    0.00 9.6116     0.00    0.00    0.00    0.00    0.00
OF2770.0 -5.4308    0.00 9.6116     0.00    0.00    0.00    0.00    0.00
OF2771.0 -5.4308    0.00 9.6116     0.00    0.00    0.00    0.00    0.00
OF2772.0 -5.4308    0.00 9.6116     0.00    0.00    0.00    0.00    0.00
OF2773.0 -5.4309    0.00 9.6116     0.00    0.00    0.00    0.00    0.00
OF2774.0 -5.4309    0.00 9.6116     0.00    0.00    0.00    0.00    0.00
OF2775.0 -5.4309    0.00 9.6116     0.00    0.00    0.00    0.00    0.00
OF2776.0 -5.4309    0.00 9.6116     0.00    0.00    0.00    0.00    0.00
OF2777.0 -5.431     0.00 9.6116     0.00    0.00    0.00    0.00    0.00
OF2778.0 -5.431     0.00 9.6116     0.00    0.00    0.00    0.00    0.00
OF2779.0 -5.431     0.00 9.6116     0.00    0.00    0.00    0.00    0.00
OF2780.0 -5.431     0.00 9.6116     0.00    0.00    0.00    0.00    0.00
OF2781.0 -5.4311    0.00 9.6116     0.00    0.00    0.00    0.00    0.00
OF2782.0 -5.4311    0.00 9.6116     0.00    0.00    0.00    0.00    0.00
OF2783.0 -5.4311    0.00 9.6116     0.00    0.00    0.00    0.00    0.00
OF2784.0 -5.4311    0.00 9.6116     0.00    0.00    0.00    0.00    0.00
OF2785.0 -5.4312    0.00 9.6116     0.00    0.00    0.00    0.00    0.00
OF2786.0 -5.4312    0.00 9.6116     0.00    0.00    0.00    0.00    0.00
OF2787.0 -5.4312    0.00 9.6116     0.00    0.00    0.00    0.00    0.00
OF2788.0 -5.4312    0.00 9.6116     0.00    0.00    0.00    0.00    0.00
OF2789.0 -5.4313    0.00 9.6116     0.00    0.00    0.00    0.00    0.00
OF2790.0 -5.4313    0.00 9.6116     0.00    0.00    0.00    0.00    0.00
OF2791.0 -5.4313    0.00 9.6116     0.00    0.00    0.00    0.00    0.00
OF2792.0 -5.4313    0.00 9.6116     0.00    0.00    0.00    0.00    0.00
OF2793.0 -5.4314    0.00 9.6116     0.00    0.00    0.00    0.00    0.00
OF2794.0 -5.4314    0.00 9.6116     0.00    0.00    0.00    0.00    0.00
OF2795.0 -5.4314    0.00 9.6116     0.00    0.00    0.00    0.00    0.00
OF2796.0 -5.4314    0.00 9.6116     0.00    0.00    0.00    0.00    0.00
OF2797.0 -5.4314    0.00 9.6116     0.00    0.00    0.00    0.00    0.00
OF2798.0 -5.4315    0.00 9.6116     0.00    0.00    0.00    0.00    0.00
OF2800.0 -5.4315    0.00 9.6116     0.00    0.00    0.00    0.00    0.00
OF2801.0 -5.3545    0.00 9.6117     0.00    0.00    0.00    0.00    0.00
OF2803.0 -5.1124    0.00 9.6117     0.00    0.00    0.00    0.00    0.00
OF2804.0 -4.991     0.00 9.6117     0.00    0.00    0.00    0.00    0.00
OF2806.0 -4.7486    0.00 9.6118     0.00    0.00    0.00    0.00    0.00
OF2807.0 -4.6278    0.00 9.6118     0.00    0.00    0.00    0.00    0.00
OF2809.0 -4.3851    0.00 9.6118     0.00    0.00    0.00    0.00    0.00
OF2810.0 -4.264     0.00 9.6119     0.00    0.00    0.00    0.00    0.00
OF2812.0 -4.0219    0.00 9.6119     0.00    0.00    0.00    0.00    0.00
OF2813.0 -3.9005    0.00 9.6119     0.00    0.00    0.00    0.00    0.00
OF2818.0 -3.2946    0.00 9.612      0.00    0.00    0.00    0.00    0.00
OF2819.0 -3.1737    0.00 9.6121     0.00    0.00    0.00    0.00    0.00
OF2822.0 -2.81      0.00 9.6121     0.00    0.00    0.00    0.00    0.00
OF2824.0 -2.5679    0.00 9.6122     0.00    0.00    0.00    0.00    0.00
OF2831.0 -1.7197    0.00 9.6123     0.00    0.00    0.00    0.00    0.00
OF2845.0 -0.0233    0.00 9.6126     0.00    0.00    0.00    0.00    0.00
OF2854.5 -1.8077    0.00 9.6128     0.00    0.00    0.00    0.00    0.00
IF2885.0 3.8025     0.00 9.6136     0.00    0.00    0.00    0.00    0.00
IF2897.5 4.393      0.00 9.6139     0.00    0.00    0.00    0.00    0.00
IF2903.5 4.2618     0.00 9.614      0.00    0.00    0.00    0.00    0.00
IF2911.5 4.5243     0.00 9.6142     0.00    0.00    0.00    0.00    0.00
IF2920.5 4.4619     0.00 9.6145     0.00    0.00    0.00    0.00    0.00
IF2931.5 4.4291     0.00 9.6148     0.00    0.00    0.00    0.00    0.00
IF2938.5 4.6916     0.00 9.6151     0.00    0.00    0.00    0.00    0.00
IF2942.5 4.3963     0.00 9.6152     0.00    0.00    0.00    0.00    0.00
IF2951.5 4.4619     0.00 9.6155     0.00    0.00    0.00    0.00    0.00
IF2961.5 4.8228     0.00 9.6159     0.00    0.00    0.00    0.00    0.00
IF2969.0 4.3307     0.00 9.6162     0.00    0.00    0.00    0.00    0.00
IF2979.5 4.1339     0.00 9.6165     0.00    0.00    0.00    0.00    0.00
IF2988.0 4.4948     0.00 9.6168     0.00    0.00    0.00    0.00    0.00
IF2991.0 4.5932     0.00 9.617      0.00    0.00    0.00    0.00    0.00
IF3001.0 4.4948     0.00 9.6173     0.00    0.00    0.00    0.00    0.00
IF3012.5 4.5932     0.00 9.6176     0.00    0.00    0.00    0.00    0.00
IF3020.0 4.626      0.00 9.6179     0.00    0.00    0.00    0.00    0.00
IF3028.0 4.4619     0.00 9.6181     0.00    0.00    0.00    0.00    0.00
IF3037.5 4.4291     0.00 9.6184     0.00    0.00    0.00    0.00    0.00
IF3045.0 4.5276     0.00 9.6187     0.00    0.00    0.00    0.00    0.00
IF3052.0 4.0682     0.00 9.6189     0.00    0.00    0.00    0.00    0.00
IF3061.5 4.8228     0.00 9.6191     0.00    0.00    0.00    0.00    0.00
IF3070.0 4.6588     0.00 9.6191     0.00    0.00    0.00    0.00    0.00
IF3080.0 4.6916     0.00 9.6191     0.00    0.00    0.00    0.00    0.00
IF3091.0 4.8885     0.00 9.6191     0.00    0.00    0.00    0.00    0.00
IF3102.0 4.8556     0.00 9.6191     0.00    0.00    0.00    0.00    0.00
IF3111.5 4.8196     0.00 9.6192     0.00    0.00    0.00    0.00    0.00
IF3118.0 4.5899     0.00 9.6193     0.00    0.00    0.00    0.00    0.00
IF3128.5 4.9508     0.00 9.6196     0.00    0.00    0.00    0.00    0.00
IF3140.7 9.6196     0.00 9.6196     0.00    0.00    0.00    0.00    0.00
AS3158.4 9.6199     0.00 9.6199     0.00    0.00    0.00    0.00    0.00
IF3164.5 9.0748     0.00 9.6199     0.00    0.00    0.00    0.00    0.00
IF3177.0 9.2388     0.00 9.6199     0.00    0.00    0.00    0.00    0.00
IF3188.0 9.6199     0.00 9.6199     0.00    0.00    0.00    0.00    0.00
PS START(384861.9271,4804904.6659)
PS END(384040.4609,4805779.4928)
ET
 
 
 
