header
IE0.0    -28.592       1       1 8.8306  30.2871 14.3487   56.14   56.14
OF2.0    -28.592    0.00 8.8307     0.00    0.00    0.00    0.00    0.00
OF3.3    -28.592    0.00 8.8317     0.00    0.00    0.00    0.00    0.00
OF6.6    -28.592    0.00 8.8327     0.00    0.00    0.00    0.00    0.00
OF9.8    -28.592    0.00 8.8338     0.00    0.00    0.00    0.00    0.00
OF13.1   -28.592    0.00 8.8349     0.00    0.00    0.00    0.00    0.00
OF16.4   -28.592    0.00 8.8361     0.00    0.00    0.00    0.00    0.00
OF19.7   -28.592    0.00 8.8372     0.00    0.00    0.00    0.00    0.00
OF23.0   -28.592    0.00 8.8384     0.00    0.00    0.00    0.00    0.00
OF26.2   -28.593    0.00 8.8395     0.00    0.00    0.00    0.00    0.00
OF29.5   -28.593    0.00 8.8407     0.00    0.00    0.00    0.00    0.00
OF32.8   -28.587    0.00 8.8419     0.00    0.00    0.00    0.00    0.00
OF36.1   -28.550    0.00 8.8426     0.00    0.00    0.00    0.00    0.00
OF39.4   -28.512    0.00 8.8436     0.00    0.00    0.00    0.00    0.00
OF42.7   -28.474    0.00 8.8446     0.00    0.00    0.00    0.00    0.00
OF45.9   -28.436    0.00 8.8456     0.00    0.00    0.00    0.00    0.00
OF49.2   -28.399    0.00 8.8466     0.00    0.00    0.00    0.00    0.00
OF52.5   -28.361    0.00 8.8477     0.00    0.00    0.00    0.00    0.00
OF55.8   -28.323    0.00 8.8485     0.00    0.00    0.00    0.00    0.00
OF59.1   -28.285    0.00 8.8496     0.00    0.00    0.00    0.00    0.00
OF62.3   -28.248    0.00 8.8507     0.00    0.00    0.00    0.00    0.00
OF65.6   -28.210    0.00 8.8518     0.00    0.00    0.00    0.00    0.00
OF68.9   -28.172    0.00 8.8529     0.00    0.00    0.00    0.00    0.00
OF72.2   -28.134    0.00 8.854      0.00    0.00    0.00    0.00    0.00
OF75.5   -28.096    0.00 8.8552     0.00    0.00    0.00    0.00    0.00
OF78.7   -28.059    0.00 8.8561     0.00    0.00    0.00    0.00    0.00
OF82.0   -28.018    0.00 8.8572     0.00    0.00    0.00    0.00    0.00
OF85.3   -27.972    0.00 8.8584     0.00    0.00    0.00    0.00    0.00
OF88.6   -27.925    0.00 8.8594     0.00    0.00    0.00    0.00    0.00
OF91.9   -27.879    0.00 8.8606     0.00    0.00    0.00    0.00    0.00
OF95.1   -27.833    0.00 8.8618     0.00    0.00    0.00    0.00    0.00
OF98.4   -27.787    0.00 8.8627     0.00    0.00    0.00    0.00    0.00
OF101.7  -27.740    0.00 8.864      0.00    0.00    0.00    0.00    0.00
OF105.0  -27.694    0.00 8.865      0.00    0.00    0.00    0.00    0.00
OF108.3  -27.648    0.00 8.8662     0.00    0.00    0.00    0.00    0.00
OF111.5  -27.602    0.00 8.8672     0.00    0.00    0.00    0.00    0.00
OF114.8  -27.555    0.00 8.8685     0.00    0.00    0.00    0.00    0.00
OF118.1  -27.509    0.00 8.8698     0.00    0.00    0.00    0.00    0.00
OF121.4  -27.463    0.00 8.8708     0.00    0.00    0.00    0.00    0.00
OF124.7  -27.416    0.00 8.8721     0.00    0.00    0.00    0.00    0.00
OF128.0  -27.370    0.00 8.8732     0.00    0.00    0.00    0.00    0.00
OF131.2  -27.324    0.00 8.8745     0.00    0.00    0.00    0.00    0.00
OF134.5  -27.278    0.00 8.8758     0.00    0.00    0.00    0.00    0.00
OF137.8  -27.231    0.00 8.8768     0.00    0.00    0.00    0.00    0.00
OF141.1  -27.185    0.00 8.8782     0.00    0.00    0.00    0.00    0.00
OF144.4  -27.139    0.00 8.8792     0.00    0.00    0.00    0.00    0.00
OF147.6  -27.092    0.00 8.8806     0.00    0.00    0.00    0.00    0.00
OF150.9  -27.046    0.00 8.8819     0.00    0.00    0.00    0.00    0.00
OF154.2  -27.000    0.00 8.883      0.00    0.00    0.00    0.00    0.00
OF157.5  -26.954    0.00 8.8843     0.00    0.00    0.00    0.00    0.00
OF160.8  -26.907    0.00 8.8854     0.00    0.00    0.00    0.00    0.00
OF164.0  -26.861    0.00 8.8868     0.00    0.00    0.00    0.00    0.00
OF167.3  -26.815    0.00 8.8879     0.00    0.00    0.00    0.00    0.00
OF170.6  -26.768    0.00 8.8893     0.00    0.00    0.00    0.00    0.00
OF173.9  -26.722    0.00 8.8906     0.00    0.00    0.00    0.00    0.00
OF177.2  -26.682    0.00 8.8917     0.00    0.00    0.00    0.00    0.00
OF180.4  -26.647    0.00 8.8931     0.00    0.00    0.00    0.00    0.00
OF183.7  -26.613    0.00 8.8945     0.00    0.00    0.00    0.00    0.00
OF187.0  -26.578    0.00 8.8958     0.00    0.00    0.00    0.00    0.00
OF190.3  -26.544    0.00 8.8972     0.00    0.00    0.00    0.00    0.00
OF193.6  -26.509    0.00 8.8986     0.00    0.00    0.00    0.00    0.00
OF196.8  -26.474    0.00 8.8999     0.00    0.00    0.00    0.00    0.00
OF200.1  -26.440    0.00 8.9013     0.00    0.00    0.00    0.00    0.00
OF203.4  -26.405    0.00 8.9027     0.00    0.00    0.00    0.00    0.00
OF206.7  -26.371    0.00 8.904      0.00    0.00    0.00    0.00    0.00
OF210.0  -26.336    0.00 8.9054     0.00    0.00    0.00    0.00    0.00
OF213.3  -26.301    0.00 8.9067     0.00    0.00    0.00    0.00    0.00
OF216.5  -26.267    0.00 8.9081     0.00    0.00    0.00    0.00    0.00
OF219.8  -26.232    0.00 8.9094     0.00    0.00    0.00    0.00    0.00
OF223.1  -26.198    0.00 8.9108     0.00    0.00    0.00    0.00    0.00
OF226.4  -26.163    0.00 8.9121     0.00    0.00    0.00    0.00    0.00
OF229.7  -26.128    0.00 8.9135     0.00    0.00    0.00    0.00    0.00
OF232.9  -26.094    0.00 8.9148     0.00    0.00    0.00    0.00    0.00
OF236.2  -26.059    0.00 8.9159     0.00    0.00    0.00    0.00    0.00
OF239.5  -26.025    0.00 8.9173     0.00    0.00    0.00    0.00    0.00
OF242.8  -25.990    0.00 8.9187     0.00    0.00    0.00    0.00    0.00
OF246.1  -25.955    0.00 8.92       0.00    0.00    0.00    0.00    0.00
OF249.3  -25.921    0.00 8.9214     0.00    0.00    0.00    0.00    0.00
OF252.6  -25.886    0.00 8.9228     0.00    0.00    0.00    0.00    0.00
OF255.9  -25.851    0.00 8.9242     0.00    0.00    0.00    0.00    0.00
OF259.2  -25.817    0.00 8.9255     0.00    0.00    0.00    0.00    0.00
OF262.5  -25.782    0.00 8.9269     0.00    0.00    0.00    0.00    0.00
OF265.7  -25.748    0.00 8.9283     0.00    0.00    0.00    0.00    0.00
OF269.0  -25.713    0.00 8.9296     0.00    0.00    0.00    0.00    0.00
OF272.3  -25.678    0.00 8.931      0.00    0.00    0.00    0.00    0.00
OF275.6  -25.644    0.00 8.9323     0.00    0.00    0.00    0.00    0.00
OF278.9  -25.609    0.00 8.9337     0.00    0.00    0.00    0.00    0.00
OF282.2  -25.575    0.00 8.9351     0.00    0.00    0.00    0.00    0.00
OF285.4  -25.540    0.00 8.9364     0.00    0.00    0.00    0.00    0.00
OF288.7  -25.505    0.00 8.9378     0.00    0.00    0.00    0.00    0.00
OF292.0  -25.471    0.00 8.9392     0.00    0.00    0.00    0.00    0.00
OF295.3  -25.436    0.00 8.9402     0.00    0.00    0.00    0.00    0.00
OF298.6  -25.402    0.00 8.9416     0.00    0.00    0.00    0.00    0.00
OF301.8  -25.367    0.00 8.943      0.00    0.00    0.00    0.00    0.00
OF305.1  -25.332    0.00 8.9444     0.00    0.00    0.00    0.00    0.00
OF308.4  -25.298    0.00 8.9457     0.00    0.00    0.00    0.00    0.00
OF311.7  -25.262    0.00 8.9471     0.00    0.00    0.00    0.00    0.00
OF315.0  -25.227    0.00 8.9485     0.00    0.00    0.00    0.00    0.00
OF318.2  -25.191    0.00 8.9499     0.00    0.00    0.00    0.00    0.00
OF321.5  -25.156    0.00 8.9512     0.00    0.00    0.00    0.00    0.00
OF324.8  -25.120    0.00 8.9526     0.00    0.00    0.00    0.00    0.00
OF328.1  -25.085    0.00 8.954      0.00    0.00    0.00    0.00    0.00
OF331.4  -25.049    0.00 8.9553     0.00    0.00    0.00    0.00    0.00
OF334.6  -25.014    0.00 8.9567     0.00    0.00    0.00    0.00    0.00
OF337.9  -24.978    0.00 8.958      0.00    0.00    0.00    0.00    0.00
OF341.2  -24.943    0.00 8.9591     0.00    0.00    0.00    0.00    0.00
OF344.5  -24.913    0.00 8.9607     0.00    0.00    0.00    0.00    0.00
OF347.8  -24.882    0.00 8.9621     0.00    0.00    0.00    0.00    0.00
OF351.0  -24.851    0.00 8.9634     0.00    0.00    0.00    0.00    0.00
OF354.3  -24.821    0.00 8.9647     0.00    0.00    0.00    0.00    0.00
OF357.6  -24.790    0.00 8.966      0.00    0.00    0.00    0.00    0.00
OF360.9  -24.76     0.00 8.9674     0.00    0.00    0.00    0.00    0.00
OF364.2  -24.729    0.00 8.9687     0.00    0.00    0.00    0.00    0.00
OF367.5  -24.698    0.00 8.97       0.00    0.00    0.00    0.00    0.00
OF370.7  -24.668    0.00 8.9713     0.00    0.00    0.00    0.00    0.00
OF374.0  -24.637    0.00 8.9726     0.00    0.00    0.00    0.00    0.00
OF377.3  -24.606    0.00 8.9739     0.00    0.00    0.00    0.00    0.00
OF380.6  -24.575    0.00 8.9753     0.00    0.00    0.00    0.00    0.00
OF383.9  -24.544    0.00 8.9766     0.00    0.00    0.00    0.00    0.00
OF387.1  -24.513    0.00 8.9779     0.00    0.00    0.00    0.00    0.00
OF390.4  -24.482    0.00 8.9792     0.00    0.00    0.00    0.00    0.00
OF393.7  -24.451    0.00 8.9805     0.00    0.00    0.00    0.00    0.00
OF397.0  -24.420    0.00 8.9818     0.00    0.00    0.00    0.00    0.00
OF400.3  -24.389    0.00 8.9833     0.00    0.00    0.00    0.00    0.00
OF403.5  -24.357    0.00 8.9846     0.00    0.00    0.00    0.00    0.00
OF406.8  -24.326    0.00 8.9859     0.00    0.00    0.00    0.00    0.00
OF410.1  -24.295    0.00 8.9872     0.00    0.00    0.00    0.00    0.00
OF413.4  -24.264    0.00 8.9884     0.00    0.00    0.00    0.00    0.00
OF416.7  -24.233    0.00 8.9897     0.00    0.00    0.00    0.00    0.00
OF419.9  -24.202    0.00 8.991      0.00    0.00    0.00    0.00    0.00
OF423.2  -24.171    0.00 8.9922     0.00    0.00    0.00    0.00    0.00
OF426.5  -24.139    0.00 8.9935     0.00    0.00    0.00    0.00    0.00
OF429.8  -24.108    0.00 8.9948     0.00    0.00    0.00    0.00    0.00
OF433.1  -24.077    0.00 8.996      0.00    0.00    0.00    0.00    0.00
OF436.4  -24.046    0.00 8.9973     0.00    0.00    0.00    0.00    0.00
OF439.6  -24.015    0.00 8.9985     0.00    0.00    0.00    0.00    0.00
OF442.9  -23.984    0.00 8.9998     0.00    0.00    0.00    0.00    0.00
OF446.2  -23.953    0.00 9.001      0.00    0.00    0.00    0.00    0.00
OF449.5  -23.922    0.00 9.0023     0.00    0.00    0.00    0.00    0.00
OF452.8  -23.890    0.00 9.0035     0.00    0.00    0.00    0.00    0.00
OF456.0  -23.859    0.00 9.0048     0.00    0.00    0.00    0.00    0.00
OF459.3  -23.828    0.00 9.006      0.00    0.00    0.00    0.00    0.00
OF462.6  -23.797    0.00 9.0075     0.00    0.00    0.00    0.00    0.00
OF465.9  -23.766    0.00 9.0088     0.00    0.00    0.00    0.00    0.00
OF469.2  -23.735    0.00 9.01       0.00    0.00    0.00    0.00    0.00
OF472.4  -23.704    0.00 9.0112     0.00    0.00    0.00    0.00    0.00
OF475.7  -23.672    0.00 9.0124     0.00    0.00    0.00    0.00    0.00
OF479.0  -23.641    0.00 9.0136     0.00    0.00    0.00    0.00    0.00
OF482.3  -23.610    0.00 9.0148     0.00    0.00    0.00    0.00    0.00
OF485.6  -23.579    0.00 9.0161     0.00    0.00    0.00    0.00    0.00
OF488.8  -23.548    0.00 9.0173     0.00    0.00    0.00    0.00    0.00
OF492.1  -23.517    0.00 9.0185     0.00    0.00    0.00    0.00    0.00
OF495.4  -23.486    0.00 9.0197     0.00    0.00    0.00    0.00    0.00
OF498.7  -23.454    0.00 9.0209     0.00    0.00    0.00    0.00    0.00
OF502.0  -23.423    0.00 9.0221     0.00    0.00    0.00    0.00    0.00
OF505.2  -23.392    0.00 9.0233     0.00    0.00    0.00    0.00    0.00
OF508.5  -23.360    0.00 9.0245     0.00    0.00    0.00    0.00    0.00
OF511.8  -23.329    0.00 9.0257     0.00    0.00    0.00    0.00    0.00
OF515.1  -23.297    0.00 9.0269     0.00    0.00    0.00    0.00    0.00
OF518.4  -23.266    0.00 9.0281     0.00    0.00    0.00    0.00    0.00
OF521.7  -23.235    0.00 9.0292     0.00    0.00    0.00    0.00    0.00
OF524.9  -23.203    0.00 9.0304     0.00    0.00    0.00    0.00    0.00
OF528.2  -23.172    0.00 9.0316     0.00    0.00    0.00    0.00    0.00
OF531.5  -23.140    0.00 9.0328     0.00    0.00    0.00    0.00    0.00
OF534.8  -23.109    0.00 9.0342     0.00    0.00    0.00    0.00    0.00
OF538.1  -23.078    0.00 9.0354     0.00    0.00    0.00    0.00    0.00
OF541.3  -23.046    0.00 9.0366     0.00    0.00    0.00    0.00    0.00
OF544.6  -23.015    0.00 9.0378     0.00    0.00    0.00    0.00    0.00
OF547.9  -22.983    0.00 9.039      0.00    0.00    0.00    0.00    0.00
OF551.2  -22.952    0.00 9.0401     0.00    0.00    0.00    0.00    0.00
OF554.5  -22.920    0.00 9.0413     0.00    0.00    0.00    0.00    0.00
OF557.7  -22.889    0.00 9.0425     0.00    0.00    0.00    0.00    0.00
OF561.0  -22.858    0.00 9.0436     0.00    0.00    0.00    0.00    0.00
OF564.3  -22.826    0.00 9.0448     0.00    0.00    0.00    0.00    0.00
OF567.6  -22.795    0.00 9.046      0.00    0.00    0.00    0.00    0.00
OF570.9  -22.763    0.00 9.0471     0.00    0.00    0.00    0.00    0.00
OF574.1  -22.732    0.00 9.0483     0.00    0.00    0.00    0.00    0.00
OF577.4  -22.700    0.00 9.0495     0.00    0.00    0.00    0.00    0.00
OF580.7  -22.669    0.00 9.0506     0.00    0.00    0.00    0.00    0.00
OF584.0  -22.638    0.00 9.0518     0.00    0.00    0.00    0.00    0.00
OF587.3  -22.606    0.00 9.053      0.00    0.00    0.00    0.00    0.00
OF590.5  -22.575    0.00 9.0541     0.00    0.00    0.00    0.00    0.00
OF593.8  -22.543    0.00 9.0553     0.00    0.00    0.00    0.00    0.00
OF597.1  -22.511    0.00 9.0564     0.00    0.00    0.00    0.00    0.00
OF600.4  -22.479    0.00 9.0575     0.00    0.00    0.00    0.00    0.00
OF603.7  -22.447    0.00 9.0587     0.00    0.00    0.00    0.00    0.00
OF607.0  -22.414    0.00 9.0598     0.00    0.00    0.00    0.00    0.00
OF610.2  -22.382    0.00 9.0609     0.00    0.00    0.00    0.00    0.00
OF613.5  -22.350    0.00 9.062      0.00    0.00    0.00    0.00    0.00
OF616.8  -22.317    0.00 9.0631     0.00    0.00    0.00    0.00    0.00
OF620.1  -22.285    0.00 9.0643     0.00    0.00    0.00    0.00    0.00
OF623.4  -22.253    0.00 9.0654     0.00    0.00    0.00    0.00    0.00
OF626.6  -22.221    0.00 9.0665     0.00    0.00    0.00    0.00    0.00
OF629.9  -22.189    0.00 9.0676     0.00    0.00    0.00    0.00    0.00
OF633.2  -22.156    0.00 9.0687     0.00    0.00    0.00    0.00    0.00
OF636.5  -22.124    0.00 9.07       0.00    0.00    0.00    0.00    0.00
OF639.8  -22.086    0.00 9.0708     0.00    0.00    0.00    0.00    0.00
OF643.0  -22.044    0.00 9.0719     0.00    0.00    0.00    0.00    0.00
OF646.3  -22.001    0.00 9.073      0.00    0.00    0.00    0.00    0.00
OF649.6  -21.959    0.00 9.0739     0.00    0.00    0.00    0.00    0.00
OF652.9  -21.916    0.00 9.075      0.00    0.00    0.00    0.00    0.00
OF656.2  -21.873    0.00 9.0761     0.00    0.00    0.00    0.00    0.00
OF659.4  -21.831    0.00 9.0772     0.00    0.00    0.00    0.00    0.00
OF662.7  -21.788    0.00 9.078      0.00    0.00    0.00    0.00    0.00
OF666.0  -21.746    0.00 9.0791     0.00    0.00    0.00    0.00    0.00
OF669.3  -21.703    0.00 9.0802     0.00    0.00    0.00    0.00    0.00
OF672.6  -21.660    0.00 9.0811     0.00    0.00    0.00    0.00    0.00
OF675.9  -21.618    0.00 9.0822     0.00    0.00    0.00    0.00    0.00
OF679.1  -21.575    0.00 9.0833     0.00    0.00    0.00    0.00    0.00
OF682.4  -21.533    0.00 9.0841     0.00    0.00    0.00    0.00    0.00
OF685.7  -21.490    0.00 9.0852     0.00    0.00    0.00    0.00    0.00
OF689.0  -21.448    0.00 9.0864     0.00    0.00    0.00    0.00    0.00
OF692.3  -21.405    0.00 9.0875     0.00    0.00    0.00    0.00    0.00
OF695.5  -21.362    0.00 9.0883     0.00    0.00    0.00    0.00    0.00
OF698.8  -21.320    0.00 9.0894     0.00    0.00    0.00    0.00    0.00
OF702.1  -21.28     0.00 9.0905     0.00    0.00    0.00    0.00    0.00
OF705.4  -21.242    0.00 9.0917     0.00    0.00    0.00    0.00    0.00
OF708.7  -21.205    0.00 9.0925     0.00    0.00    0.00    0.00    0.00
OF711.9  -21.167    0.00 9.0936     0.00    0.00    0.00    0.00    0.00
OF715.2  -21.13     0.00 9.0947     0.00    0.00    0.00    0.00    0.00
OF718.5  -21.092    0.00 9.0959     0.00    0.00    0.00    0.00    0.00
OF721.8  -21.055    0.00 9.097      0.00    0.00    0.00    0.00    0.00
OF725.1  -21.017    0.00 9.0981     0.00    0.00    0.00    0.00    0.00
OF728.3  -20.980    0.00 9.0992     0.00    0.00    0.00    0.00    0.00
OF731.6  -20.942    0.00 9.1001     0.00    0.00    0.00    0.00    0.00
OF734.9  -20.905    0.00 9.1012     0.00    0.00    0.00    0.00    0.00
OF738.2  -20.867    0.00 9.1023     0.00    0.00    0.00    0.00    0.00
OF741.5  -20.83     0.00 9.1034     0.00    0.00    0.00    0.00    0.00
OF744.7  -20.792    0.00 9.1045     0.00    0.00    0.00    0.00    0.00
OF748.0  -20.755    0.00 9.1056     0.00    0.00    0.00    0.00    0.00
OF751.3  -20.717    0.00 9.1068     0.00    0.00    0.00    0.00    0.00
OF754.6  -20.680    0.00 9.1076     0.00    0.00    0.00    0.00    0.00
OF757.9  -20.642    0.00 9.1087     0.00    0.00    0.00    0.00    0.00
OF761.2  -20.605    0.00 9.1099     0.00    0.00    0.00    0.00    0.00
OF764.4  -20.567    0.00 9.111      0.00    0.00    0.00    0.00    0.00
OF767.7  -20.530    0.00 9.1121     0.00    0.00    0.00    0.00    0.00
OF771.0  -20.493    0.00 9.1132     0.00    0.00    0.00    0.00    0.00
OF774.3  -20.462    0.00 9.1143     0.00    0.00    0.00    0.00    0.00
OF777.6  -20.432    0.00 9.1154     0.00    0.00    0.00    0.00    0.00
OF780.8  -20.401    0.00 9.1165     0.00    0.00    0.00    0.00    0.00
OF784.1  -20.371    0.00 9.1176     0.00    0.00    0.00    0.00    0.00
OF787.4  -20.340    0.00 9.1187     0.00    0.00    0.00    0.00    0.00
OF790.7  -20.310    0.00 9.1197     0.00    0.00    0.00    0.00    0.00
OF794.0  -20.279    0.00 9.1208     0.00    0.00    0.00    0.00    0.00
OF797.2  -20.249    0.00 9.1219     0.00    0.00    0.00    0.00    0.00
OF800.5  -20.218    0.00 9.123      0.00    0.00    0.00    0.00    0.00
OF803.8  -20.187    0.00 9.1241     0.00    0.00    0.00    0.00    0.00
OF807.1  -20.157    0.00 9.1254     0.00    0.00    0.00    0.00    0.00
OF810.4  -20.126    0.00 9.1265     0.00    0.00    0.00    0.00    0.00
OF813.6  -20.096    0.00 9.1275     0.00    0.00    0.00    0.00    0.00
OF816.9  -20.065    0.00 9.1286     0.00    0.00    0.00    0.00    0.00
OF820.2  -20.033    0.00 9.1296     0.00    0.00    0.00    0.00    0.00
OF823.5  -19.999    0.00 9.1307     0.00    0.00    0.00    0.00    0.00
OF826.8  -19.965    0.00 9.1317     0.00    0.00    0.00    0.00    0.00
OF830.1  -19.931    0.00 9.1328     0.00    0.00    0.00    0.00    0.00
OF833.3  -19.897    0.00 9.1339     0.00    0.00    0.00    0.00    0.00
OF836.6  -19.863    0.00 9.1349     0.00    0.00    0.00    0.00    0.00
OF839.9  -19.829    0.00 9.136      0.00    0.00    0.00    0.00    0.00
OF843.2  -19.795    0.00 9.137      0.00    0.00    0.00    0.00    0.00
OF846.5  -19.761    0.00 9.1377     0.00    0.00    0.00    0.00    0.00
OF849.7  -19.727    0.00 9.1388     0.00    0.00    0.00    0.00    0.00
OF853.0  -19.693    0.00 9.1398     0.00    0.00    0.00    0.00    0.00
OF856.3  -19.659    0.00 9.1408     0.00    0.00    0.00    0.00    0.00
OF859.6  -19.625    0.00 9.1418     0.00    0.00    0.00    0.00    0.00
OF862.9  -19.591    0.00 9.1429     0.00    0.00    0.00    0.00    0.00
OF866.1  -19.557    0.00 9.1439     0.00    0.00    0.00    0.00    0.00
OF869.4  -19.523    0.00 9.1449     0.00    0.00    0.00    0.00    0.00
OF872.7  -19.489    0.00 9.1459     0.00    0.00    0.00    0.00    0.00
OF876.0  -19.455    0.00 9.1469     0.00    0.00    0.00    0.00    0.00
OF879.3  -19.421    0.00 9.1479     0.00    0.00    0.00    0.00    0.00
OF882.5  -19.387    0.00 9.1489     0.00    0.00    0.00    0.00    0.00
OF885.8  -19.353    0.00 9.1499     0.00    0.00    0.00    0.00    0.00
OF889.1  -19.318    0.00 9.1509     0.00    0.00    0.00    0.00    0.00
OF892.4  -19.284    0.00 9.1519     0.00    0.00    0.00    0.00    0.00
OF895.7  -19.250    0.00 9.1529     0.00    0.00    0.00    0.00    0.00
OF898.9  -19.216    0.00 9.1538     0.00    0.00    0.00    0.00    0.00
OF902.2  -19.180    0.00 9.1548     0.00    0.00    0.00    0.00    0.00
OF905.5  -19.134    0.00 9.1555     0.00    0.00    0.00    0.00    0.00
OF908.8  -19.088    0.00 9.1565     0.00    0.00    0.00    0.00    0.00
OF912.1  -19.042    0.00 9.1575     0.00    0.00    0.00    0.00    0.00
OF915.4  -18.996    0.00 9.1583     0.00    0.00    0.00    0.00    0.00
OF918.6  -18.951    0.00 9.1593     0.00    0.00    0.00    0.00    0.00
OF921.9  -18.905    0.00 9.16       0.00    0.00    0.00    0.00    0.00
OF925.2  -18.859    0.00 9.161      0.00    0.00    0.00    0.00    0.00
OF928.5  -18.813    0.00 9.162      0.00    0.00    0.00    0.00    0.00
OF931.8  -18.767    0.00 9.1628     0.00    0.00    0.00    0.00    0.00
OF935.0  -18.721    0.00 9.1638     0.00    0.00    0.00    0.00    0.00
OF938.3  -18.675    0.00 9.1645     0.00    0.00    0.00    0.00    0.00
OF941.6  -18.629    0.00 9.1656     0.00    0.00    0.00    0.00    0.00
OF944.9  -18.583    0.00 9.1666     0.00    0.00    0.00    0.00    0.00
OF948.2  -18.537    0.00 9.1673     0.00    0.00    0.00    0.00    0.00
OF951.4  -18.491    0.00 9.1684     0.00    0.00    0.00    0.00    0.00
OF954.7  -18.445    0.00 9.1691     0.00    0.00    0.00    0.00    0.00
OF958.0  -18.399    0.00 9.1702     0.00    0.00    0.00    0.00    0.00
OF961.3  -18.353    0.00 9.1712     0.00    0.00    0.00    0.00    0.00
OF964.6  -18.308    0.00 9.172      0.00    0.00    0.00    0.00    0.00
OF967.8  -18.262    0.00 9.173      0.00    0.00    0.00    0.00    0.00
OF971.1  -18.216    0.00 9.1738     0.00    0.00    0.00    0.00    0.00
OF974.4  -18.169    0.00 9.1749     0.00    0.00    0.00    0.00    0.00
OF977.7  -18.119    0.00 9.1757     0.00    0.00    0.00    0.00    0.00
OF981.0  -18.069    0.00 9.1767     0.00    0.00    0.00    0.00    0.00
OF984.2  -18.019    0.00 9.1775     0.00    0.00    0.00    0.00    0.00
OF987.5  -17.969    0.00 9.1786     0.00    0.00    0.00    0.00    0.00
OF990.8  -17.920    0.00 9.1794     0.00    0.00    0.00    0.00    0.00
OF994.1  -17.870    0.00 9.1805     0.00    0.00    0.00    0.00    0.00
OF997.4  -17.820    0.00 9.1813     0.00    0.00    0.00    0.00    0.00
OF1000.7 -17.770    0.00 9.1824     0.00    0.00    0.00    0.00    0.00
OF1003.9 -17.720    0.00 9.1832     0.00    0.00    0.00    0.00    0.00
OF1007.2 -17.671    0.00 9.1843     0.00    0.00    0.00    0.00    0.00
OF1010.5 -17.621    0.00 9.1851     0.00    0.00    0.00    0.00    0.00
OF1013.8 -17.571    0.00 9.1862     0.00    0.00    0.00    0.00    0.00
OF1017.1 -17.521    0.00 9.1871     0.00    0.00    0.00    0.00    0.00
OF1020.3 -17.471    0.00 9.1882     0.00    0.00    0.00    0.00    0.00
OF1023.6 -17.419    0.00 9.189      0.00    0.00    0.00    0.00    0.00
OF1026.9 -17.366    0.00 9.1899     0.00    0.00    0.00    0.00    0.00
OF1030.2 -17.313    0.00 9.1911     0.00    0.00    0.00    0.00    0.00
OF1033.5 -17.259    0.00 9.192      0.00    0.00    0.00    0.00    0.00
OF1036.7 -17.206    0.00 9.1931     0.00    0.00    0.00    0.00    0.00
OF1040.0 -17.153    0.00 9.194      0.00    0.00    0.00    0.00    0.00
OF1043.3 -17.1      0.00 9.195      0.00    0.00    0.00    0.00    0.00
OF1046.6 -17.046    0.00 9.1962     0.00    0.00    0.00    0.00    0.00
OF1049.9 -16.993    0.00 9.1971     0.00    0.00    0.00    0.00    0.00
OF1053.1 -16.940    0.00 9.1981     0.00    0.00    0.00    0.00    0.00
OF1056.4 -16.887    0.00 9.1993     0.00    0.00    0.00    0.00    0.00
OF1059.7 -16.833    0.00 9.2003     0.00    0.00    0.00    0.00    0.00
OF1063.0 -16.780    0.00 9.2015     0.00    0.00    0.00    0.00    0.00
OF1066.3 -16.727    0.00 9.2025     0.00    0.00    0.00    0.00    0.00
OF1069.6 -16.673    0.00 9.2034     0.00    0.00    0.00    0.00    0.00
OF1072.8 -16.620    0.00 9.2047     0.00    0.00    0.00    0.00    0.00
OF1076.1 -16.567    0.00 9.2057     0.00    0.00    0.00    0.00    0.00
OF1079.4 -16.514    0.00 9.207      0.00    0.00    0.00    0.00    0.00
OF1082.7 -16.460    0.00 9.208      0.00    0.00    0.00    0.00    0.00
OF1086.0 -16.407    0.00 9.209      0.00    0.00    0.00    0.00    0.00
OF1089.2 -16.354    0.00 9.2103     0.00    0.00    0.00    0.00    0.00
OF1092.5 -16.301    0.00 9.2113     0.00    0.00    0.00    0.00    0.00
OF1095.8 -16.247    0.00 9.2123     0.00    0.00    0.00    0.00    0.00
OF1099.1 -16.194    0.00 9.2137     0.00    0.00    0.00    0.00    0.00
OF1102.4 -16.141    0.00 9.2147     0.00    0.00    0.00    0.00    0.00
OF1105.6 -16.088    0.00 9.2161     0.00    0.00    0.00    0.00    0.00
OF1108.9 -16.034    0.00 9.2172     0.00    0.00    0.00    0.00    0.00
OF1112.2 -15.981    0.00 9.2182     0.00    0.00    0.00    0.00    0.00
OF1115.5 -15.928    0.00 9.2196     0.00    0.00    0.00    0.00    0.00
OF1118.8 -15.875    0.00 9.2207     0.00    0.00    0.00    0.00    0.00
OF1122.0 -15.821    0.00 9.2218     0.00    0.00    0.00    0.00    0.00
OF1125.3 -15.768    0.00 9.2232     0.00    0.00    0.00    0.00    0.00
OF1128.6 -15.715    0.00 9.2244     0.00    0.00    0.00    0.00    0.00
OF1131.9 -15.662    0.00 9.2258     0.00    0.00    0.00    0.00    0.00
OF1135.2 -15.608    0.00 9.2269     0.00    0.00    0.00    0.00    0.00
OF1138.4 -15.555    0.00 9.2281     0.00    0.00    0.00    0.00    0.00
OF1141.7 -15.496    0.00 9.2292     0.00    0.00    0.00    0.00    0.00
OF1145.0 -15.428    0.00 9.2304     0.00    0.00    0.00    0.00    0.00
OF1148.3 -15.355    0.00 9.2316     0.00    0.00    0.00    0.00    0.00
OF1151.6 -15.281    0.00 9.2328     0.00    0.00    0.00    0.00    0.00
OF1154.9 -15.208    0.00 9.234      0.00    0.00    0.00    0.00    0.00
OF1158.1 -15.135    0.00 9.2349     0.00    0.00    0.00    0.00    0.00
OF1161.4 -15.062    0.00 9.2362     0.00    0.00    0.00    0.00    0.00
OF1164.7 -14.989    0.00 9.2376     0.00    0.00    0.00    0.00    0.00
OF1168.0 -14.915    0.00 9.2389     0.00    0.00    0.00    0.00    0.00
OF1171.3 -14.842    0.00 9.2403     0.00    0.00    0.00    0.00    0.00
OF1174.5 -14.769    0.00 9.2413     0.00    0.00    0.00    0.00    0.00
OF1177.8 -14.696    0.00 9.2427     0.00    0.00    0.00    0.00    0.00
OF1181.1 -14.623    0.00 9.2442     0.00    0.00    0.00    0.00    0.00
OF1184.4 -14.549    0.00 9.2456     0.00    0.00    0.00    0.00    0.00
OF1187.7 -14.476    0.00 9.2468     0.00    0.00    0.00    0.00    0.00
OF1190.9 -14.403    0.00 9.2482     0.00    0.00    0.00    0.00    0.00
OF1194.2 -14.330    0.00 9.2497     0.00    0.00    0.00    0.00    0.00
OF1197.5 -14.257    0.00 9.2513     0.00    0.00    0.00    0.00    0.00
OF1200.8 -14.183    0.00 9.2525     0.00    0.00    0.00    0.00    0.00
OF1204.1 -14.110    0.00 9.2541     0.00    0.00    0.00    0.00    0.00
OF1207.3 -14.037    0.00 9.2556     0.00    0.00    0.00    0.00    0.00
OF1210.6 -13.964    0.00 9.2573     0.00    0.00    0.00    0.00    0.00
OF1213.9 -13.891    0.00 9.2589     0.00    0.00    0.00    0.00    0.00
OF1217.2 -13.817    0.00 9.2602     0.00    0.00    0.00    0.00    0.00
OF1220.5 -13.744    0.00 9.2619     0.00    0.00    0.00    0.00    0.00
OF1223.8 -13.671    0.00 9.2635     0.00    0.00    0.00    0.00    0.00
OF1227.0 -13.598    0.00 9.2652     0.00    0.00    0.00    0.00    0.00
OF1230.3 -13.525    0.00 9.2667     0.00    0.00    0.00    0.00    0.00
OF1233.6 -13.451    0.00 9.2684     0.00    0.00    0.00    0.00    0.00
OF1236.9 -13.378    0.00 9.2702     0.00    0.00    0.00    0.00    0.00
OF1240.2 -13.305    0.00 9.272      0.00    0.00    0.00    0.00    0.00
OF1243.4 -13.232    0.00 9.2735     0.00    0.00    0.00    0.00    0.00
OF1246.7 -13.159    0.00 9.2753     0.00    0.00    0.00    0.00    0.00
OF1250.0 -13.085    0.00 9.2771     0.00    0.00    0.00    0.00    0.00
OF1253.3 -13.012    0.00 9.279      0.00    0.00    0.00    0.00    0.00
OF1256.6 -12.939    0.00 9.2809     0.00    0.00    0.00    0.00    0.00
OF1259.8 -12.872    0.00 9.2827     0.00    0.00    0.00    0.00    0.00
OF1263.1 -12.805    0.00 9.2843     0.00    0.00    0.00    0.00    0.00
OF1266.4 -12.739    0.00 9.2862     0.00    0.00    0.00    0.00    0.00
OF1269.7 -12.672    0.00 9.2882     0.00    0.00    0.00    0.00    0.00
OF1273.0 -12.605    0.00 9.2901     0.00    0.00    0.00    0.00    0.00
OF1276.2 -12.539    0.00 9.2921     0.00    0.00    0.00    0.00    0.00
OF1279.5 -12.472    0.00 9.2941     0.00    0.00    0.00    0.00    0.00
OF1282.8 -12.405    0.00 9.296      0.00    0.00    0.00    0.00    0.00
OF1286.1 -12.339    0.00 9.298      0.00    0.00    0.00    0.00    0.00
OF1289.4 -12.274    0.00 9.3        0.00    0.00    0.00    0.00    0.00
OF1292.6 -12.212    0.00 9.302      0.00    0.00    0.00    0.00    0.00
OF1295.9 -12.149    0.00 9.3041     0.00    0.00    0.00    0.00    0.00
OF1299.2 -12.087    0.00 9.3064     0.00    0.00    0.00    0.00    0.00
OF1302.5 -12.024    0.00 9.3084     0.00    0.00    0.00    0.00    0.00
OF1305.8 -11.962    0.00 9.3104     0.00    0.00    0.00    0.00    0.00
OF1309.1 -11.900    0.00 9.3124     0.00    0.00    0.00    0.00    0.00
OF1312.3 -11.837    0.00 9.3144     0.00    0.00    0.00    0.00    0.00
OF1315.6 -11.775    0.00 9.3164     0.00    0.00    0.00    0.00    0.00
OF1318.9 -11.712    0.00 9.3185     0.00    0.00    0.00    0.00    0.00
OF1322.2 -11.650    0.00 9.3205     0.00    0.00    0.00    0.00    0.00
OF1325.5 -11.587    0.00 9.3226     0.00    0.00    0.00    0.00    0.00
OF1328.7 -11.525    0.00 9.3246     0.00    0.00    0.00    0.00    0.00
OF1332.0 -11.463    0.00 9.327      0.00    0.00    0.00    0.00    0.00
OF1335.3 -11.400    0.00 9.3291     0.00    0.00    0.00    0.00    0.00
OF1338.6 -11.338    0.00 9.3311     0.00    0.00    0.00    0.00    0.00
OF1341.9 -11.275    0.00 9.3332     0.00    0.00    0.00    0.00    0.00
OF1345.1 -11.213    0.00 9.3353     0.00    0.00    0.00    0.00    0.00
OF1348.4 -11.150    0.00 9.3373     0.00    0.00    0.00    0.00    0.00
OF1351.7 -11.088    0.00 9.3394     0.00    0.00    0.00    0.00    0.00
OF1355.0 -11.025    0.00 9.3415     0.00    0.00    0.00    0.00    0.00
OF1358.3 -10.963    0.00 9.3436     0.00    0.00    0.00    0.00    0.00
OF1361.5 -10.901    0.00 9.3457     0.00    0.00    0.00    0.00    0.00
OF1364.8 -10.838    0.00 9.3482     0.00    0.00    0.00    0.00    0.00
OF1368.1 -10.776    0.00 9.3503     0.00    0.00    0.00    0.00    0.00
OF1371.4 -10.713    0.00 9.3524     0.00    0.00    0.00    0.00    0.00
OF1374.7 -10.651    0.00 9.3545     0.00    0.00    0.00    0.00    0.00
OF1377.9 -10.591    0.00 9.3566     0.00    0.00    0.00    0.00    0.00
OF1381.2 -10.537    0.00 9.3587     0.00    0.00    0.00    0.00    0.00
OF1384.5 -10.484    0.00 9.3612     0.00    0.00    0.00    0.00    0.00
OF1387.8 -10.430    0.00 9.3633     0.00    0.00    0.00    0.00    0.00
OF1391.1 -10.377    0.00 9.3654     0.00    0.00    0.00    0.00    0.00
OF1394.4 -10.324    0.00 9.3678     0.00    0.00    0.00    0.00    0.00
OF1397.6 -10.270    0.00 9.3699     0.00    0.00    0.00    0.00    0.00
OF1400.9 -10.217    0.00 9.3723     0.00    0.00    0.00    0.00    0.00
OF1404.2 -10.164    0.00 9.3744     0.00    0.00    0.00    0.00    0.00
OF1407.5 -10.111    0.00 9.3765     0.00    0.00    0.00    0.00    0.00
OF1410.8 -10.057    0.00 9.3789     0.00    0.00    0.00    0.00    0.00
OF1414.0 -10.004    0.00 9.381      0.00    0.00    0.00    0.00    0.00
OF1417.3 -9.9513    0.00 9.383      0.00    0.00    0.00    0.00    0.00
OF1420.6 -9.898     0.00 9.3854     0.00    0.00    0.00    0.00    0.00
OF1423.9 -9.8447    0.00 9.3874     0.00    0.00    0.00    0.00    0.00
OF1427.2 -9.7915    0.00 9.3898     0.00    0.00    0.00    0.00    0.00
OF1430.4 -9.7382    0.00 9.3918     0.00    0.00    0.00    0.00    0.00
OF1433.7 -9.6849    0.00 9.3939     0.00    0.00    0.00    0.00    0.00
OF1437.0 -9.6317    0.00 9.3962     0.00    0.00    0.00    0.00    0.00
OF1440.3 -9.5784    0.00 9.3982     0.00    0.00    0.00    0.00    0.00
OF1443.6 -9.5251    0.00 9.4002     0.00    0.00    0.00    0.00    0.00
OF1446.8 -9.4719    0.00 9.4026     0.00    0.00    0.00    0.00    0.00
OF1450.1 -9.4186    0.00 9.4046     0.00    0.00    0.00    0.00    0.00
OF1453.4 -9.3654    0.00 9.4069     0.00    0.00    0.00    0.00    0.00
OF1456.7 -9.3121    0.00 9.4089     0.00    0.00    0.00    0.00    0.00
OF1460.0 -9.2588    0.00 9.4109     0.00    0.00    0.00    0.00    0.00
OF1463.3 -9.2056    0.00 9.4132     0.00    0.00    0.00    0.00    0.00
OF1466.5 -9.1523    0.00 9.4152     0.00    0.00    0.00    0.00    0.00
OF1469.8 -9.099     0.00 9.4171     0.00    0.00    0.00    0.00    0.00
OF1473.1 -9.0457    0.00 9.4194     0.00    0.00    0.00    0.00    0.00
OF1476.4 -8.9887    0.00 9.4214     0.00    0.00    0.00    0.00    0.00
OF1479.7 -8.9133    0.00 9.4234     0.00    0.00    0.00    0.00    0.00
OF1482.9 -8.8379    0.00 9.4254     0.00    0.00    0.00    0.00    0.00
OF1486.2 -8.7625    0.00 9.427      0.00    0.00    0.00    0.00    0.00
OF1489.5 -8.6871    0.00 9.4291     0.00    0.00    0.00    0.00    0.00
OF1492.8 -8.6117    0.00 9.4311     0.00    0.00    0.00    0.00    0.00
OF1496.1 -8.5362    0.00 9.4329     0.00    0.00    0.00    0.00    0.00
OF1499.3 -8.4609    0.00 9.4349     0.00    0.00    0.00    0.00    0.00
OF1502.6 -8.3855    0.00 9.437      0.00    0.00    0.00    0.00    0.00
OF1505.9 -8.3101    0.00 9.4388     0.00    0.00    0.00    0.00    0.00
OF1509.2 -8.2347    0.00 9.441      0.00    0.00    0.00    0.00    0.00
OF1512.5 -8.1593    0.00 9.4431     0.00    0.00    0.00    0.00    0.00
OF1515.7 -8.0785    0.00 9.4449     0.00    0.00    0.00    0.00    0.00
OF1519.0 -7.9946    0.00 9.4471     0.00    0.00    0.00    0.00    0.00
OF1522.3 -7.9108    0.00 9.449      0.00    0.00    0.00    0.00    0.00
OF1525.6 -7.827     0.00 9.4512     0.00    0.00    0.00    0.00    0.00
OF1528.9 -7.7432    0.00 9.4532     0.00    0.00    0.00    0.00    0.00
OF1532.1 -7.6594    0.00 9.4554     0.00    0.00    0.00    0.00    0.00
OF1535.4 -7.5755    0.00 9.4574     0.00    0.00    0.00    0.00    0.00
OF1538.7 -7.4917    0.00 9.4597     0.00    0.00    0.00    0.00    0.00
OF1542.0 -7.4079    0.00 9.4617     0.00    0.00    0.00    0.00    0.00
OF1545.3 -7.3241    0.00 9.4638     0.00    0.00    0.00    0.00    0.00
OF1548.6 -7.2403    0.00 9.4662     0.00    0.00    0.00    0.00    0.00
OF1551.8 -7.1565    0.00 9.4683     0.00    0.00    0.00    0.00    0.00
OF1555.1 -7.0726    0.00 9.4707     0.00    0.00    0.00    0.00    0.00
OF1558.4 -6.9888    0.00 9.4729     0.00    0.00    0.00    0.00    0.00
OF1561.7 -6.905     0.00 9.4754     0.00    0.00    0.00    0.00    0.00
OF1565.0 -6.8211    0.00 9.4776     0.00    0.00    0.00    0.00    0.00
OF1568.2 -6.7373    0.00 9.4801     0.00    0.00    0.00    0.00    0.00
OF1571.5 -6.6535    0.00 9.4823     0.00    0.00    0.00    0.00    0.00
OF1574.8 -6.5697    0.00 9.4846     0.00    0.00    0.00    0.00    0.00
OF1578.1 -6.4859    0.00 9.4872     0.00    0.00    0.00    0.00    0.00
OF1581.4 -6.402     0.00 9.4895     0.00    0.00    0.00    0.00    0.00
OF1584.6 -6.318     0.00 9.4922     0.00    0.00    0.00    0.00    0.00
OF1587.9 -6.2336    0.00 9.4945     0.00    0.00    0.00    0.00    0.00
OF1591.2 -6.1492    0.00 9.4972     0.00    0.00    0.00    0.00    0.00
OF1594.5 -6.0648    0.00 9.4996     0.00    0.00    0.00    0.00    0.00
OF1597.8 -5.9804    0.00 9.502      0.00    0.00    0.00    0.00    0.00
OF1601.0 -5.896     0.00 9.5048     0.00    0.00    0.00    0.00    0.00
OF1604.3 -5.8116    0.00 9.5073     0.00    0.00    0.00    0.00    0.00
OF1607.6 -5.7272    0.00 9.5101     0.00    0.00    0.00    0.00    0.00
OF1610.9 -5.6428    0.00 9.5126     0.00    0.00    0.00    0.00    0.00
OF1614.2 -5.5584    0.00 9.5155     0.00    0.00    0.00    0.00    0.00
OF1617.5 -5.474     0.00 9.518      0.00    0.00    0.00    0.00    0.00
OF1620.7 -5.3896    0.00 9.5206     0.00    0.00    0.00    0.00    0.00
OF1624.0 -5.3052    0.00 9.5235     0.00    0.00    0.00    0.00    0.00
OF1627.3 -5.2208    0.00 9.5261     0.00    0.00    0.00    0.00    0.00
OF1630.6 -5.1364    0.00 9.5291     0.00    0.00    0.00    0.00    0.00
OF1633.9 -5.052     0.00 9.5317     0.00    0.00    0.00    0.00    0.00
OF1637.1 -4.9676    0.00 9.5347     0.00    0.00    0.00    0.00    0.00
OF1640.4 -4.8832    0.00 9.5374     0.00    0.00    0.00    0.00    0.00
OF1643.7 -4.7988    0.00 9.5401     0.00    0.00    0.00    0.00    0.00
OF1647.0 -4.7144    0.00 9.5431     0.00    0.00    0.00    0.00    0.00
OF1650.3 -4.63      0.00 9.5459     0.00    0.00    0.00    0.00    0.00
OF1653.5 -4.5462    0.00 9.549      0.00    0.00    0.00    0.00    0.00
OF1656.8 -4.4669    0.00 9.5517     0.00    0.00    0.00    0.00    0.00
OF1660.1 -4.3879    0.00 9.5548     0.00    0.00    0.00    0.00    0.00
OF1663.4 -4.309     0.00 9.5575     0.00    0.00    0.00    0.00    0.00
OF1666.7 -4.23      0.00 9.5606     0.00    0.00    0.00    0.00    0.00
OF1669.9 -4.1509    0.00 9.5637     0.00    0.00    0.00    0.00    0.00
OF1673.2 -4.072     0.00 9.5665     0.00    0.00    0.00    0.00    0.00
OF1676.5 -3.993     0.00 9.5696     0.00    0.00    0.00    0.00    0.00
OF1679.8 -3.914     0.00 9.5724     0.00    0.00    0.00    0.00    0.00
OF1683.1 -3.835     0.00 9.5755     0.00    0.00    0.00    0.00    0.00
OF1686.3 -3.756     0.00 9.5787     0.00    0.00    0.00    0.00    0.00
OF1689.6 -3.688     0.00 9.5819     0.00    0.00    0.00    0.00    0.00
OF1692.9 -3.623     0.00 9.585      0.00    0.00    0.00    0.00    0.00
OF1696.2 -3.5581    0.00 9.5881     0.00    0.00    0.00    0.00    0.00
OF1699.5 -3.4932    0.00 9.5913     0.00    0.00    0.00    0.00    0.00
OF1702.8 -3.4282    0.00 9.5944     0.00    0.00    0.00    0.00    0.00
OF1706.0 -3.3633    0.00 9.5976     0.00    0.00    0.00    0.00    0.00
OF1709.3 -3.2983    0.00 9.6007     0.00    0.00    0.00    0.00    0.00
OF1712.6 -3.2335    0.00 9.6038     0.00    0.00    0.00    0.00    0.00
OF1715.9 -3.1685    0.00 9.6069     0.00    0.00    0.00    0.00    0.00
OF1719.2 -3.1036    0.00 9.61       0.00    0.00    0.00    0.00    0.00
OF1722.4 -3.0386    0.00 9.6131     0.00    0.00    0.00    0.00    0.00
OF1725.7 -2.9737    0.00 9.6162     0.00    0.00    0.00    0.00    0.00
OF1729.0 -2.9088    0.00 9.6193     0.00    0.00    0.00    0.00    0.00
OF1732.3 -2.8438    0.00 9.6224     0.00    0.00    0.00    0.00    0.00
OF1735.6 -2.7789    0.00 9.6255     0.00    0.00    0.00    0.00    0.00
OF1738.8 -2.7139    0.00 9.6285     0.00    0.00    0.00    0.00    0.00
OF1742.1 -2.649     0.00 9.6316     0.00    0.00    0.00    0.00    0.00
OF1745.4 -2.5841    0.00 9.6347     0.00    0.00    0.00    0.00    0.00
OF1748.7 -2.5191    0.00 9.6377     0.00    0.00    0.00    0.00    0.00
OF1752.0 -2.4542    0.00 9.6408     0.00    0.00    0.00    0.00    0.00
OF1755.2 -2.3892    0.00 9.6439     0.00    0.00    0.00    0.00    0.00
OF1758.5 -2.3243    0.00 9.6469     0.00    0.00    0.00    0.00    0.00
OF1761.8 -2.2594    0.00 9.65       0.00    0.00    0.00    0.00    0.00
OF1765.1 -2.1945    0.00 9.653      0.00    0.00    0.00    0.00    0.00
OF1768.4 -2.1295    0.00 9.656      0.00    0.00    0.00    0.00    0.00
OF1771.6 -2.0646    0.00 9.6591     0.00    0.00    0.00    0.00    0.00
OF1774.9 -1.9913    0.00 9.6621     0.00    0.00    0.00    0.00    0.00
OF1778.2 -1.9153    0.00 9.6651     0.00    0.00    0.00    0.00    0.00
OF1781.5 -1.8394    0.00 9.6677     0.00    0.00    0.00    0.00    0.00
OF1784.8 -1.7634    0.00 9.6708     0.00    0.00    0.00    0.00    0.00
OF1788.1 -1.6951    0.00 9.6738     0.00    0.00    0.00    0.00    0.00
OF1791.3 -1.6307    0.00 9.6769     0.00    0.00    0.00    0.00    0.00
OF1794.6 -1.5662    0.00 9.68       0.00    0.00    0.00    0.00    0.00
OF1797.9 -1.5018    0.00 9.683      0.00    0.00    0.00    0.00    0.00
OF1801.2 -1.4374    0.00 9.686      0.00    0.00    0.00    0.00    0.00
OF1804.5 -1.373     0.00 9.6891     0.00    0.00    0.00    0.00    0.00
OF1807.7 -1.3075    0.00 9.6921     0.00    0.00    0.00    0.00    0.00
OF1811.0 -1.2399    0.00 9.6951     0.00    0.00    0.00    0.00    0.00
OF1814.3 -1.1721    0.00 9.6981     0.00    0.00    0.00    0.00    0.00
OF1817.6 -1.1045    0.00 9.7011     0.00    0.00    0.00    0.00    0.00
OF1820.9 -1.0368    0.00 9.7042     0.00    0.00    0.00    0.00    0.00
OF1824.1 -0.9690    0.00 9.7072     0.00    0.00    0.00    0.00    0.00
OF1827.4 -0.9014    0.00 9.7102     0.00    0.00    0.00    0.00    0.00
OF1830.7 -0.8337    0.00 9.7131     0.00    0.00    0.00    0.00    0.00
OF1834.0 -0.7660    0.00 9.7161     0.00    0.00    0.00    0.00    0.00
OF1837.3 -0.6983    0.00 9.7187     0.00    0.00    0.00    0.00    0.00
OF1840.5 -0.6306    0.00 9.7218     0.00    0.00    0.00    0.00    0.00
OF1843.8 -0.5630    0.00 9.7248     0.00    0.00    0.00    0.00    0.00
OF1847.1 -0.4953    0.00 9.7278     0.00    0.00    0.00    0.00    0.00
OF1850.4 -0.4276    0.00 9.7309     0.00    0.00    0.00    0.00    0.00
OF1853.7 -0.3599    0.00 9.7339     0.00    0.00    0.00    0.00    0.00
OF1857.0 -0.2923    0.00 9.7369     0.00    0.00    0.00    0.00    0.00
OF1860.2 -0.2246    0.00 9.7399     0.00    0.00    0.00    0.00    0.00
OF1863.5 -0.1569    0.00 9.7429     0.00    0.00    0.00    0.00    0.00
OF1866.8 -0.0892    0.00 9.7459     0.00    0.00    0.00    0.00    0.00
OF1870.1 -0.0215    0.00 9.7488     0.00    0.00    0.00    0.00    0.00
IF1873.4 0.07627    0.00 9.7514     0.00    0.00    0.00    0.00    0.00
IF1876.6 0.16192    0.00 9.7541     0.00    0.00    0.00    0.00    0.00
IF1879.9 0.22343    0.00 9.7572     0.00    0.00    0.00    0.00    0.00
IF1883.2 0.29271    0.00 9.7603     0.00    0.00    0.00    0.00    0.00
IF1886.5 0.37551    0.00 9.7635     0.00    0.00    0.00    0.00    0.00
IF1889.8 0.43923    0.00 9.7666     0.00    0.00    0.00    0.00    0.00
IF1893.0 0.47235    0.00 9.7701     0.00    0.00    0.00    0.00    0.00
IF1896.3 0.5169     0.00 9.7731     0.00    0.00    0.00    0.00    0.00
IF1899.6 0.57841    0.00 9.7765     0.00    0.00    0.00    0.00    0.00
IF1902.9 0.64565    0.00 9.779      0.00    0.00    0.00    0.00    0.00
IF1906.2 0.72845    0.00 9.782      0.00    0.00    0.00    0.00    0.00
IF1909.4 0.81634    0.00 9.7845     0.00    0.00    0.00    0.00    0.00
IF1912.7 0.9168     0.00 9.7871     0.00    0.00    0.00    0.00    0.00
IF1916.0 1.0172     0.00 9.7898     0.00    0.00    0.00    0.00    0.00
IF1919.3 1.1015     0.00 9.7929     0.00    0.00    0.00    0.00    0.00
IF1922.6 1.1857     0.00 9.7956     0.00    0.00    0.00    0.00    0.00
IF1925.8 1.2699     0.00 9.7983     0.00    0.00    0.00    0.00    0.00
IF1929.1 1.3405     0.00 9.8016     0.00    0.00    0.00    0.00    0.00
IF1932.4 1.3971     0.00 9.8053     0.00    0.00    0.00    0.00    0.00
IF1935.7 1.4538     0.00 9.8084     0.00    0.00    0.00    0.00    0.00
IF1939.0 1.4936     0.00 9.812      0.00    0.00    0.00    0.00    0.00
IF1942.3 1.5223     0.00 9.8154     0.00    0.00    0.00    0.00    0.00
IF1945.5 1.5785     0.00 9.8184     0.00    0.00    0.00    0.00    0.00
IF1948.8 1.6945     0.00 9.8209     0.00    0.00    0.00    0.00    0.00
IF1952.1 1.8076     0.00 9.823      0.00    0.00    0.00    0.00    0.00
IF1955.4 1.9152     0.00 9.8258     0.00    0.00    0.00    0.00    0.00
IF1958.7 2.0229     0.00 9.8287     0.00    0.00    0.00    0.00    0.00
IF1961.9 2.0987     0.00 9.8317     0.00    0.00    0.00    0.00    0.00
IF1965.2 2.1525     0.00 9.8356     0.00    0.00    0.00    0.00    0.00
IF1968.5 2.2064     0.00 9.839      0.00    0.00    0.00    0.00    0.00
IF1971.8 2.2602     0.00 9.8424     0.00    0.00    0.00    0.00    0.00
IF1975.1 2.3278     0.00 9.8458     0.00    0.00    0.00    0.00    0.00
IF1978.3 2.4243     0.00 9.8487     0.00    0.00    0.00    0.00    0.00
IF1981.6 2.5208     0.00 9.8517     0.00    0.00    0.00    0.00    0.00
IF1984.9 2.6173     0.00 9.8548     0.00    0.00    0.00    0.00    0.00
IF1988.2 2.7138     0.00 9.858      0.00    0.00    0.00    0.00    0.00
IF1991.5 2.817      0.00 9.8613     0.00    0.00    0.00    0.00    0.00
IF1994.7 2.921      0.00 9.8648     0.00    0.00    0.00    0.00    0.00
IF1998.0 3.0249     0.00 9.8683     0.00    0.00    0.00    0.00    0.00
IF2001.3 3.1288     0.00 9.8719     0.00    0.00    0.00    0.00    0.00
IF2004.6 3.2251     0.00 9.8757     0.00    0.00    0.00    0.00    0.00
IF2007.9 3.3131     0.00 9.8795     0.00    0.00    0.00    0.00    0.00
IF2011.2 3.4012     0.00 9.8835     0.00    0.00    0.00    0.00    0.00
IF2014.4 3.4936     0.00 9.888      0.00    0.00    0.00    0.00    0.00
IF2017.7 3.6147     0.00 9.8915     0.00    0.00    0.00    0.00    0.00
IF2021.0 3.7358     0.00 9.8953     0.00    0.00    0.00    0.00    0.00
IF2024.3 3.86       0.00 9.8998     0.00    0.00    0.00    0.00    0.00
IF2027.6 3.9856     0.00 9.9039     0.00    0.00    0.00    0.00    0.00
IF2030.8 4.0398     0.00 9.9093     0.00    0.00    0.00    0.00    0.00
IF2034.1 4.1049     0.00 9.9146     0.00    0.00    0.00    0.00    0.00
IF2037.4 4.2125     0.00 9.9193     0.00    0.00    0.00    0.00    0.00
IF2040.7 4.3485     0.00 9.9236     0.00    0.00    0.00    0.00    0.00
IF2044.0 4.5931     0.00 9.9259     0.00    0.00    0.00    0.00    0.00
IF2047.2 4.8377     0.00 9.9299     0.00    0.00    0.00    0.00    0.00
IF2050.5 5.0824     0.00 9.9343     0.00    0.00    0.00    0.00    0.00
IF2053.8 5.1896     0.00 9.9433     0.00    0.00    0.00    0.00    0.00
IF2057.1 5.2733     0.00 9.9523     0.00    0.00    0.00    0.00    0.00
IF2060.4 5.4272     0.00 9.9605     0.00    0.00    0.00    0.00    0.00
IF2063.6 6.0462     0.00 9.9589     0.00    0.00    0.00    0.00    0.00
IF2066.9 6.2615     0.00 9.9725     0.00    0.00    0.00    0.00    0.00
IF2070.2 6.4546     0.00 9.9891     0.00    0.00    0.00    0.00    0.00
IF2073.5 6.6429     0.00 10.0077    0.00    0.00    0.00    0.00    0.00
IF2076.8 6.8833     0.00 10.0243    0.00    0.00    0.00    0.00    0.00
IF2080.0 7.2062     0.00 10.0444    0.00    0.00    0.00    0.00    0.00
IF2083.3 7.7777     0.00 10.0823    0.00    0.00    0.00    0.00    0.00
IF2086.6 8.3146     0.00 10.1356    0.00    0.00    0.00    0.00    0.00
IF2089.9 8.5617     0.00 10.1928    0.00    0.00    0.00    0.00    0.00
IF2093.2 8.6776     0.00 10.259     0.00    0.00    0.00    0.00    0.00
IF2096.5 8.8302     0.00 10.3114    0.00    0.00    0.00    0.00    0.00
IF2110.3 10.3114    0.00 10.3114    0.00    0.00    0.00    0.00    0.00
AS2286.3 9.1225     0.00 9.1225     0.00    0.00    0.00    0.00    0.00
IF2291.0 8.9239     0.00 9.1225     0.00    0.00    0.00    0.00    0.00
IF2313.5 8.7598     0.00 9.1225     0.00    0.00    0.00    0.00    0.00
IF2321.5 8.8583     0.00 9.1225     0.00    0.00    0.00    0.00    0.00
IF2332.0 8.9239     0.00 9.1225     0.00    0.00    0.00    0.00    0.00
IF2339.4 9.1225     0.00 9.1225     0.00    0.00    0.00    0.00    0.00
AS2754.0 8.9475     0.00 8.9475     0.00    0.00    0.00    0.00    0.00
OF2901.0 -7.9287    0.00 8.9475     0.00    0.00    0.00    0.00    0.00
OF2902.0 -8.1142    0.00 8.9475     0.00    0.00    0.00    0.00    0.00
OF2937.0 -8.2021    0.00 8.9477     0.00    0.00    0.00    0.00    0.00
OF2973.0 -8.1259    0.00 8.9477     0.00    0.00    0.00    0.00    0.00
OF2979.0 -7.3628    0.00 8.948      0.00    0.00    0.00    0.00    0.00
IF3060.5 2.0866     0.00 8.9498     0.00    0.00    0.00    0.00    0.00
IF3077.5 3.9567     0.00 8.9495     0.00    0.00    0.00    0.00    0.00
IF3093.5 4.3832     0.00 8.9491     0.00    0.00    0.00    0.00    0.00
IF3109.0 4.5144     0.00 8.9487     0.00    0.00    0.00    0.00    0.00
IF3123.0 5.105      0.00 8.9484     0.00    0.00    0.00    0.00    0.00
IF3144.5 7.2146     0.00 8.9479     0.00    0.00    0.00    0.00    0.00
IF3160.5 8.5302     0.00 8.9478     0.00    0.00    0.00    0.00    0.00
IF3174.0 8.5958     0.00 8.9478     0.00    0.00    0.00    0.00    0.00
IF3226.0 8.3333     0.00 8.9478     0.00    0.00    0.00    0.00    0.00
IF3235.1 8.9478     0.00 8.9478     0.00    0.00    0.00    0.00    0.00
PS START(380068.8812,4799887.1881)
PS END(380176.5982,4800958.9554)
ET
 
 
 
