header
IE0.0    -27.459       1       1 9.0928  22.964  13.1891   56.14   56.14
OF3.0    -27.343    0.00 9.0931     0.00    0.00    0.00    0.00    0.00
OF4.0    -27.304    0.00 9.0932     0.00    0.00    0.00    0.00    0.00
OF9.0    -27.110    0.00 9.0936     0.00    0.00    0.00    0.00    0.00
OF10.0   -27.071    0.00 9.0937     0.00    0.00    0.00    0.00    0.00
OF15.0   -26.877    0.00 9.0942     0.00    0.00    0.00    0.00    0.00
OF16.0   -26.838    0.00 9.0943     0.00    0.00    0.00    0.00    0.00
OF21.0   -26.644    0.00 9.0947     0.00    0.00    0.00    0.00    0.00
OF22.0   -26.605    0.00 9.0948     0.00    0.00    0.00    0.00    0.00
OF27.0   -26.357    0.00 9.0958     0.00    0.00    0.00    0.00    0.00
OF28.0   -26.301    0.00 9.0961     0.00    0.00    0.00    0.00    0.00
OF33.0   -26.019    0.00 9.0974     0.00    0.00    0.00    0.00    0.00
OF34.0   -25.962    0.00 9.0976     0.00    0.00    0.00    0.00    0.00
OF39.0   -25.680    0.00 9.0989     0.00    0.00    0.00    0.00    0.00
OF40.0   -25.624    0.00 9.0992     0.00    0.00    0.00    0.00    0.00
OF45.0   -25.341    0.00 9.1005     0.00    0.00    0.00    0.00    0.00
OF46.0   -25.285    0.00 9.1007     0.00    0.00    0.00    0.00    0.00
OF51.0   -25.003    0.00 9.102      0.00    0.00    0.00    0.00    0.00
OF52.0   -24.946    0.00 9.1023     0.00    0.00    0.00    0.00    0.00
OF57.0   -24.664    0.00 9.1036     0.00    0.00    0.00    0.00    0.00
OF58.0   -24.608    0.00 9.1039     0.00    0.00    0.00    0.00    0.00
OF63.0   -24.326    0.00 9.1052     0.00    0.00    0.00    0.00    0.00
OF64.0   -24.269    0.00 9.1054     0.00    0.00    0.00    0.00    0.00
OF69.0   -23.987    0.00 9.1067     0.00    0.00    0.00    0.00    0.00
OF70.0   -23.931    0.00 9.107      0.00    0.00    0.00    0.00    0.00
OF75.0   -23.649    0.00 9.1083     0.00    0.00    0.00    0.00    0.00
OF76.0   -23.592    0.00 9.1086     0.00    0.00    0.00    0.00    0.00
OF81.0   -23.310    0.00 9.1099     0.00    0.00    0.00    0.00    0.00
OF82.0   -23.253    0.00 9.1101     0.00    0.00    0.00    0.00    0.00
OF87.0   -22.971    0.00 9.1114     0.00    0.00    0.00    0.00    0.00
OF88.0   -22.915    0.00 9.1117     0.00    0.00    0.00    0.00    0.00
OF93.0   -22.633    0.00 9.113      0.00    0.00    0.00    0.00    0.00
OF94.0   -22.576    0.00 9.1133     0.00    0.00    0.00    0.00    0.00
OF193.6  -23.51     0.00 9.0929     0.00    0.00    0.00    0.00    0.00
OF196.8  -23.548    0.00 9.0935     0.00    0.00    0.00    0.00    0.00
OF200.1  -23.565    0.00 9.0939     0.00    0.00    0.00    0.00    0.00
OF203.4  -23.534    0.00 9.0941     0.00    0.00    0.00    0.00    0.00
OF206.7  -23.503    0.00 9.0945     0.00    0.00    0.00    0.00    0.00
OF210.0  -23.472    0.00 9.0947     0.00    0.00    0.00    0.00    0.00
OF213.3  -23.440    0.00 9.0949     0.00    0.00    0.00    0.00    0.00
OF216.5  -23.409    0.00 9.0952     0.00    0.00    0.00    0.00    0.00
OF219.8  -23.378    0.00 9.0954     0.00    0.00    0.00    0.00    0.00
OF223.1  -23.347    0.00 9.0956     0.00    0.00    0.00    0.00    0.00
OF226.4  -23.316    0.00 9.0958     0.00    0.00    0.00    0.00    0.00
OF229.7  -23.285    0.00 9.0961     0.00    0.00    0.00    0.00    0.00
OF232.9  -23.237    0.00 9.0961     0.00    0.00    0.00    0.00    0.00
OF236.2  -23.170    0.00 9.0961     0.00    0.00    0.00    0.00    0.00
OF239.5  -23.103    0.00 9.0962     0.00    0.00    0.00    0.00    0.00
OF242.8  -23.037    0.00 9.0962     0.00    0.00    0.00    0.00    0.00
OF246.1  -22.970    0.00 9.0963     0.00    0.00    0.00    0.00    0.00
OF249.3  -22.904    0.00 9.0964     0.00    0.00    0.00    0.00    0.00
OF252.6  -22.837    0.00 9.0964     0.00    0.00    0.00    0.00    0.00
OF255.9  -22.770    0.00 9.0965     0.00    0.00    0.00    0.00    0.00
OF259.2  -22.704    0.00 9.0966     0.00    0.00    0.00    0.00    0.00
OF262.5  -22.637    0.00 9.0967     0.00    0.00    0.00    0.00    0.00
OF265.7  -22.570    0.00 9.0968     0.00    0.00    0.00    0.00    0.00
OF269.0  -22.504    0.00 9.0969     0.00    0.00    0.00    0.00    0.00
OF272.3  -22.437    0.00 9.097      0.00    0.00    0.00    0.00    0.00
OF275.6  -22.370    0.00 9.0971     0.00    0.00    0.00    0.00    0.00
OF278.9  -22.304    0.00 9.0972     0.00    0.00    0.00    0.00    0.00
OF282.2  -22.196    0.00 9.0972     0.00    0.00    0.00    0.00    0.00
OF285.4  -22.049    0.00 9.0967     0.00    0.00    0.00    0.00    0.00
OF288.7  -21.902    0.00 9.0964     0.00    0.00    0.00    0.00    0.00
OF292.0  -21.755    0.00 9.0959     0.00    0.00    0.00    0.00    0.00
OF295.3  -21.608    0.00 9.0957     0.00    0.00    0.00    0.00    0.00
OF298.6  -21.461    0.00 9.0953     0.00    0.00    0.00    0.00    0.00
OF301.8  -21.314    0.00 9.0951     0.00    0.00    0.00    0.00    0.00
OF305.1  -21.166    0.00 9.0947     0.00    0.00    0.00    0.00    0.00
OF308.4  -21.019    0.00 9.0945     0.00    0.00    0.00    0.00    0.00
OF311.7  -20.872    0.00 9.0941     0.00    0.00    0.00    0.00    0.00
OF315.0  -20.725    0.00 9.094      0.00    0.00    0.00    0.00    0.00
OF318.2  -20.578    0.00 9.0937     0.00    0.00    0.00    0.00    0.00
OF321.5  -20.431    0.00 9.0936     0.00    0.00    0.00    0.00    0.00
OF324.8  -20.284    0.00 9.0934     0.00    0.00    0.00    0.00    0.00
OF328.1  -20.137    0.00 9.0934     0.00    0.00    0.00    0.00    0.00
OF331.4  -19.989    0.00 9.0932     0.00    0.00    0.00    0.00    0.00
OF334.6  -19.842    0.00 9.0932     0.00    0.00    0.00    0.00    0.00
OF337.9  -19.695    0.00 9.0931     0.00    0.00    0.00    0.00    0.00
OF341.2  -19.548    0.00 9.0932     0.00    0.00    0.00    0.00    0.00
OF344.5  -19.401    0.00 9.0934     0.00    0.00    0.00    0.00    0.00
OF351.0  -19.107    0.00 9.0935     0.00    0.00    0.00    0.00    0.00
OF354.3  -18.960    0.00 9.0935     0.00    0.00    0.00    0.00    0.00
OF357.6  -18.867    0.00 9.0941     0.00    0.00    0.00    0.00    0.00
OF360.9  -18.987    0.00 9.0966     0.00    0.00    0.00    0.00    0.00
OF364.2  -19.107    0.00 9.099      0.00    0.00    0.00    0.00    0.00
OF367.5  -19.226    0.00 9.1011     0.00    0.00    0.00    0.00    0.00
OF370.7  -19.346    0.00 9.1035     0.00    0.00    0.00    0.00    0.00
OF374.0  -19.465    0.00 9.1055     0.00    0.00    0.00    0.00    0.00
OF377.3  -19.585    0.00 9.1078     0.00    0.00    0.00    0.00    0.00
OF380.6  -19.705    0.00 9.11       0.00    0.00    0.00    0.00    0.00
OF383.9  -19.824    0.00 9.1118     0.00    0.00    0.00    0.00    0.00
OF387.1  -19.944    0.00 9.1139     0.00    0.00    0.00    0.00    0.00
OF390.4  -20.064    0.00 9.1159     0.00    0.00    0.00    0.00    0.00
OF393.7  -20.183    0.00 9.1176     0.00    0.00    0.00    0.00    0.00
OF397.0  -20.303    0.00 9.1195     0.00    0.00    0.00    0.00    0.00
OF400.3  -20.422    0.00 9.1213     0.00    0.00    0.00    0.00    0.00
OF403.5  -20.542    0.00 9.1229     0.00    0.00    0.00    0.00    0.00
OF406.8  -20.662    0.00 9.1246     0.00    0.00    0.00    0.00    0.00
OF410.1  -20.752    0.00 9.1261     0.00    0.00    0.00    0.00    0.00
OF413.4  -20.694    0.00 9.1264     0.00    0.00    0.00    0.00    0.00
OF416.7  -20.636    0.00 9.1267     0.00    0.00    0.00    0.00    0.00
OF419.9  -20.577    0.00 9.127      0.00    0.00    0.00    0.00    0.00
OF423.2  -20.519    0.00 9.1276     0.00    0.00    0.00    0.00    0.00
OF426.5  -20.461    0.00 9.1279     0.00    0.00    0.00    0.00    0.00
OF429.8  -20.402    0.00 9.1283     0.00    0.00    0.00    0.00    0.00
OF433.1  -20.344    0.00 9.1286     0.00    0.00    0.00    0.00    0.00
OF436.4  -20.286    0.00 9.129      0.00    0.00    0.00    0.00    0.00
OF439.6  -20.228    0.00 9.1296     0.00    0.00    0.00    0.00    0.00
OF442.9  -20.169    0.00 9.1299     0.00    0.00    0.00    0.00    0.00
OF446.2  -20.111    0.00 9.1303     0.00    0.00    0.00    0.00    0.00
OF449.5  -20.053    0.00 9.1307     0.00    0.00    0.00    0.00    0.00
OF452.8  -19.994    0.00 9.1313     0.00    0.00    0.00    0.00    0.00
OF456.0  -19.936    0.00 9.1317     0.00    0.00    0.00    0.00    0.00
OF459.3  -19.878    0.00 9.1322     0.00    0.00    0.00    0.00    0.00
OF462.6  -19.819    0.00 9.1326     0.00    0.00    0.00    0.00    0.00
OF465.9  -19.761    0.00 9.133      0.00    0.00    0.00    0.00    0.00
OF469.2  -19.703    0.00 9.1337     0.00    0.00    0.00    0.00    0.00
OF472.4  -19.645    0.00 9.1341     0.00    0.00    0.00    0.00    0.00
OF475.7  -19.586    0.00 9.1346     0.00    0.00    0.00    0.00    0.00
OF479.0  -19.528    0.00 9.1351     0.00    0.00    0.00    0.00    0.00
OF482.3  -19.516    0.00 9.136      0.00    0.00    0.00    0.00    0.00
OF485.6  -19.526    0.00 9.1369     0.00    0.00    0.00    0.00    0.00
OF488.8  -19.535    0.00 9.1381     0.00    0.00    0.00    0.00    0.00
OF492.1  -19.545    0.00 9.139      0.00    0.00    0.00    0.00    0.00
OF495.4  -19.554    0.00 9.1399     0.00    0.00    0.00    0.00    0.00
OF498.7  -19.564    0.00 9.1408     0.00    0.00    0.00    0.00    0.00
OF502.0  -19.573    0.00 9.1419     0.00    0.00    0.00    0.00    0.00
OF505.2  -19.583    0.00 9.1428     0.00    0.00    0.00    0.00    0.00
OF508.5  -19.592    0.00 9.1436     0.00    0.00    0.00    0.00    0.00
OF511.8  -19.602    0.00 9.1447     0.00    0.00    0.00    0.00    0.00
OF515.1  -19.611    0.00 9.1455     0.00    0.00    0.00    0.00    0.00
OF518.4  -19.621    0.00 9.1463     0.00    0.00    0.00    0.00    0.00
OF521.7  -19.630    0.00 9.1471     0.00    0.00    0.00    0.00    0.00
OF524.9  -19.640    0.00 9.1482     0.00    0.00    0.00    0.00    0.00
OF528.2  -19.649    0.00 9.1489     0.00    0.00    0.00    0.00    0.00
OF531.5  -19.659    0.00 9.1497     0.00    0.00    0.00    0.00    0.00
OF534.8  -19.668    0.00 9.1507     0.00    0.00    0.00    0.00    0.00
OF538.1  -19.678    0.00 9.1515     0.00    0.00    0.00    0.00    0.00
OF541.3  -19.687    0.00 9.1523     0.00    0.00    0.00    0.00    0.00
OF544.6  -19.697    0.00 9.1532     0.00    0.00    0.00    0.00    0.00
OF547.9  -19.706    0.00 9.154      0.00    0.00    0.00    0.00    0.00
OF551.2  -19.716    0.00 9.1547     0.00    0.00    0.00    0.00    0.00
OF554.5  -19.725    0.00 9.1555     0.00    0.00    0.00    0.00    0.00
OF557.7  -19.735    0.00 9.1564     0.00    0.00    0.00    0.00    0.00
OF561.0  -19.744    0.00 9.1571     0.00    0.00    0.00    0.00    0.00
OF564.3  -19.733    0.00 9.1579     0.00    0.00    0.00    0.00    0.00
OF567.6  -19.596    0.00 9.1575     0.00    0.00    0.00    0.00    0.00
OF570.9  -19.459    0.00 9.1573     0.00    0.00    0.00    0.00    0.00
OF574.1  -19.322    0.00 9.1572     0.00    0.00    0.00    0.00    0.00
OF577.4  -19.186    0.00 9.1571     0.00    0.00    0.00    0.00    0.00
OF584.0  -18.912    0.00 9.157      0.00    0.00    0.00    0.00    0.00
OF587.3  -18.775    0.00 9.1567     0.00    0.00    0.00    0.00    0.00
OF590.5  -18.737    0.00 9.1574     0.00    0.00    0.00    0.00    0.00
OF593.8  -18.832    0.00 9.159      0.00    0.00    0.00    0.00    0.00
OF597.1  -18.927    0.00 9.1606     0.00    0.00    0.00    0.00    0.00
OF600.4  -19.022    0.00 9.1622     0.00    0.00    0.00    0.00    0.00
OF603.7  -19.117    0.00 9.1637     0.00    0.00    0.00    0.00    0.00
OF607.0  -19.111    0.00 9.1645     0.00    0.00    0.00    0.00    0.00
OF610.2  -19.086    0.00 9.1651     0.00    0.00    0.00    0.00    0.00
OF613.5  -19.061    0.00 9.1656     0.00    0.00    0.00    0.00    0.00
OF616.8  -19.035    0.00 9.1662     0.00    0.00    0.00    0.00    0.00
OF620.1  -19.010    0.00 9.167      0.00    0.00    0.00    0.00    0.00
OF623.4  -18.985    0.00 9.1676     0.00    0.00    0.00    0.00    0.00
OF626.6  -18.960    0.00 9.1682     0.00    0.00    0.00    0.00    0.00
OF629.9  -18.935    0.00 9.1688     0.00    0.00    0.00    0.00    0.00
OF633.2  -18.909    0.00 9.1696     0.00    0.00    0.00    0.00    0.00
OF636.5  -18.884    0.00 9.1701     0.00    0.00    0.00    0.00    0.00
OF639.8  -18.859    0.00 9.1707     0.00    0.00    0.00    0.00    0.00
OF643.0  -18.834    0.00 9.1713     0.00    0.00    0.00    0.00    0.00
OF646.3  -18.809    0.00 9.1719     0.00    0.00    0.00    0.00    0.00
OF649.6  -18.783    0.00 9.1727     0.00    0.00    0.00    0.00    0.00
OF652.9  -18.758    0.00 9.1732     0.00    0.00    0.00    0.00    0.00
OF659.4  -18.708    0.00 9.1744     0.00    0.00    0.00    0.00    0.00
OF662.7  -18.683    0.00 9.1752     0.00    0.00    0.00    0.00    0.00
OF669.3  -18.632    0.00 9.1763     0.00    0.00    0.00    0.00    0.00
OF672.6  -18.607    0.00 9.1769     0.00    0.00    0.00    0.00    0.00
OF679.1  -18.557    0.00 9.1783     0.00    0.00    0.00    0.00    0.00
OF682.4  -18.531    0.00 9.1788     0.00    0.00    0.00    0.00    0.00
OF689.0  -18.481    0.00 9.1799     0.00    0.00    0.00    0.00    0.00
OF692.3  -18.456    0.00 9.1807     0.00    0.00    0.00    0.00    0.00
OF698.8  -18.405    0.00 9.1818     0.00    0.00    0.00    0.00    0.00
OF702.1  -18.380    0.00 9.1823     0.00    0.00    0.00    0.00    0.00
OF708.7  -18.370    0.00 9.1839     0.00    0.00    0.00    0.00    0.00
OF711.9  -18.368    0.00 9.1846     0.00    0.00    0.00    0.00    0.00
OF718.5  -18.362    0.00 9.1861     0.00    0.00    0.00    0.00    0.00
OF721.8  -18.359    0.00 9.1869     0.00    0.00    0.00    0.00    0.00
OF728.3  -18.354    0.00 9.1883     0.00    0.00    0.00    0.00    0.00
OF731.6  -18.351    0.00 9.1891     0.00    0.00    0.00    0.00    0.00
OF738.2  -18.346    0.00 9.1903     0.00    0.00    0.00    0.00    0.00
OF741.5  -18.343    0.00 9.191      0.00    0.00    0.00    0.00    0.00
OF748.0  -18.338    0.00 9.1924     0.00    0.00    0.00    0.00    0.00
OF751.3  -18.335    0.00 9.1931     0.00    0.00    0.00    0.00    0.00
OF757.9  -18.330    0.00 9.1945     0.00    0.00    0.00    0.00    0.00
OF761.2  -18.327    0.00 9.1951     0.00    0.00    0.00    0.00    0.00
OF767.7  -18.269    0.00 9.196      0.00    0.00    0.00    0.00    0.00
OF771.0  -18.233    0.00 9.1965     0.00    0.00    0.00    0.00    0.00
OF777.6  -18.162    0.00 9.1973     0.00    0.00    0.00    0.00    0.00
OF780.8  -18.127    0.00 9.1978     0.00    0.00    0.00    0.00    0.00
OF787.4  -18.056    0.00 9.1985     0.00    0.00    0.00    0.00    0.00
OF790.7  -18.020    0.00 9.1989     0.00    0.00    0.00    0.00    0.00
OF797.2  -17.949    0.00 9.1998     0.00    0.00    0.00    0.00    0.00
OF800.5  -17.913    0.00 9.2003     0.00    0.00    0.00    0.00    0.00
OF807.1  -17.842    0.00 9.2012     0.00    0.00    0.00    0.00    0.00
OF810.4  -17.807    0.00 9.2017     0.00    0.00    0.00    0.00    0.00
OF944.9  -18.080    0.00 9.2266     0.00    0.00    0.00    0.00    0.00
OF948.2  -18.093    0.00 9.2273     0.00    0.00    0.00    0.00    0.00
OF954.7  -18.072    0.00 9.2279     0.00    0.00    0.00    0.00    0.00
OF958.0  -18.046    0.00 9.2281     0.00    0.00    0.00    0.00    0.00
OF964.6  -17.993    0.00 9.2288     0.00    0.00    0.00    0.00    0.00
OF967.8  -17.966    0.00 9.229      0.00    0.00    0.00    0.00    0.00
OF974.4  -17.913    0.00 9.2294     0.00    0.00    0.00    0.00    0.00
OF977.7  -17.886    0.00 9.2296     0.00    0.00    0.00    0.00    0.00
OF984.2  -17.833    0.00 9.2303     0.00    0.00    0.00    0.00    0.00
OF987.5  -17.806    0.00 9.2305     0.00    0.00    0.00    0.00    0.00
OF994.1  -17.753    0.00 9.231      0.00    0.00    0.00    0.00    0.00
OF997.4  -17.727    0.00 9.2312     0.00    0.00    0.00    0.00    0.00
OF1003.9 -17.674    0.00 9.2319     0.00    0.00    0.00    0.00    0.00
OF1007.2 -17.647    0.00 9.2321     0.00    0.00    0.00    0.00    0.00
OF1013.8 -17.594    0.00 9.2326     0.00    0.00    0.00    0.00    0.00
OF1017.1 -17.567    0.00 9.2331     0.00    0.00    0.00    0.00    0.00
OF1023.6 -17.514    0.00 9.2336     0.00    0.00    0.00    0.00    0.00
OF1026.9 -17.488    0.00 9.2338     0.00    0.00    0.00    0.00    0.00
OF1033.5 -17.434    0.00 9.2346     0.00    0.00    0.00    0.00    0.00
OF1036.7 -17.408    0.00 9.2348     0.00    0.00    0.00    0.00    0.00
OF1043.3 -17.355    0.00 9.2353     0.00    0.00    0.00    0.00    0.00
OF1046.6 -17.328    0.00 9.2356     0.00    0.00    0.00    0.00    0.00
OF1053.1 -17.275    0.00 9.2364     0.00    0.00    0.00    0.00    0.00
OF1056.4 -17.248    0.00 9.2366     0.00    0.00    0.00    0.00    0.00
OF1063.0 -17.195    0.00 9.2372     0.00    0.00    0.00    0.00    0.00
OF1066.3 -17.169    0.00 9.2374     0.00    0.00    0.00    0.00    0.00
OF1072.8 -17.115    0.00 9.2382     0.00    0.00    0.00    0.00    0.00
OF1076.1 -17.089    0.00 9.2385     0.00    0.00    0.00    0.00    0.00
OF1082.7 -17.036    0.00 9.2391     0.00    0.00    0.00    0.00    0.00
OF1086.0 -17.009    0.00 9.2396     0.00    0.00    0.00    0.00    0.00
OF1095.8 -16.930    0.00 9.2405     0.00    0.00    0.00    0.00    0.00
OF1273.0 -17.177    0.00 9.2663     0.00    0.00    0.00    0.00    0.00
OF1276.2 -17.193    0.00 9.2667     0.00    0.00    0.00    0.00    0.00
OF1282.8 -17.012    0.00 9.2664     0.00    0.00    0.00    0.00    0.00
OF1286.1 -16.867    0.00 9.2657     0.00    0.00    0.00    0.00    0.00
OF1292.6 -16.576    0.00 9.2646     0.00    0.00    0.00    0.00    0.00
OF1295.9 -16.431    0.00 9.2642     0.00    0.00    0.00    0.00    0.00
OF1302.5 -16.140    0.00 9.2632     0.00    0.00    0.00    0.00    0.00
OF1305.8 -15.995    0.00 9.2628     0.00    0.00    0.00    0.00    0.00
OF1312.3 -15.704    0.00 9.2619     0.00    0.00    0.00    0.00    0.00
OF1315.6 -15.559    0.00 9.2614     0.00    0.00    0.00    0.00    0.00
OF1322.2 -15.268    0.00 9.2609     0.00    0.00    0.00    0.00    0.00
OF1325.5 -15.122    0.00 9.2605     0.00    0.00    0.00    0.00    0.00
OF1417.3 -16.681    0.00 9.2881     0.00    0.00    0.00    0.00    0.00
OF1420.6 -16.761    0.00 9.2888     0.00    0.00    0.00    0.00    0.00
OF1427.2 -16.750    0.00 9.2895     0.00    0.00    0.00    0.00    0.00
OF1430.4 -16.739    0.00 9.2897     0.00    0.00    0.00    0.00    0.00
OF1443.6 -16.716    0.00 9.291      0.00    0.00    0.00    0.00    0.00
OF1446.8 -16.723    0.00 9.2913     0.00    0.00    0.00    0.00    0.00
OF1453.4 -16.720    0.00 9.2919     0.00    0.00    0.00    0.00    0.00
OF1456.7 -16.560    0.00 9.2913     0.00    0.00    0.00    0.00    0.00
OF1463.3 -16.228    0.00 9.2901     0.00    0.00    0.00    0.00    0.00
OF1466.5 -16.062    0.00 9.2895     0.00    0.00    0.00    0.00    0.00
OF1473.1 -15.731    0.00 9.2883     0.00    0.00    0.00    0.00    0.00
OF1476.4 -15.565    0.00 9.2877     0.00    0.00    0.00    0.00    0.00
OF1482.9 -15.234    0.00 9.2864     0.00    0.00    0.00    0.00    0.00
OF1486.2 -15.068    0.00 9.2859     0.00    0.00    0.00    0.00    0.00
OF1492.8 -14.737    0.00 9.2848     0.00    0.00    0.00    0.00    0.00
OF1496.1 -14.571    0.00 9.2843     0.00    0.00    0.00    0.00    0.00
OF1502.6 -14.239    0.00 9.2834     0.00    0.00    0.00    0.00    0.00
OF1505.9 -14.074    0.00 9.283      0.00    0.00    0.00    0.00    0.00
OF1512.5 -13.742    0.00 9.2822     0.00    0.00    0.00    0.00    0.00
OF1515.7 -13.577    0.00 9.2818     0.00    0.00    0.00    0.00    0.00
OF1522.3 -13.245    0.00 9.2813     0.00    0.00    0.00    0.00    0.00
OF1525.6 -13.079    0.00 9.281      0.00    0.00    0.00    0.00    0.00
OF1542.0 -12.251    0.00 9.2806     0.00    0.00    0.00    0.00    0.00
OF1545.3 -12.085    0.00 9.2807     0.00    0.00    0.00    0.00    0.00
OF1561.7 -11.408    0.00 9.2833     0.00    0.00    0.00    0.00    0.00
OF1565.0 -11.285    0.00 9.284      0.00    0.00    0.00    0.00    0.00
OF1581.4 -10.670    0.00 9.2887     0.00    0.00    0.00    0.00    0.00
OF1584.6 -10.547    0.00 9.2901     0.00    0.00    0.00    0.00    0.00
OF1601.0 -9.9334    0.00 9.2965     0.00    0.00    0.00    0.00    0.00
OF1604.3 -9.8104    0.00 9.2979     0.00    0.00    0.00    0.00    0.00
OF1620.7 -9.196     0.00 9.3061     0.00    0.00    0.00    0.00    0.00
OF1627.3 -9.0769    0.00 9.3116     0.00    0.00    0.00    0.00    0.00
OF1640.4 -9.0161    0.00 9.3237     0.00    0.00    0.00    0.00    0.00
OF1650.3 -8.9705    0.00 9.3322     0.00    0.00    0.00    0.00    0.00
OF1656.8 -8.9287    0.00 9.3372     0.00    0.00    0.00    0.00    0.00
OF1669.9 -8.8111    0.00 9.3472     0.00    0.00    0.00    0.00    0.00
OF1679.8 -8.7228    0.00 9.3541     0.00    0.00    0.00    0.00    0.00
OF1686.3 -8.664     0.00 9.3585     0.00    0.00    0.00    0.00    0.00
OF1699.5 -8.5464    0.00 9.3676     0.00    0.00    0.00    0.00    0.00
OF1709.3 -8.4581    0.00 9.3738     0.00    0.00    0.00    0.00    0.00
OF1715.9 -8.3993    0.00 9.3778     0.00    0.00    0.00    0.00    0.00
OF1729.0 -8.2817    0.00 9.386      0.00    0.00    0.00    0.00    0.00
OF1738.8 -8.0433    0.00 9.3902     0.00    0.00    0.00    0.00    0.00
OF1745.4 -7.8746    0.00 9.3932     0.00    0.00    0.00    0.00    0.00
OF1768.4 -7.2842    0.00 9.4045     0.00    0.00    0.00    0.00    0.00
OF1774.9 -7.1156    0.00 9.408      0.00    0.00    0.00    0.00    0.00
OF1797.9 -6.5252    0.00 9.4213     0.00    0.00    0.00    0.00    0.00
OF1804.5 -6.3514    0.00 9.4255     0.00    0.00    0.00    0.00    0.00
OF1827.4 -5.7241    0.00 9.4405     0.00    0.00    0.00    0.00    0.00
OF1834.0 -5.593     0.00 9.4457     0.00    0.00    0.00    0.00    0.00
OF1857.0 -5.3065    0.00 9.4648     0.00    0.00    0.00    0.00    0.00
OF1863.5 -5.2246    0.00 9.4698     0.00    0.00    0.00    0.00    0.00
OF1893.0 -4.8562    0.00 9.4918     0.00    0.00    0.00    0.00    0.00
OF1906.2 -4.6791    0.00 9.501      0.00    0.00    0.00    0.00    0.00
OF1932.4 -4.3029    0.00 9.5179     0.00    0.00    0.00    0.00    0.00
OF1935.7 -4.2595    0.00 9.5202     0.00    0.00    0.00    0.00    0.00
OF2007.9 -4.3822    0.00 9.5642     0.00    0.00    0.00    0.00    0.00
OF2011.2 -4.3958    0.00 9.5655     0.00    0.00    0.00    0.00    0.00
OF2014.4 -4.4094    0.00 9.567      0.00    0.00    0.00    0.00    0.00
OF2017.7 -4.423     0.00 9.5683     0.00    0.00    0.00    0.00    0.00
OF2021.0 -4.4365    0.00 9.5695     0.00    0.00    0.00    0.00    0.00
OF2024.3 -4.4501    0.00 9.5709     0.00    0.00    0.00    0.00    0.00
OF2027.6 -4.4637    0.00 9.5721     0.00    0.00    0.00    0.00    0.00
OF2030.8 -4.4772    0.00 9.5734     0.00    0.00    0.00    0.00    0.00
OF2034.1 -4.4907    0.00 9.5745     0.00    0.00    0.00    0.00    0.00
OF2037.4 -4.5043    0.00 9.5755     0.00    0.00    0.00    0.00    0.00
OF2040.7 -4.5178    0.00 9.5768     0.00    0.00    0.00    0.00    0.00
OF2044.0 -4.5314    0.00 9.5778     0.00    0.00    0.00    0.00    0.00
OF2047.2 -4.545     0.00 9.579      0.00    0.00    0.00    0.00    0.00
OF2050.5 -4.5585    0.00 9.5799     0.00    0.00    0.00    0.00    0.00
OF2053.8 -4.5721    0.00 9.5811     0.00    0.00    0.00    0.00    0.00
OF2057.1 -4.5749    0.00 9.582      0.00    0.00    0.00    0.00    0.00
OF2060.4 -4.5757    0.00 9.5828     0.00    0.00    0.00    0.00    0.00
OF2063.6 -4.5767    0.00 9.5837     0.00    0.00    0.00    0.00    0.00
OF2066.9 -4.5776    0.00 9.5845     0.00    0.00    0.00    0.00    0.00
OF2070.2 -4.5786    0.00 9.5853     0.00    0.00    0.00    0.00    0.00
OF2073.5 -4.5796    0.00 9.5861     0.00    0.00    0.00    0.00    0.00
OF2076.8 -4.5805    0.00 9.5869     0.00    0.00    0.00    0.00    0.00
OF2080.0 -4.5815    0.00 9.5877     0.00    0.00    0.00    0.00    0.00
OF2083.3 -4.5824    0.00 9.5885     0.00    0.00    0.00    0.00    0.00
OF2086.6 -4.5834    0.00 9.5892     0.00    0.00    0.00    0.00    0.00
OF2089.9 -4.5844    0.00 9.59       0.00    0.00    0.00    0.00    0.00
OF2093.2 -4.5853    0.00 9.5907     0.00    0.00    0.00    0.00    0.00
OF2096.5 -4.5863    0.00 9.5914     0.00    0.00    0.00    0.00    0.00
OF2099.7 -4.5872    0.00 9.5922     0.00    0.00    0.00    0.00    0.00
OF2103.0 -4.5882    0.00 9.5929     0.00    0.00    0.00    0.00    0.00
OF2106.3 -4.5892    0.00 9.5935     0.00    0.00    0.00    0.00    0.00
OF2109.6 -4.5901    0.00 9.5942     0.00    0.00    0.00    0.00    0.00
OF2112.9 -4.5911    0.00 9.5949     0.00    0.00    0.00    0.00    0.00
OF2116.1 -4.5921    0.00 9.5956     0.00    0.00    0.00    0.00    0.00
OF2119.4 -4.593     0.00 9.5962     0.00    0.00    0.00    0.00    0.00
OF2122.7 -4.594     0.00 9.5969     0.00    0.00    0.00    0.00    0.00
OF2126.0 -4.595     0.00 9.5975     0.00    0.00    0.00    0.00    0.00
OF2129.3 -4.5959    0.00 9.5981     0.00    0.00    0.00    0.00    0.00
OF2132.5 -4.5969    0.00 9.5988     0.00    0.00    0.00    0.00    0.00
OF2135.8 -4.5978    0.00 9.5994     0.00    0.00    0.00    0.00    0.00
OF2139.1 -4.5988    0.00 9.6        0.00    0.00    0.00    0.00    0.00
OF2142.4 -4.5998    0.00 9.6006     0.00    0.00    0.00    0.00    0.00
OF2145.7 -4.6007    0.00 9.6012     0.00    0.00    0.00    0.00    0.00
OF2148.9 -4.6017    0.00 9.6017     0.00    0.00    0.00    0.00    0.00
OF2152.2 -4.6027    0.00 9.6023     0.00    0.00    0.00    0.00    0.00
OF2155.5 -4.6036    0.00 9.6029     0.00    0.00    0.00    0.00    0.00
OF2158.8 -4.6112    0.00 9.6037     0.00    0.00    0.00    0.00    0.00
OF2162.1 -4.6204    0.00 9.6042     0.00    0.00    0.00    0.00    0.00
OF2165.3 -4.6296    0.00 9.6047     0.00    0.00    0.00    0.00    0.00
OF2168.6 -4.6388    0.00 9.6055     0.00    0.00    0.00    0.00    0.00
OF2171.9 -4.6481    0.00 9.606      0.00    0.00    0.00    0.00    0.00
OF2175.2 -4.6573    0.00 9.6065     0.00    0.00    0.00    0.00    0.00
OF2178.5 -4.6665    0.00 9.607      0.00    0.00    0.00    0.00    0.00
OF2181.8 -4.6757    0.00 9.6077     0.00    0.00    0.00    0.00    0.00
OF2185.0 -4.685     0.00 9.6081     0.00    0.00    0.00    0.00    0.00
OF2188.3 -4.6942    0.00 9.6086     0.00    0.00    0.00    0.00    0.00
OF2191.6 -4.7034    0.00 9.6093     0.00    0.00    0.00    0.00    0.00
OF2194.9 -4.7127    0.00 9.6097     0.00    0.00    0.00    0.00    0.00
OF2198.2 -4.7219    0.00 9.6102     0.00    0.00    0.00    0.00    0.00
OF2201.4 -4.7311    0.00 9.6106     0.00    0.00    0.00    0.00    0.00
OF2204.7 -4.7403    0.00 9.6112     0.00    0.00    0.00    0.00    0.00
OF2208.0 -4.7496    0.00 9.6117     0.00    0.00    0.00    0.00    0.00
OF2211.3 -4.7588    0.00 9.6121     0.00    0.00    0.00    0.00    0.00
OF2214.6 -4.768     0.00 9.6125     0.00    0.00    0.00    0.00    0.00
OF2217.8 -4.7773    0.00 9.6131     0.00    0.00    0.00    0.00    0.00
OF2221.1 -4.7865    0.00 9.6135     0.00    0.00    0.00    0.00    0.00
OF2224.4 -4.7957    0.00 9.6139     0.00    0.00    0.00    0.00    0.00
OF2227.7 -4.8049    0.00 9.6145     0.00    0.00    0.00    0.00    0.00
OF2231.0 -4.8142    0.00 9.6148     0.00    0.00    0.00    0.00    0.00
OF2234.2 -4.8234    0.00 9.6152     0.00    0.00    0.00    0.00    0.00
OF2237.5 -4.8326    0.00 9.6156     0.00    0.00    0.00    0.00    0.00
OF2240.8 -4.8419    0.00 9.6161     0.00    0.00    0.00    0.00    0.00
OF2244.1 -4.8522    0.00 9.6165     0.00    0.00    0.00    0.00    0.00
OF2247.4 -4.8624    0.00 9.6168     0.00    0.00    0.00    0.00    0.00
OF2250.7 -4.8727    0.00 9.6174     0.00    0.00    0.00    0.00    0.00
OF2253.9 -4.8843    0.00 9.6177     0.00    0.00    0.00    0.00    0.00
OF2257.2 -4.8964    0.00 9.618      0.00    0.00    0.00    0.00    0.00
OF2260.5 -4.9084    0.00 9.6185     0.00    0.00    0.00    0.00    0.00
OF2263.8 -4.9205    0.00 9.6188     0.00    0.00    0.00    0.00    0.00
OF2267.1 -4.9326    0.00 9.6192     0.00    0.00    0.00    0.00    0.00
OF2270.3 -4.9446    0.00 9.6197     0.00    0.00    0.00    0.00    0.00
OF2273.6 -4.9567    0.00 9.62       0.00    0.00    0.00    0.00    0.00
OF2276.9 -4.9687    0.00 9.6204     0.00    0.00    0.00    0.00    0.00
OF2280.2 -4.9808    0.00 9.6207     0.00    0.00    0.00    0.00    0.00
OF2283.5 -4.993     0.00 9.621      0.00    0.00    0.00    0.00    0.00
OF2286.7 -5.0064    0.00 9.6215     0.00    0.00    0.00    0.00    0.00
OF2290.0 -5.0198    0.00 9.6217     0.00    0.00    0.00    0.00    0.00
OF2293.3 -5.0332    0.00 9.6222     0.00    0.00    0.00    0.00    0.00
OF2296.6 -5.0467    0.00 9.6225     0.00    0.00    0.00    0.00    0.00
OF2299.9 -5.0601    0.00 9.6227     0.00    0.00    0.00    0.00    0.00
OF2303.1 -5.0735    0.00 9.6232     0.00    0.00    0.00    0.00    0.00
OF2306.4 -5.0869    0.00 9.6234     0.00    0.00    0.00    0.00    0.00
OF2309.7 -5.1004    0.00 9.6238     0.00    0.00    0.00    0.00    0.00
OF2313.0 -5.1138    0.00 9.6241     0.00    0.00    0.00    0.00    0.00
OF2316.3 -5.1272    0.00 9.6243     0.00    0.00    0.00    0.00    0.00
OF2319.5 -5.1406    0.00 9.6247     0.00    0.00    0.00    0.00    0.00
OF2322.8 -5.1541    0.00 9.625      0.00    0.00    0.00    0.00    0.00
OF2326.1 -5.1675    0.00 9.6254     0.00    0.00    0.00    0.00    0.00
OF2329.4 -5.1809    0.00 9.6256     0.00    0.00    0.00    0.00    0.00
OF2332.7 -5.1943    0.00 9.6258     0.00    0.00    0.00    0.00    0.00
OF2336.0 -5.2078    0.00 9.6262     0.00    0.00    0.00    0.00    0.00
OF2339.2 -5.2212    0.00 9.6264     0.00    0.00    0.00    0.00    0.00
OF2342.5 -5.2346    0.00 9.6268     0.00    0.00    0.00    0.00    0.00
OF2345.8 -5.248     0.00 9.627      0.00    0.00    0.00    0.00    0.00
OF2349.1 -5.2614    0.00 9.6273     0.00    0.00    0.00    0.00    0.00
OF2352.4 -5.2749    0.00 9.6275     0.00    0.00    0.00    0.00    0.00
OF2355.6 -5.2883    0.00 9.6277     0.00    0.00    0.00    0.00    0.00
OF2358.9 -5.3017    0.00 9.6281     0.00    0.00    0.00    0.00    0.00
OF2362.2 -5.3101    0.00 9.6283     0.00    0.00    0.00    0.00    0.00
OF2365.5 -5.3082    0.00 9.6285     0.00    0.00    0.00    0.00    0.00
OF2368.8 -5.3063    0.00 9.6286     0.00    0.00    0.00    0.00    0.00
OF2372.0 -5.3044    0.00 9.6288     0.00    0.00    0.00    0.00    0.00
OF2375.3 -5.3025    0.00 9.629      0.00    0.00    0.00    0.00    0.00
OF2378.6 -5.307     0.00 9.6292     0.00    0.00    0.00    0.00    0.00
OF2381.9 -5.3154    0.00 9.6294     0.00    0.00    0.00    0.00    0.00
OF2385.2 -5.3239    0.00 9.6295     0.00    0.00    0.00    0.00    0.00
OF2388.4 -5.3324    0.00 9.6299     0.00    0.00    0.00    0.00    0.00
OF2391.7 -5.3408    0.00 9.63       0.00    0.00    0.00    0.00    0.00
OF2395.0 -5.3493    0.00 9.6302     0.00    0.00    0.00    0.00    0.00
OF2398.3 -5.3578    0.00 9.6304     0.00    0.00    0.00    0.00    0.00
OF2401.6 -5.3662    0.00 9.6307     0.00    0.00    0.00    0.00    0.00
OF2404.9 -5.3747    0.00 9.6309     0.00    0.00    0.00    0.00    0.00
OF2408.1 -5.3832    0.00 9.631      0.00    0.00    0.00    0.00    0.00
OF2411.4 -5.3916    0.00 9.6312     0.00    0.00    0.00    0.00    0.00
OF2414.7 -5.4001    0.00 9.6315     0.00    0.00    0.00    0.00    0.00
OF2418.0 -5.4085    0.00 9.6317     0.00    0.00    0.00    0.00    0.00
OF2421.3 -5.417     0.00 9.6318     0.00    0.00    0.00    0.00    0.00
OF2424.5 -5.4255    0.00 9.6321     0.00    0.00    0.00    0.00    0.00
OF2427.8 -5.4339    0.00 9.6323     0.00    0.00    0.00    0.00    0.00
OF2431.1 -5.4424    0.00 9.6324     0.00    0.00    0.00    0.00    0.00
OF2434.4 -5.4508    0.00 9.6326     0.00    0.00    0.00    0.00    0.00
OF2437.7 -5.4593    0.00 9.6329     0.00    0.00    0.00    0.00    0.00
OF2440.9 -5.4678    0.00 9.633      0.00    0.00    0.00    0.00    0.00
OF2444.2 -5.4762    0.00 9.6332     0.00    0.00    0.00    0.00    0.00
OF2447.5 -5.4847    0.00 9.6333     0.00    0.00    0.00    0.00    0.00
OF2450.8 -5.4932    0.00 9.6336     0.00    0.00    0.00    0.00    0.00
OF2454.1 -5.5016    0.00 9.6337     0.00    0.00    0.00    0.00    0.00
OF2457.3 -5.5101    0.00 9.6339     0.00    0.00    0.00    0.00    0.00
OF2460.6 -5.5186    0.00 9.634      0.00    0.00    0.00    0.00    0.00
OF2463.9 -5.527     0.00 9.6343     0.00    0.00    0.00    0.00    0.00
OF2467.2 -5.5351    0.00 9.6344     0.00    0.00    0.00    0.00    0.00
OF2470.5 -5.5419    0.00 9.6345     0.00    0.00    0.00    0.00    0.00
OF2473.7 -5.5488    0.00 9.6347     0.00    0.00    0.00    0.00    0.00
OF2477.0 -5.5556    0.00 9.6348     0.00    0.00    0.00    0.00    0.00
OF2480.3 -5.5484    0.00 9.6349     0.00    0.00    0.00    0.00    0.00
OF2483.6 -5.5269    0.00 9.635      0.00    0.00    0.00    0.00    0.00
OF2486.9 -5.5053    0.00 9.635      0.00    0.00    0.00    0.00    0.00
OF2490.2 -5.4838    0.00 9.635      0.00    0.00    0.00    0.00    0.00
OF2493.4 -5.4623    0.00 9.6351     0.00    0.00    0.00    0.00    0.00
OF2496.7 -5.4408    0.00 9.6351     0.00    0.00    0.00    0.00    0.00
OF2500.0 -5.4193    0.00 9.6351     0.00    0.00    0.00    0.00    0.00
OF2503.3 -5.3978    0.00 9.6352     0.00    0.00    0.00    0.00    0.00
OF2506.6 -5.3763    0.00 9.6352     0.00    0.00    0.00    0.00    0.00
OF2509.8 -5.3548    0.00 9.6352     0.00    0.00    0.00    0.00    0.00
OF2513.1 -5.3333    0.00 9.6353     0.00    0.00    0.00    0.00    0.00
OF2516.4 -5.3118    0.00 9.6353     0.00    0.00    0.00    0.00    0.00
OF2519.7 -5.2903    0.00 9.6353     0.00    0.00    0.00    0.00    0.00
OF2523.0 -5.2688    0.00 9.6355     0.00    0.00    0.00    0.00    0.00
OF2526.2 -5.2473    0.00 9.6355     0.00    0.00    0.00    0.00    0.00
OF2529.5 -5.2258    0.00 9.6355     0.00    0.00    0.00    0.00    0.00
OF2532.8 -5.2043    0.00 9.6356     0.00    0.00    0.00    0.00    0.00
OF2536.1 -5.1828    0.00 9.6356     0.00    0.00    0.00    0.00    0.00
OF2539.4 -5.1613    0.00 9.6356     0.00    0.00    0.00    0.00    0.00
OF2542.6 -5.1398    0.00 9.6358     0.00    0.00    0.00    0.00    0.00
OF2545.9 -5.1183    0.00 9.6358     0.00    0.00    0.00    0.00    0.00
OF2549.2 -5.0967    0.00 9.6358     0.00    0.00    0.00    0.00    0.00
OF2552.5 -5.0753    0.00 9.636      0.00    0.00    0.00    0.00    0.00
OF2555.8 -5.0537    0.00 9.636      0.00    0.00    0.00    0.00    0.00
OF2559.0 -5.0322    0.00 9.6362     0.00    0.00    0.00    0.00    0.00
OF2562.3 -5.0107    0.00 9.6362     0.00    0.00    0.00    0.00    0.00
OF2565.6 -4.9892    0.00 9.6363     0.00    0.00    0.00    0.00    0.00
OF2568.9 -4.9677    0.00 9.6365     0.00    0.00    0.00    0.00    0.00
OF2572.2 -4.958     0.00 9.6365     0.00    0.00    0.00    0.00    0.00
OF2575.5 -4.9913    0.00 9.6368     0.00    0.00    0.00    0.00    0.00
OF2578.7 -5.0245    0.00 9.6372     0.00    0.00    0.00    0.00    0.00
OF2582.0 -5.0497    0.00 9.6375     0.00    0.00    0.00    0.00    0.00
OF2585.3 -5.07      0.00 9.6379     0.00    0.00    0.00    0.00    0.00
OF2588.6 -5.0904    0.00 9.638      0.00    0.00    0.00    0.00    0.00
OF2591.9 -5.1108    0.00 9.6384     0.00    0.00    0.00    0.00    0.00
OF2595.1 -5.1311    0.00 9.6387     0.00    0.00    0.00    0.00    0.00
OF2598.4 -5.1515    0.00 9.6388     0.00    0.00    0.00    0.00    0.00
OF2601.7 -5.1718    0.00 9.6392     0.00    0.00    0.00    0.00    0.00
OF2605.0 -5.1922    0.00 9.6393     0.00    0.00    0.00    0.00    0.00
OF2608.3 -5.2125    0.00 9.6396     0.00    0.00    0.00    0.00    0.00
OF2611.5 -5.2329    0.00 9.6399     0.00    0.00    0.00    0.00    0.00
OF2614.8 -5.2532    0.00 9.64       0.00    0.00    0.00    0.00    0.00
OF2618.1 -5.2736    0.00 9.6403     0.00    0.00    0.00    0.00    0.00
OF2621.4 -5.294     0.00 9.6406     0.00    0.00    0.00    0.00    0.00
OF2624.7 -5.3143    0.00 9.6407     0.00    0.00    0.00    0.00    0.00
OF2627.9 -5.3347    0.00 9.641      0.00    0.00    0.00    0.00    0.00
OF2631.2 -5.355     0.00 9.6411     0.00    0.00    0.00    0.00    0.00
OF2634.5 -5.3754    0.00 9.6414     0.00    0.00    0.00    0.00    0.00
OF2637.8 -5.3957    0.00 9.6417     0.00    0.00    0.00    0.00    0.00
OF2641.1 -5.4161    0.00 9.6418     0.00    0.00    0.00    0.00    0.00
OF2644.4 -5.4365    0.00 9.642      0.00    0.00    0.00    0.00    0.00
OF2647.6 -5.4568    0.00 9.6421     0.00    0.00    0.00    0.00    0.00
OF2650.9 -5.4781    0.00 9.6424     0.00    0.00    0.00    0.00    0.00
OF2654.2 -5.5009    0.00 9.6426     0.00    0.00    0.00    0.00    0.00
OF2657.5 -5.5237    0.00 9.6429     0.00    0.00    0.00    0.00    0.00
OF2660.8 -5.5466    0.00 9.643      0.00    0.00    0.00    0.00    0.00
OF2664.0 -5.5694    0.00 9.6432     0.00    0.00    0.00    0.00    0.00
OF2667.3 -5.5923    0.00 9.6435     0.00    0.00    0.00    0.00    0.00
OF2670.6 -5.615     0.00 9.6435     0.00    0.00    0.00    0.00    0.00
OF2673.9 -5.6379    0.00 9.6438     0.00    0.00    0.00    0.00    0.00
OF2677.2 -5.6607    0.00 9.644      0.00    0.00    0.00    0.00    0.00
OF2680.4 -5.6836    0.00 9.6441     0.00    0.00    0.00    0.00    0.00
OF2683.7 -5.7064    0.00 9.6443     0.00    0.00    0.00    0.00    0.00
OF2687.0 -5.7292    0.00 9.6445     0.00    0.00    0.00    0.00    0.00
OF2690.3 -5.7521    0.00 9.6446     0.00    0.00    0.00    0.00    0.00
OF2693.6 -5.7749    0.00 9.6448     0.00    0.00    0.00    0.00    0.00
OF2696.8 -5.7977    0.00 9.645      0.00    0.00    0.00    0.00    0.00
OF2700.1 -5.8206    0.00 9.6452     0.00    0.00    0.00    0.00    0.00
OF2703.4 -5.8434    0.00 9.6453     0.00    0.00    0.00    0.00    0.00
OF2706.7 -5.8663    0.00 9.6455     0.00    0.00    0.00    0.00    0.00
OF2710.0 -5.8891    0.00 9.6457     0.00    0.00    0.00    0.00    0.00
OF2713.2 -5.9119    0.00 9.6457     0.00    0.00    0.00    0.00    0.00
OF2716.5 -5.9363    0.00 9.6459     0.00    0.00    0.00    0.00    0.00
OF2719.8 -5.9627    0.00 9.6461     0.00    0.00    0.00    0.00    0.00
OF2723.1 -5.9891    0.00 9.6463     0.00    0.00    0.00    0.00    0.00
OF2726.4 -6.0156    0.00 9.6465     0.00    0.00    0.00    0.00    0.00
OF2729.7 -6.042     0.00 9.6465     0.00    0.00    0.00    0.00    0.00
OF2732.9 -6.0684    0.00 9.6467     0.00    0.00    0.00    0.00    0.00
OF2736.2 -6.0949    0.00 9.6469     0.00    0.00    0.00    0.00    0.00
OF2739.5 -6.1213    0.00 9.6471     0.00    0.00    0.00    0.00    0.00
OF2742.8 -6.1477    0.00 9.6472     0.00    0.00    0.00    0.00    0.00
OF2746.1 -6.165     0.00 9.6473     0.00    0.00    0.00    0.00    0.00
OF2749.3 -6.1811    0.00 9.6474     0.00    0.00    0.00    0.00    0.00
OF2752.6 -6.1973    0.00 9.6475     0.00    0.00    0.00    0.00    0.00
OF2755.9 -6.2134    0.00 9.6476     0.00    0.00    0.00    0.00    0.00
OF2759.2 -6.2295    0.00 9.6477     0.00    0.00    0.00    0.00    0.00
OF2762.5 -6.2456    0.00 9.6478     0.00    0.00    0.00    0.00    0.00
OF2765.7 -6.2617    0.00 9.6479     0.00    0.00    0.00    0.00    0.00
OF2769.0 -6.2778    0.00 9.6479     0.00    0.00    0.00    0.00    0.00
OF2772.3 -6.2939    0.00 9.6481     0.00    0.00    0.00    0.00    0.00
OF2775.6 -6.31      0.00 9.6481     0.00    0.00    0.00    0.00    0.00
OF2778.9 -6.3261    0.00 9.6483     0.00    0.00    0.00    0.00    0.00
OF2782.1 -6.3423    0.00 9.6483     0.00    0.00    0.00    0.00    0.00
OF2785.4 -6.3584    0.00 9.6485     0.00    0.00    0.00    0.00    0.00
OF2788.7 -6.3745    0.00 9.6485     0.00    0.00    0.00    0.00    0.00
OF2792.0 -6.3905    0.00 9.6486     0.00    0.00    0.00    0.00    0.00
OF2795.3 -6.4067    0.00 9.6487     0.00    0.00    0.00    0.00    0.00
OF2798.6 -6.4228    0.00 9.6488     0.00    0.00    0.00    0.00    0.00
OF2801.8 -6.4389    0.00 9.6489     0.00    0.00    0.00    0.00    0.00
OF2805.1 -6.455     0.00 9.649      0.00    0.00    0.00    0.00    0.00
OF2808.4 -6.4711    0.00 9.649      0.00    0.00    0.00    0.00    0.00
OF2811.7 -6.4868    0.00 9.6492     0.00    0.00    0.00    0.00    0.00
OF2815.0 -6.4878    0.00 9.6492     0.00    0.00    0.00    0.00    0.00
OF2818.2 -6.4873    0.00 9.6492     0.00    0.00    0.00    0.00    0.00
OF2821.5 -6.4868    0.00 9.6493     0.00    0.00    0.00    0.00    0.00
OF2824.8 -6.4863    0.00 9.6493     0.00    0.00    0.00    0.00    0.00
OF2828.1 -6.4858    0.00 9.6493     0.00    0.00    0.00    0.00    0.00
OF2831.4 -6.4853    0.00 9.6493     0.00    0.00    0.00    0.00    0.00
OF2834.6 -6.4848    0.00 9.6494     0.00    0.00    0.00    0.00    0.00
OF2837.9 -6.4843    0.00 9.6494     0.00    0.00    0.00    0.00    0.00
OF2841.2 -6.4838    0.00 9.6494     0.00    0.00    0.00    0.00    0.00
OF2844.5 -6.4833    0.00 9.6494     0.00    0.00    0.00    0.00    0.00
OF2847.8 -6.4828    0.00 9.6494     0.00    0.00    0.00    0.00    0.00
OF2851.0 -6.4822    0.00 9.6495     0.00    0.00    0.00    0.00    0.00
OF2854.3 -6.4816    0.00 9.6495     0.00    0.00    0.00    0.00    0.00
OF2857.6 -6.4809    0.00 9.6495     0.00    0.00    0.00    0.00    0.00
OF2860.9 -6.4803    0.00 9.6496     0.00    0.00    0.00    0.00    0.00
OF2864.2 -6.4797    0.00 9.6496     0.00    0.00    0.00    0.00    0.00
OF2867.4 -6.4791    0.00 9.6496     0.00    0.00    0.00    0.00    0.00
OF2870.7 -6.4785    0.00 9.6496     0.00    0.00    0.00    0.00    0.00
OF2874.0 -6.4779    0.00 9.6497     0.00    0.00    0.00    0.00    0.00
OF2877.3 -6.4773    0.00 9.6497     0.00    0.00    0.00    0.00    0.00
OF2880.6 -6.4767    0.00 9.6497     0.00    0.00    0.00    0.00    0.00
OF2883.9 -6.476     0.00 9.6497     0.00    0.00    0.00    0.00    0.00
OF2887.1 -6.4754    0.00 9.6498     0.00    0.00    0.00    0.00    0.00
OF2890.4 -6.4748    0.00 9.6498     0.00    0.00    0.00    0.00    0.00
OF2893.7 -6.4742    0.00 9.6497     0.00    0.00    0.00    0.00    0.00
OF2897.0 -6.4736    0.00 9.6497     0.00    0.00    0.00    0.00    0.00
OF2900.3 -6.473     0.00 9.6498     0.00    0.00    0.00    0.00    0.00
OF2903.5 -6.4724    0.00 9.6498     0.00    0.00    0.00    0.00    0.00
OF2906.8 -6.4718    0.00 9.6498     0.00    0.00    0.00    0.00    0.00
OF2910.1 -6.4712    0.00 9.6498     0.00    0.00    0.00    0.00    0.00
OF2913.4 -6.4705    0.00 9.6499     0.00    0.00    0.00    0.00    0.00
OF2916.7 -6.4699    0.00 9.6499     0.00    0.00    0.00    0.00    0.00
OF2919.9 -6.4693    0.00 9.6499     0.00    0.00    0.00    0.00    0.00
OF2923.2 -6.4687    0.00 9.65       0.00    0.00    0.00    0.00    0.00
OF2926.5 -6.4681    0.00 9.65       0.00    0.00    0.00    0.00    0.00
OF2929.8 -6.4406    0.00 9.6499     0.00    0.00    0.00    0.00    0.00
OF2933.1 -6.3855    0.00 9.6498     0.00    0.00    0.00    0.00    0.00
OF2936.3 -6.3304    0.00 9.6496     0.00    0.00    0.00    0.00    0.00
OF2939.6 -6.2753    0.00 9.6494     0.00    0.00    0.00    0.00    0.00
OF2942.9 -6.2201    0.00 9.6493     0.00    0.00    0.00    0.00    0.00
OF2946.2 -6.165     0.00 9.6491     0.00    0.00    0.00    0.00    0.00
OF2949.5 -6.1099    0.00 9.6489     0.00    0.00    0.00    0.00    0.00
OF2952.7 -6.0436    0.00 9.6487     0.00    0.00    0.00    0.00    0.00
OF2956.0 -5.9568    0.00 9.6485     0.00    0.00    0.00    0.00    0.00
OF2959.3 -5.87      0.00 9.6481     0.00    0.00    0.00    0.00    0.00
OF2962.6 -5.7833    0.00 9.6478     0.00    0.00    0.00    0.00    0.00
OF2965.9 -5.6965    0.00 9.6476     0.00    0.00    0.00    0.00    0.00
OF2969.2 -5.6097    0.00 9.6473     0.00    0.00    0.00    0.00    0.00
OF2972.4 -5.5229    0.00 9.6469     0.00    0.00    0.00    0.00    0.00
OF2975.7 -5.4361    0.00 9.6468     0.00    0.00    0.00    0.00    0.00
OF2979.0 -5.3493    0.00 9.6464     0.00    0.00    0.00    0.00    0.00
OF2982.3 -5.2626    0.00 9.6463     0.00    0.00    0.00    0.00    0.00
OF2985.6 -5.1758    0.00 9.646      0.00    0.00    0.00    0.00    0.00
OF2988.8 -5.089     0.00 9.6457     0.00    0.00    0.00    0.00    0.00
OF2992.1 -5.0022    0.00 9.6455     0.00    0.00    0.00    0.00    0.00
OF2995.4 -4.9154    0.00 9.6452     0.00    0.00    0.00    0.00    0.00
OF2998.7 -4.8287    0.00 9.6449     0.00    0.00    0.00    0.00    0.00
OF3002.0 -4.7419    0.00 9.6448     0.00    0.00    0.00    0.00    0.00
OF3005.2 -4.6565    0.00 9.6445     0.00    0.00    0.00    0.00    0.00
OF3008.5 -4.6389    0.00 9.6448     0.00    0.00    0.00    0.00    0.00
OF3011.8 -4.6366    0.00 9.6448     0.00    0.00    0.00    0.00    0.00
OF3015.1 -4.6342    0.00 9.645      0.00    0.00    0.00    0.00    0.00
OF3018.4 -4.6319    0.00 9.6453     0.00    0.00    0.00    0.00    0.00
OF3021.6 -4.6296    0.00 9.6455     0.00    0.00    0.00    0.00    0.00
OF3024.9 -4.6272    0.00 9.6457     0.00    0.00    0.00    0.00    0.00
OF3028.2 -4.6249    0.00 9.6459     0.00    0.00    0.00    0.00    0.00
OF3031.5 -4.6226    0.00 9.6461     0.00    0.00    0.00    0.00    0.00
OF3034.8 -4.6202    0.00 9.6464     0.00    0.00    0.00    0.00    0.00
OF3038.1 -4.6179    0.00 9.6466     0.00    0.00    0.00    0.00    0.00
OF3041.3 -4.6155    0.00 9.6468     0.00    0.00    0.00    0.00    0.00
OF3044.6 -4.6132    0.00 9.647      0.00    0.00    0.00    0.00    0.00
OF3047.9 -4.6109    0.00 9.6472     0.00    0.00    0.00    0.00    0.00
OF3051.2 -4.6085    0.00 9.6474     0.00    0.00    0.00    0.00    0.00
OF3054.5 -4.6062    0.00 9.6476     0.00    0.00    0.00    0.00    0.00
OF3057.7 -4.6039    0.00 9.6476     0.00    0.00    0.00    0.00    0.00
OF3061.0 -4.6015    0.00 9.6479     0.00    0.00    0.00    0.00    0.00
OF3064.3 -4.5992    0.00 9.6481     0.00    0.00    0.00    0.00    0.00
OF3067.6 -4.5968    0.00 9.6483     0.00    0.00    0.00    0.00    0.00
OF3070.9 -4.5944    0.00 9.6485     0.00    0.00    0.00    0.00    0.00
OF3074.1 -4.5914    0.00 9.6487     0.00    0.00    0.00    0.00    0.00
OF3077.4 -4.5883    0.00 9.6489     0.00    0.00    0.00    0.00    0.00
OF3080.7 -4.5853    0.00 9.6491     0.00    0.00    0.00    0.00    0.00
OF3084.0 -4.5822    0.00 9.6493     0.00    0.00    0.00    0.00    0.00
OF3087.3 -4.5792    0.00 9.6495     0.00    0.00    0.00    0.00    0.00
OF3090.5 -4.5761    0.00 9.6496     0.00    0.00    0.00    0.00    0.00
OF3093.8 -4.573     0.00 9.6498     0.00    0.00    0.00    0.00    0.00
OF3097.1 -4.57      0.00 9.6499     0.00    0.00    0.00    0.00    0.00
OF3100.4 -4.5683    0.00 9.6501     0.00    0.00    0.00    0.00    0.00
OF3103.7 -4.5668    0.00 9.6503     0.00    0.00    0.00    0.00    0.00
OF3106.9 -4.5653    0.00 9.6504     0.00    0.00    0.00    0.00    0.00
OF3110.2 -4.5638    0.00 9.6506     0.00    0.00    0.00    0.00    0.00
OF3113.5 -4.5623    0.00 9.6508     0.00    0.00    0.00    0.00    0.00
OF3116.8 -4.551     0.00 9.651      0.00    0.00    0.00    0.00    0.00
OF3120.1 -4.5294    0.00 9.651      0.00    0.00    0.00    0.00    0.00
OF3123.4 -4.5078    0.00 9.6512     0.00    0.00    0.00    0.00    0.00
OF3126.6 -4.4862    0.00 9.6513     0.00    0.00    0.00    0.00    0.00
OF3129.9 -4.4646    0.00 9.6513     0.00    0.00    0.00    0.00    0.00
OF3133.2 -4.443     0.00 9.6515     0.00    0.00    0.00    0.00    0.00
OF3136.5 -4.4214    0.00 9.6515     0.00    0.00    0.00    0.00    0.00
OF3139.8 -4.3998    0.00 9.6516     0.00    0.00    0.00    0.00    0.00
OF3143.0 -4.3782    0.00 9.6518     0.00    0.00    0.00    0.00    0.00
OF3146.3 -4.3566    0.00 9.6518     0.00    0.00    0.00    0.00    0.00
OF3149.6 -4.335     0.00 9.6519     0.00    0.00    0.00    0.00    0.00
OF3152.9 -4.3134    0.00 9.6521     0.00    0.00    0.00    0.00    0.00
OF3156.2 -4.2918    0.00 9.6521     0.00    0.00    0.00    0.00    0.00
OF3159.4 -4.2702    0.00 9.6522     0.00    0.00    0.00    0.00    0.00
OF3162.7 -4.2486    0.00 9.6524     0.00    0.00    0.00    0.00    0.00
OF3166.0 -4.227     0.00 9.6525     0.00    0.00    0.00    0.00    0.00
OF3169.3 -4.2054    0.00 9.6525     0.00    0.00    0.00    0.00    0.00
OF3172.6 -4.1838    0.00 9.6528     0.00    0.00    0.00    0.00    0.00
OF3175.8 -4.1622    0.00 9.6528     0.00    0.00    0.00    0.00    0.00
OF3179.1 -4.1406    0.00 9.6529     0.00    0.00    0.00    0.00    0.00
OF3182.4 -4.119     0.00 9.6532     0.00    0.00    0.00    0.00    0.00
OF3185.7 -4.0974    0.00 9.6532     0.00    0.00    0.00    0.00    0.00
OF3189.0 -4.0758    0.00 9.6533     0.00    0.00    0.00    0.00    0.00
OF3192.3 -4.0542    0.00 9.6536     0.00    0.00    0.00    0.00    0.00
OF3195.5 -4.0326    0.00 9.6536     0.00    0.00    0.00    0.00    0.00
OF3198.8 -4.011     0.00 9.6537     0.00    0.00    0.00    0.00    0.00
OF3202.1 -3.9894    0.00 9.654      0.00    0.00    0.00    0.00    0.00
OF3205.4 -3.9678    0.00 9.6541     0.00    0.00    0.00    0.00    0.00
OF3208.7 -3.944     0.00 9.6542     0.00    0.00    0.00    0.00    0.00
OF3211.9 -3.9192    0.00 9.6544     0.00    0.00    0.00    0.00    0.00
OF3215.2 -3.8945    0.00 9.6545     0.00    0.00    0.00    0.00    0.00
OF3218.5 -3.8697    0.00 9.6546     0.00    0.00    0.00    0.00    0.00
OF3221.8 -3.845     0.00 9.6548     0.00    0.00    0.00    0.00    0.00
OF3225.1 -3.832     0.00 9.655      0.00    0.00    0.00    0.00    0.00
OF3228.3 -3.8254    0.00 9.6553     0.00    0.00    0.00    0.00    0.00
OF3231.6 -3.8187    0.00 9.6556     0.00    0.00    0.00    0.00    0.00
OF3234.9 -3.8121    0.00 9.6557     0.00    0.00    0.00    0.00    0.00
OF3238.2 -3.8055    0.00 9.656      0.00    0.00    0.00    0.00    0.00
OF3241.5 -3.7989    0.00 9.6563     0.00    0.00    0.00    0.00    0.00
OF3244.7 -3.7922    0.00 9.6566     0.00    0.00    0.00    0.00    0.00
OF3248.0 -3.7856    0.00 9.6568     0.00    0.00    0.00    0.00    0.00
OF3251.3 -3.779     0.00 9.6569     0.00    0.00    0.00    0.00    0.00
OF3254.6 -3.7724    0.00 9.6572     0.00    0.00    0.00    0.00    0.00
OF3257.9 -3.7657    0.00 9.6575     0.00    0.00    0.00    0.00    0.00
OF3261.1 -3.7591    0.00 9.6578     0.00    0.00    0.00    0.00    0.00
OF3264.4 -3.7525    0.00 9.658      0.00    0.00    0.00    0.00    0.00
OF3267.7 -3.7459    0.00 9.6581     0.00    0.00    0.00    0.00    0.00
OF3271.0 -3.7392    0.00 9.6584     0.00    0.00    0.00    0.00    0.00
OF3274.3 -3.7326    0.00 9.6587     0.00    0.00    0.00    0.00    0.00
OF3277.6 -3.7256    0.00 9.659      0.00    0.00    0.00    0.00    0.00
OF3280.8 -3.7186    0.00 9.6591     0.00    0.00    0.00    0.00    0.00
OF3284.1 -3.7116    0.00 9.6593     0.00    0.00    0.00    0.00    0.00
OF3287.4 -3.7045    0.00 9.6596     0.00    0.00    0.00    0.00    0.00
OF3290.7 -3.6975    0.00 9.6599     0.00    0.00    0.00    0.00    0.00
OF3294.0 -3.6905    0.00 9.6601     0.00    0.00    0.00    0.00    0.00
OF3297.2 -3.6835    0.00 9.6602     0.00    0.00    0.00    0.00    0.00
OF3300.5 -3.6764    0.00 9.6605     0.00    0.00    0.00    0.00    0.00
OF3303.8 -3.6694    0.00 9.6608     0.00    0.00    0.00    0.00    0.00
OF3307.1 -3.6624    0.00 9.661      0.00    0.00    0.00    0.00    0.00
OF3310.4 -3.6508    0.00 9.6611     0.00    0.00    0.00    0.00    0.00
OF3313.6 -3.5534    0.00 9.6608     0.00    0.00    0.00    0.00    0.00
OF3316.9 -3.4443    0.00 9.6606     0.00    0.00    0.00    0.00    0.00
OF3320.2 -3.3363    0.00 9.6604     0.00    0.00    0.00    0.00    0.00
OF3323.5 -3.2492    0.00 9.6602     0.00    0.00    0.00    0.00    0.00
OF3326.8 -3.1636    0.00 9.6602     0.00    0.00    0.00    0.00    0.00
OF3330.0 -3.078     0.00 9.66       0.00    0.00    0.00    0.00    0.00
OF3333.3 -2.9925    0.00 9.6599     0.00    0.00    0.00    0.00    0.00
OF3336.6 -2.907     0.00 9.66       0.00    0.00    0.00    0.00    0.00
OF3339.9 -2.8215    0.00 9.6598     0.00    0.00    0.00    0.00    0.00
OF3343.2 -2.7359    0.00 9.66       0.00    0.00    0.00    0.00    0.00
OF3346.4 -2.6504    0.00 9.6599     0.00    0.00    0.00    0.00    0.00
OF3349.7 -2.5648    0.00 9.6599     0.00    0.00    0.00    0.00    0.00
OF3353.0 -2.4792    0.00 9.6601     0.00    0.00    0.00    0.00    0.00
OF3356.3 -2.3937    0.00 9.6601     0.00    0.00    0.00    0.00    0.00
OF3359.6 -2.3082    0.00 9.6604     0.00    0.00    0.00    0.00    0.00
OF3362.9 -2.2227    0.00 9.6604     0.00    0.00    0.00    0.00    0.00
OF3366.1 -2.1371    0.00 9.6605     0.00    0.00    0.00    0.00    0.00
OF3369.4 -2.0516    0.00 9.6609     0.00    0.00    0.00    0.00    0.00
OF3372.7 -1.966     0.00 9.6611     0.00    0.00    0.00    0.00    0.00
OF3376.0 -1.8805    0.00 9.6613     0.00    0.00    0.00    0.00    0.00
OF3379.3 -1.7949    0.00 9.6618     0.00    0.00    0.00    0.00    0.00
OF3382.5 -1.7094    0.00 9.662      0.00    0.00    0.00    0.00    0.00
OF3385.8 -1.6183    0.00 9.6624     0.00    0.00    0.00    0.00    0.00
OF3389.1 -1.5189    0.00 9.6627     0.00    0.00    0.00    0.00    0.00
OF3392.4 -1.4194    0.00 9.6631     0.00    0.00    0.00    0.00    0.00
OF3395.7 -1.3199    0.00 9.6636     0.00    0.00    0.00    0.00    0.00
OF3398.9 -1.2203    0.00 9.6641     0.00    0.00    0.00    0.00    0.00
OF3402.2 -1.1208    0.00 9.6647     0.00    0.00    0.00    0.00    0.00
OF3405.5 -1.0213    0.00 9.6653     0.00    0.00    0.00    0.00    0.00
OF3408.8 -0.9217    0.00 9.666      0.00    0.00    0.00    0.00    0.00
OF3412.1 -0.8222    0.00 9.6667     0.00    0.00    0.00    0.00    0.00
OF3415.3 -0.7227    0.00 9.6675     0.00    0.00    0.00    0.00    0.00
OF3418.6 -0.6232    0.00 9.6683     0.00    0.00    0.00    0.00    0.00
OF3421.9 -0.5237    0.00 9.6693     0.00    0.00    0.00    0.00    0.00
OF3425.2 -0.4242    0.00 9.6702     0.00    0.00    0.00    0.00    0.00
OF3428.5 -0.3247    0.00 9.6713     0.00    0.00    0.00    0.00    0.00
OF3431.8 -0.2251    0.00 9.6724     0.00    0.00    0.00    0.00    0.00
OF3435.0 -0.1257    0.00 9.6735     0.00    0.00    0.00    0.00    0.00
OF3438.3 -0.0261    0.00 9.6749     0.00    0.00    0.00    0.00    0.00
OF3441.6 -1.0815    0.00 9.6861     0.00    0.00    0.00    0.00    0.00
OF3444.9 -0.2399    0.00 9.6798     0.00    0.00    0.00    0.00    0.00
IF3448.2 0.4393     0.00 9.6752     0.00    0.00    0.00    0.00    0.00
IF3451.4 0.82018    0.00 9.6739     0.00    0.00    0.00    0.00    0.00
IF3454.7 1.2328     0.00 9.6731     0.00    0.00    0.00    0.00    0.00
IF3458.0 1.6992     0.00 9.6718     0.00    0.00    0.00    0.00    0.00
IF3461.3 2.1657     0.00 9.672      0.00    0.00    0.00    0.00    0.00
IF3464.6 2.6907     0.00 9.6725     0.00    0.00    0.00    0.00    0.00
IF3467.8 3.2504     0.00 9.6742     0.00    0.00    0.00    0.00    0.00
IF3471.1 3.8101     0.00 9.6786     0.00    0.00    0.00    0.00    0.00
IF3474.4 4.1247     0.00 9.692      0.00    0.00    0.00    0.00    0.00
IF3477.7 4.2617     0.00 9.712      0.00    0.00    0.00    0.00    0.00
IF3481.0 4.3916     0.00 9.7312     0.00    0.00    0.00    0.00    0.00
IF3484.2 4.5943     0.00 9.7479     0.00    0.00    0.00    0.00    0.00
IF3487.5 4.9172     0.00 9.7619     0.00    0.00    0.00    0.00    0.00
IF3490.8 5.2402     0.00 9.778      0.00    0.00    0.00    0.00    0.00
IF3494.1 5.3804     0.00 9.8014     0.00    0.00    0.00    0.00    0.00
IF3497.4 5.4163     0.00 9.8255     0.00    0.00    0.00    0.00    0.00
IF3500.6 5.4522     0.00 9.8463     0.00    0.00    0.00    0.00    0.00
IF3503.9 5.4011     0.00 9.8661     0.00    0.00    0.00    0.00    0.00
IF3507.2 5.3396     0.00 9.8813     0.00    0.00    0.00    0.00    0.00
IF3510.5 5.561      0.00 9.89       0.00    0.00    0.00    0.00    0.00
IF3513.8 5.8719     0.00 9.8967     0.00    0.00    0.00    0.00    0.00
IF3517.1 6.1782     0.00 9.9067     0.00    0.00    0.00    0.00    0.00
IF3520.3 6.2036     0.00 9.9248     0.00    0.00    0.00    0.00    0.00
IF3523.6 6.2289     0.00 9.9409     0.00    0.00    0.00    0.00    0.00
IF3526.9 6.4659     0.00 9.9514     0.00    0.00    0.00    0.00    0.00
IF3530.2 6.7819     0.00 9.9616     0.00    0.00    0.00    0.00    0.00
IF3533.5 6.7281     0.00 9.9832     0.00    0.00    0.00    0.00    0.00
IF3536.7 6.7265     0.00 9.9989     0.00    0.00    0.00    0.00    0.00
IF3540.0 6.7714     0.00 10.0114    0.00    0.00    0.00    0.00    0.00
IF3543.3 6.8162     0.00 10.0218    0.00    0.00    0.00    0.00    0.00
IF3546.6 6.8611     0.00 10.0319    0.00    0.00    0.00    0.00    0.00
IF3549.9 6.9875     0.00 10.0394    0.00    0.00    0.00    0.00    0.00
IF3553.1 7.1259     0.00 10.0473    0.00    0.00    0.00    0.00    0.00
IF3556.4 7.2643     0.00 10.0557    0.00    0.00    0.00    0.00    0.00
IF3559.7 7.4027     0.00 10.0648    0.00    0.00    0.00    0.00    0.00
IF3563.0 7.4015     0.00 10.0762    0.00    0.00    0.00    0.00    0.00
IF3566.3 7.3093     0.00 10.0866    0.00    0.00    0.00    0.00    0.00
IF3569.5 7.4111     0.00 10.0925    0.00    0.00    0.00    0.00    0.00
IF3572.8 7.7306     0.00 10.096     0.00    0.00    0.00    0.00    0.00
IF3576.1 8.0501     0.00 10.1019    0.00    0.00    0.00    0.00    0.00
IF3579.4 8.3695     0.00 10.1268    0.00    0.00    0.00    0.00    0.00
IF3582.7 8.5656     0.00 10.1546    0.00    0.00    0.00    0.00    0.00
IF3586.0 8.6986     0.00 10.1779    0.00    0.00    0.00    0.00    0.00
IF3589.2 8.8316     0.00 10.1983    0.00    0.00    0.00    0.00    0.00
IF3592.5 8.9645     0.00 10.216     0.00    0.00    0.00    0.00    0.00
IF3595.8 9.0975     0.00 10.2329    0.00    0.00    0.00    0.00    0.00
IF3597.5 9.1667     0.00 10.2329    0.00    0.00    0.00    0.00    0.00
IF3624.0 10.1148    0.00 10.2329    0.00    0.00    0.00    0.00    0.00
IF3640.5 9.9836     0.00 10.2329    0.00    0.00    0.00    0.00    0.00
IF3649.0 9.4915     0.00 10.2329    0.00    0.00    0.00    0.00    0.00
IF3656.0 9.4259     0.00 10.2329    0.00    0.00    0.00    0.00    0.00
IF3674.0 8.9665     0.00 10.2329    0.00    0.00    0.00    0.00    0.00
IF3677.5 8.9337     0.00 10.2329    0.00    0.00    0.00    0.00    0.00
IF3688.0 8.4744     0.00 10.2329    0.00    0.00    0.00    0.00    0.00
IF3694.5 8.6713     0.00 10.2329    0.00    0.00    0.00    0.00    0.00
IF3709.0 8.6385     0.00 10.2329    0.00    0.00    0.00    0.00    0.00
IF3721.0 8.7697     0.00 10.2329    0.00    0.00    0.00    0.00    0.00
IF3726.5 9.626      0.00 10.2329    0.00    0.00    0.00    0.00    0.00
IF3740.5 8.8681     0.00 10.2329    0.00    0.00    0.00    0.00    0.00
IF3759.0 9.6227     0.00 10.2329    0.00    0.00    0.00    0.00    0.00
IF3772.2 10.2329    0.00 10.2329    0.00    0.00    0.00    0.00    0.00
AS3785.8 9.4598     0.00 9.4598     0.00    0.00    0.00    0.00    0.00
IF3792.5 9.1306     0.00 9.4598     0.00    0.00    0.00    0.00    0.00
IF3805.5 8.9665     0.00 9.4598     0.00    0.00    0.00    0.00    0.00
IF3815.5 9.1306     0.00 9.4598     0.00    0.00    0.00    0.00    0.00
IF3825.0 8.7041     0.00 9.4598     0.00    0.00    0.00    0.00    0.00
IF3839.3 9.4598     0.00 9.4598     0.00    0.00    0.00    0.00    0.00
AS3996.9 9.4076     0.00 9.4076     0.00    0.00    0.00    0.00    0.00
IF4005.5 9.1339     0.00 9.4076     0.00    0.00    0.00    0.00    0.00
IF4029.5 9.1995     0.00 9.4076     0.00    0.00    0.00    0.00    0.00
IF4073.5 8.2185     0.00 9.4086     0.00    0.00    0.00    0.00    0.00
IF4083.0 9.1043     0.00 9.4088     0.00    0.00    0.00    0.00    0.00
IF4091.0 7.5591     0.00 9.4089     0.00    0.00    0.00    0.00    0.00
IF4111.5 4.4062     0.00 9.4095     0.00    0.00    0.00    0.00    0.00
IF4147.0 3.8484     0.00 9.4109     0.00    0.00    0.00    0.00    0.00
IF4151.5 4.2421     0.00 9.4111     0.00    0.00    0.00    0.00    0.00
OF4370.0 -1.5005    0.00 9.4154     0.00    0.00    0.00    0.00    0.00
IF4488.0 6.0138     0.00 9.418      0.00    0.00    0.00    0.00    0.00
IF4498.5 5.8169     0.00 9.4182     0.00    0.00    0.00    0.00    0.00
IF4528.0 6.25       0.00 9.4182     0.00    0.00    0.00    0.00    0.00
IF4539.5 8.3169     0.00 9.4182     0.00    0.00    0.00    0.00    0.00
IF4548.5 7.8215     0.00 9.4182     0.00    0.00    0.00    0.00    0.00
IF4561.0 7.9823     0.00 9.4182     0.00    0.00    0.00    0.00    0.00
IF4572.0 8.0479     0.00 9.4182     0.00    0.00    0.00    0.00    0.00
IF4580.5 8.2448     0.00 9.4182     0.00    0.00    0.00    0.00    0.00
IF4596.6 9.4182     0.00 9.4182     0.00    0.00    0.00    0.00    0.00
AS4766.4 9.4598     0.00 9.4598     0.00    0.00    0.00    0.00    0.00
IF4772.5 8.1562     0.00 9.4598     0.00    0.00    0.00    0.00    0.00
IF4792.5 7.7198     0.00 9.4598     0.00    0.00    0.00    0.00    0.00
IF4808.5 7.7854     0.00 9.4598     0.00    0.00    0.00    0.00    0.00
IF4816.5 7.9954     0.00 9.4598     0.00    0.00    0.00    0.00    0.00
IF4829.4 9.4598     0.00 9.4598     0.00    0.00    0.00    0.00    0.00
AS4845.1 9.4598     0.00 9.4598     0.00    0.00    0.00    0.00    0.00
IF4847.5 9.2618     0.00 9.4598     0.00    0.00    0.00    0.00    0.00
IF4865.0 9.1962     0.00 9.4598     0.00    0.00    0.00    0.00    0.00
IF4879.0 8.6155     0.00 9.4598     0.00    0.00    0.00    0.00    0.00
IF4886.5 8.6056     0.00 9.4598     0.00    0.00    0.00    0.00    0.00
IF4897.0 8.5072     0.00 9.4598     0.00    0.00    0.00    0.00    0.00
IF4912.6 9.4598     0.00 9.4598     0.00    0.00    0.00    0.00    0.00
AS5381.5 9.4532     0.00 9.4532     0.00    0.00    0.00    0.00    0.00
IF5383.5 9.1437     0.00 9.4532     0.00    0.00    0.00    0.00    0.00
IF5397.0 9.0486     0.00 9.4532     0.00    0.00    0.00    0.00    0.00
IF5411.5 7.4738     0.00 9.4532     0.00    0.00    0.00    0.00    0.00
IF5424.5 6.8471     0.00 9.4532     0.00    0.00    0.00    0.00    0.00
IF5444.5 6.6535     0.00 9.4532     0.00    0.00    0.00    0.00    0.00
IF5449.0 7.3392     0.00 9.4532     0.00    0.00    0.00    0.00    0.00
IF5462.5 6.063      0.00 9.4532     0.00    0.00    0.00    0.00    0.00
IF5487.5 5.2723     0.00 9.4532     0.00    0.00    0.00    0.00    0.00
IF5495.5 4.8622     0.00 9.4532     0.00    0.00    0.00    0.00    0.00
IF5594.5 5.0623     0.00 9.4582     0.00    0.00    0.00    0.00    0.00
IF5601.0 5.5217     0.00 9.4586     0.00    0.00    0.00    0.00    0.00
IF5617.5 5.8825     0.00 9.4595     0.00    0.00    0.00    0.00    0.00
IF5623.0 6.2106     0.00 9.4598     0.00    0.00    0.00    0.00    0.00
IF5638.0 6.1089     0.00 9.4598     0.00    0.00    0.00    0.00    0.00
IF5644.0 6.4698     0.00 9.4598     0.00    0.00    0.00    0.00    0.00
IF5671.0 7.0932     0.00 9.4598     0.00    0.00    0.00    0.00    0.00
IF5680.5 7.29       0.00 9.4598     0.00    0.00    0.00    0.00    0.00
IF5690.5 7.5853     0.00 9.4598     0.00    0.00    0.00    0.00    0.00
IF5713.0 8.5696     0.00 9.4598     0.00    0.00    0.00    0.00    0.00
IF5721.0 8.832      0.00 9.4598     0.00    0.00    0.00    0.00    0.00
IF5728.7 9.4598     0.00 9.4598     0.00    0.00    0.00    0.00    0.00
PS START(384293.9656,4801521.0524)
PS END(383114.6088,4802916.6908)
ET
 
 
 
