header
IE0.0    -16.238       1       1 9.3261  7.1254  11.615    56.14   56.14
OF1.0    -16.229    0.00 9.3261     0.00    0.00    0.00    0.00    0.00
OF2.0    -16.221    0.00 9.3261     0.00    0.00    0.00    0.00    0.00
OF3.0    -16.212    0.00 9.326      0.00    0.00    0.00    0.00    0.00
OF4.0    -16.203    0.00 9.326      0.00    0.00    0.00    0.00    0.00
OF5.0    -16.195    0.00 9.326      0.00    0.00    0.00    0.00    0.00
OF6.0    -16.186    0.00 9.326      0.00    0.00    0.00    0.00    0.00
OF7.0    -16.177    0.00 9.326      0.00    0.00    0.00    0.00    0.00
OF8.0    -16.169    0.00 9.326      0.00    0.00    0.00    0.00    0.00
OF9.0    -16.160    0.00 9.326      0.00    0.00    0.00    0.00    0.00
OF10.0   -16.151    0.00 9.326      0.00    0.00    0.00    0.00    0.00
OF11.0   -16.142    0.00 9.326      0.00    0.00    0.00    0.00    0.00
OF12.0   -16.134    0.00 9.3259     0.00    0.00    0.00    0.00    0.00
OF13.0   -16.125    0.00 9.3259     0.00    0.00    0.00    0.00    0.00
OF14.0   -16.116    0.00 9.3259     0.00    0.00    0.00    0.00    0.00
OF15.0   -16.108    0.00 9.3259     0.00    0.00    0.00    0.00    0.00
OF16.0   -16.099    0.00 9.3259     0.00    0.00    0.00    0.00    0.00
OF17.0   -16.090    0.00 9.3259     0.00    0.00    0.00    0.00    0.00
OF18.0   -16.082    0.00 9.3259     0.00    0.00    0.00    0.00    0.00
OF19.0   -16.073    0.00 9.3259     0.00    0.00    0.00    0.00    0.00
OF20.0   -16.064    0.00 9.3259     0.00    0.00    0.00    0.00    0.00
OF21.0   -16.055    0.00 9.3258     0.00    0.00    0.00    0.00    0.00
OF22.0   -16.047    0.00 9.3258     0.00    0.00    0.00    0.00    0.00
OF23.0   -16.038    0.00 9.3258     0.00    0.00    0.00    0.00    0.00
OF24.0   -16.029    0.00 9.3258     0.00    0.00    0.00    0.00    0.00
OF25.0   -16.021    0.00 9.3258     0.00    0.00    0.00    0.00    0.00
OF26.0   -15.998    0.00 9.3258     0.00    0.00    0.00    0.00    0.00
OF27.0   -15.826    0.00 9.3258     0.00    0.00    0.00    0.00    0.00
OF28.0   -15.655    0.00 9.3257     0.00    0.00    0.00    0.00    0.00
OF29.0   -15.483    0.00 9.3257     0.00    0.00    0.00    0.00    0.00
OF30.0   -15.312    0.00 9.3257     0.00    0.00    0.00    0.00    0.00
OF31.0   -15.140    0.00 9.3256     0.00    0.00    0.00    0.00    0.00
OF32.0   -14.968    0.00 9.3256     0.00    0.00    0.00    0.00    0.00
OF33.0   -14.797    0.00 9.3256     0.00    0.00    0.00    0.00    0.00
OF34.0   -14.625    0.00 9.3255     0.00    0.00    0.00    0.00    0.00
OF35.0   -14.454    0.00 9.3255     0.00    0.00    0.00    0.00    0.00
OF36.0   -14.283    0.00 9.3255     0.00    0.00    0.00    0.00    0.00
OF37.0   -14.111    0.00 9.3254     0.00    0.00    0.00    0.00    0.00
OF38.0   -13.940    0.00 9.3254     0.00    0.00    0.00    0.00    0.00
OF39.0   -13.768    0.00 9.3254     0.00    0.00    0.00    0.00    0.00
OF40.0   -13.597    0.00 9.3253     0.00    0.00    0.00    0.00    0.00
OF41.0   -13.425    0.00 9.3253     0.00    0.00    0.00    0.00    0.00
OF42.0   -13.253    0.00 9.3253     0.00    0.00    0.00    0.00    0.00
OF43.0   -13.082    0.00 9.3252     0.00    0.00    0.00    0.00    0.00
OF44.0   -12.910    0.00 9.3252     0.00    0.00    0.00    0.00    0.00
OF45.0   -12.738    0.00 9.3252     0.00    0.00    0.00    0.00    0.00
OF46.0   -12.567    0.00 9.3251     0.00    0.00    0.00    0.00    0.00
OF47.0   -12.395    0.00 9.3251     0.00    0.00    0.00    0.00    0.00
OF48.0   -12.224    0.00 9.3251     0.00    0.00    0.00    0.00    0.00
OF49.0   -12.053    0.00 9.3251     0.00    0.00    0.00    0.00    0.00
OF50.0   -11.881    0.00 9.325      0.00    0.00    0.00    0.00    0.00
OF51.0   -11.710    0.00 9.325      0.00    0.00    0.00    0.00    0.00
OF52.0   -11.538    0.00 9.325      0.00    0.00    0.00    0.00    0.00
OF53.0   -11.367    0.00 9.3249     0.00    0.00    0.00    0.00    0.00
OF54.0   -11.195    0.00 9.3249     0.00    0.00    0.00    0.00    0.00
OF55.0   -11.023    0.00 9.3249     0.00    0.00    0.00    0.00    0.00
OF56.0   -10.852    0.00 9.3248     0.00    0.00    0.00    0.00    0.00
OF57.0   -10.680    0.00 9.3248     0.00    0.00    0.00    0.00    0.00
OF58.0   -10.509    0.00 9.3248     0.00    0.00    0.00    0.00    0.00
OF59.0   -10.337    0.00 9.3247     0.00    0.00    0.00    0.00    0.00
OF60.0   -10.166    0.00 9.3247     0.00    0.00    0.00    0.00    0.00
OF61.0   -10.033    0.00 9.3247     0.00    0.00    0.00    0.00    0.00
OF62.0   -9.9032    0.00 9.3247     0.00    0.00    0.00    0.00    0.00
OF63.0   -9.7726    0.00 9.3246     0.00    0.00    0.00    0.00    0.00
OF64.0   -9.6427    0.00 9.3246     0.00    0.00    0.00    0.00    0.00
OF65.0   -9.512     0.00 9.3246     0.00    0.00    0.00    0.00    0.00
OF66.0   -9.3822    0.00 9.3246     0.00    0.00    0.00    0.00    0.00
OF67.0   -9.2515    0.00 9.3246     0.00    0.00    0.00    0.00    0.00
OF68.0   -9.1213    0.00 9.3246     0.00    0.00    0.00    0.00    0.00
OF69.0   -8.991     0.00 9.3245     0.00    0.00    0.00    0.00    0.00
OF70.0   -8.8608    0.00 9.3245     0.00    0.00    0.00    0.00    0.00
OF71.0   -8.7305    0.00 9.3245     0.00    0.00    0.00    0.00    0.00
OF72.0   -8.6002    0.00 9.3245     0.00    0.00    0.00    0.00    0.00
OF73.0   -8.4696    0.00 9.3245     0.00    0.00    0.00    0.00    0.00
OF74.0   -8.3397    0.00 9.3244     0.00    0.00    0.00    0.00    0.00
OF75.0   -8.2091    0.00 9.3244     0.00    0.00    0.00    0.00    0.00
OF76.0   -8.0792    0.00 9.3244     0.00    0.00    0.00    0.00    0.00
OF77.0   -7.9486    0.00 9.3244     0.00    0.00    0.00    0.00    0.00
OF78.0   -7.8183    0.00 9.3244     0.00    0.00    0.00    0.00    0.00
OF79.0   -7.688     0.00 9.3244     0.00    0.00    0.00    0.00    0.00
OF80.0   -7.5578    0.00 9.3243     0.00    0.00    0.00    0.00    0.00
OF81.0   -7.4272    0.00 9.3243     0.00    0.00    0.00    0.00    0.00
OF82.0   -7.2973    0.00 9.3243     0.00    0.00    0.00    0.00    0.00
OF83.0   -7.1667    0.00 9.3243     0.00    0.00    0.00    0.00    0.00
OF84.0   -7.0368    0.00 9.3243     0.00    0.00    0.00    0.00    0.00
OF85.0   -6.9061    0.00 9.3242     0.00    0.00    0.00    0.00    0.00
OF86.0   -6.7759    0.00 9.3242     0.00    0.00    0.00    0.00    0.00
OF87.0   -6.6456    0.00 9.3242     0.00    0.00    0.00    0.00    0.00
OF88.0   -6.5154    0.00 9.3242     0.00    0.00    0.00    0.00    0.00
OF89.0   -6.3899    0.00 9.3242     0.00    0.00    0.00    0.00    0.00
OF90.0   -6.2724    0.00 9.3242     0.00    0.00    0.00    0.00    0.00
OF91.0   -6.1545    0.00 9.3241     0.00    0.00    0.00    0.00    0.00
OF92.0   -6.0373    0.00 9.3241     0.00    0.00    0.00    0.00    0.00
OF93.0   -5.9194    0.00 9.3241     0.00    0.00    0.00    0.00    0.00
OF94.0   -5.8022    0.00 9.3241     0.00    0.00    0.00    0.00    0.00
OF95.0   -5.6843    0.00 9.3241     0.00    0.00    0.00    0.00    0.00
OF96.0   -5.5668    0.00 9.324      0.00    0.00    0.00    0.00    0.00
OF97.0   -5.4492    0.00 9.324      0.00    0.00    0.00    0.00    0.00
OF98.0   -5.3317    0.00 9.324      0.00    0.00    0.00    0.00    0.00
OF99.0   -5.2138    0.00 9.324      0.00    0.00    0.00    0.00    0.00
OF100.0  -5.0966    0.00 9.324      0.00    0.00    0.00    0.00    0.00
OF101.0  -4.9787    0.00 9.324      0.00    0.00    0.00    0.00    0.00
OF102.0  -4.8615    0.00 9.3239     0.00    0.00    0.00    0.00    0.00
OF103.0  -4.7436    0.00 9.3239     0.00    0.00    0.00    0.00    0.00
OF104.0  -4.6261    0.00 9.3239     0.00    0.00    0.00    0.00    0.00
OF105.0  -4.5089    0.00 9.3239     0.00    0.00    0.00    0.00    0.00
OF106.0  -4.391     0.00 9.3239     0.00    0.00    0.00    0.00    0.00
OF107.0  -4.2738    0.00 9.3238     0.00    0.00    0.00    0.00    0.00
OF108.0  -4.1559    0.00 9.3238     0.00    0.00    0.00    0.00    0.00
OF109.0  -4.0384    0.00 9.3238     0.00    0.00    0.00    0.00    0.00
OF110.0  -3.9208    0.00 9.3238     0.00    0.00    0.00    0.00    0.00
OF111.0  -3.8138    0.00 9.3238     0.00    0.00    0.00    0.00    0.00
OF112.0  -3.7738    0.00 9.3238     0.00    0.00    0.00    0.00    0.00
OF113.0  -3.734     0.00 9.3237     0.00    0.00    0.00    0.00    0.00
OF114.0  -3.6941    0.00 9.3237     0.00    0.00    0.00    0.00    0.00
OF115.0  -3.6543    0.00 9.3237     0.00    0.00    0.00    0.00    0.00
OF116.0  -3.6143    0.00 9.3237     0.00    0.00    0.00    0.00    0.00
OF117.0  -3.5744    0.00 9.3237     0.00    0.00    0.00    0.00    0.00
OF118.0  -3.5346    0.00 9.3237     0.00    0.00    0.00    0.00    0.00
OF119.0  -3.4946    0.00 9.3237     0.00    0.00    0.00    0.00    0.00
OF120.0  -3.4548    0.00 9.3237     0.00    0.00    0.00    0.00    0.00
OF121.0  -3.4149    0.00 9.3236     0.00    0.00    0.00    0.00    0.00
OF122.0  -3.3749    0.00 9.3236     0.00    0.00    0.00    0.00    0.00
OF123.0  -3.3351    0.00 9.3236     0.00    0.00    0.00    0.00    0.00
OF124.0  -3.2952    0.00 9.3236     0.00    0.00    0.00    0.00    0.00
OF125.0  -3.2554    0.00 9.3236     0.00    0.00    0.00    0.00    0.00
OF126.0  -3.2154    0.00 9.3236     0.00    0.00    0.00    0.00    0.00
OF127.0  -3.1755    0.00 9.3236     0.00    0.00    0.00    0.00    0.00
OF128.0  -3.1357    0.00 9.3235     0.00    0.00    0.00    0.00    0.00
OF129.0  -3.0957    0.00 9.3235     0.00    0.00    0.00    0.00    0.00
OF130.0  -3.0558    0.00 9.3235     0.00    0.00    0.00    0.00    0.00
OF131.0  -3.016     0.00 9.3235     0.00    0.00    0.00    0.00    0.00
OF132.0  -2.976     0.00 9.3235     0.00    0.00    0.00    0.00    0.00
OF133.0  -2.9362    0.00 9.3235     0.00    0.00    0.00    0.00    0.00
OF134.0  -2.8963    0.00 9.3235     0.00    0.00    0.00    0.00    0.00
OF135.0  -2.8564    0.00 9.3235     0.00    0.00    0.00    0.00    0.00
OF136.0  -2.8165    0.00 9.3234     0.00    0.00    0.00    0.00    0.00
OF137.0  -2.7766    0.00 9.3234     0.00    0.00    0.00    0.00    0.00
OF138.0  -2.7368    0.00 9.3234     0.00    0.00    0.00    0.00    0.00
OF139.0  -2.6969    0.00 9.3234     0.00    0.00    0.00    0.00    0.00
OF140.0  -2.6569    0.00 9.3234     0.00    0.00    0.00    0.00    0.00
OF141.0  -2.6171    0.00 9.3234     0.00    0.00    0.00    0.00    0.00
OF142.0  -2.5772    0.00 9.3234     0.00    0.00    0.00    0.00    0.00
OF143.0  -2.5374    0.00 9.3234     0.00    0.00    0.00    0.00    0.00
OF144.0  -2.4974    0.00 9.3233     0.00    0.00    0.00    0.00    0.00
OF145.0  -2.4575    0.00 9.3233     0.00    0.00    0.00    0.00    0.00
OF146.0  -2.4177    0.00 9.3233     0.00    0.00    0.00    0.00    0.00
OF147.0  -2.3777    0.00 9.3233     0.00    0.00    0.00    0.00    0.00
OF148.0  -2.3378    0.00 9.3233     0.00    0.00    0.00    0.00    0.00
OF149.0  -2.298     0.00 9.3233     0.00    0.00    0.00    0.00    0.00
OF150.0  -2.258     0.00 9.3233     0.00    0.00    0.00    0.00    0.00
OF151.0  -2.2182    0.00 9.3232     0.00    0.00    0.00    0.00    0.00
OF152.0  -2.1783    0.00 9.3232     0.00    0.00    0.00    0.00    0.00
OF153.0  -2.1383    0.00 9.3232     0.00    0.00    0.00    0.00    0.00
OF154.0  -2.0985    0.00 9.3232     0.00    0.00    0.00    0.00    0.00
OF155.0  -2.0586    0.00 9.3232     0.00    0.00    0.00    0.00    0.00
OF156.0  -2.0188    0.00 9.3232     0.00    0.00    0.00    0.00    0.00
OF157.0  -1.9788    0.00 9.3232     0.00    0.00    0.00    0.00    0.00
OF158.0  -1.9389    0.00 9.3232     0.00    0.00    0.00    0.00    0.00
OF159.0  -1.8991    0.00 9.3231     0.00    0.00    0.00    0.00    0.00
OF160.0  -1.8591    0.00 9.3231     0.00    0.00    0.00    0.00    0.00
OF161.0  -1.8193    0.00 9.3231     0.00    0.00    0.00    0.00    0.00
OF162.0  -1.7794    0.00 9.3231     0.00    0.00    0.00    0.00    0.00
OF163.0  -1.7395    0.00 9.3231     0.00    0.00    0.00    0.00    0.00
OF164.0  -1.6996    0.00 9.3231     0.00    0.00    0.00    0.00    0.00
OF165.0  -1.6596    0.00 9.3231     0.00    0.00    0.00    0.00    0.00
OF166.0  -1.6114    0.00 9.3232     0.00    0.00    0.00    0.00    0.00
OF167.0  -1.5634    0.00 9.3233     0.00    0.00    0.00    0.00    0.00
OF168.0  -1.5152    0.00 9.3234     0.00    0.00    0.00    0.00    0.00
OF169.0  -1.4672    0.00 9.3235     0.00    0.00    0.00    0.00    0.00
OF170.0  -1.4189    0.00 9.3236     0.00    0.00    0.00    0.00    0.00
OF171.0  -1.3708    0.00 9.3237     0.00    0.00    0.00    0.00    0.00
OF172.0  -1.3227    0.00 9.3238     0.00    0.00    0.00    0.00    0.00
OF173.0  -1.2745    0.00 9.3239     0.00    0.00    0.00    0.00    0.00
OF174.0  -1.2264    0.00 9.324      0.00    0.00    0.00    0.00    0.00
OF175.0  -1.1783    0.00 9.3241     0.00    0.00    0.00    0.00    0.00
OF176.0  -1.13      0.00 9.3242     0.00    0.00    0.00    0.00    0.00
OF177.0  -1.082     0.00 9.3243     0.00    0.00    0.00    0.00    0.00
OF178.0  -1.0338    0.00 9.3244     0.00    0.00    0.00    0.00    0.00
OF179.0  -0.9857    0.00 9.3245     0.00    0.00    0.00    0.00    0.00
OF180.0  -0.9375    0.00 9.3246     0.00    0.00    0.00    0.00    0.00
OF181.0  -0.8893    0.00 9.3247     0.00    0.00    0.00    0.00    0.00
OF182.0  -0.8413    0.00 9.3248     0.00    0.00    0.00    0.00    0.00
OF183.0  -0.7931    0.00 9.3249     0.00    0.00    0.00    0.00    0.00
OF184.0  -0.7449    0.00 9.325      0.00    0.00    0.00    0.00    0.00
OF185.0  -0.6968    0.00 9.3251     0.00    0.00    0.00    0.00    0.00
OF186.0  -0.6486    0.00 9.3252     0.00    0.00    0.00    0.00    0.00
OF187.0  -0.6006    0.00 9.3253     0.00    0.00    0.00    0.00    0.00
OF188.0  -0.5524    0.00 9.3254     0.00    0.00    0.00    0.00    0.00
OF189.0  -0.5042    0.00 9.3255     0.00    0.00    0.00    0.00    0.00
OF190.0  -0.4561    0.00 9.3256     0.00    0.00    0.00    0.00    0.00
OF191.0  -0.4080    0.00 9.3257     0.00    0.00    0.00    0.00    0.00
OF192.0  -0.3599    0.00 9.3258     0.00    0.00    0.00    0.00    0.00
OF193.0  -0.3117    0.00 9.3259     0.00    0.00    0.00    0.00    0.00
OF194.0  -0.2635    0.00 9.326      0.00    0.00    0.00    0.00    0.00
OF195.0  -0.2155    0.00 9.3261     0.00    0.00    0.00    0.00    0.00
OF196.0  -0.1672    0.00 9.3262     0.00    0.00    0.00    0.00    0.00
OF197.0  -0.1192    0.00 9.3263     0.00    0.00    0.00    0.00    0.00
OF198.0  -0.0710    0.00 9.3264     0.00    0.00    0.00    0.00    0.00
OF199.0  -0.0228    0.00 9.3265     0.00    0.00    0.00    0.00    0.00
OF201.5  -0.7119    0.00 9.3267     0.00    0.00    0.00    0.00    0.00
IF205.0  0.07545    0.00 9.3271     0.00    0.00    0.00    0.00    0.00
IF212.0  1.0597     0.00 9.3278     0.00    0.00    0.00    0.00    0.00
IF220.5  0.86286    0.00 9.3278     0.00    0.00    0.00    0.00    0.00
IF223.0  1.6503     0.00 9.3278     0.00    0.00    0.00    0.00    0.00
IF230.5  2.208      0.00 9.3278     0.00    0.00    0.00    0.00    0.00
IF245.5  4.0125     0.00 9.3278     0.00    0.00    0.00    0.00    0.00
IF252.6  6.9872     0.00 9.518      0.00    0.00    0.00    0.00    0.00
IF255.9  8.3572     0.00 9.8781     0.00    0.00    0.00    0.00    0.00
IF259.2  9.7271     0.00 10.2651    0.00    0.00    0.00    0.00    0.00
IF260.5  10.2651    0.00 10.2651    0.00    0.00    0.00    0.00    0.00
PS START(383992.3704,4802357.5308)
PS END(384045.7135,4802549.4425)
ET
 
 
 
