header
IE0.0    -15.580       1       1 8.9231  4.1956  8.6079    56.14   56.14
OF1.0    -15.562    0.00 8.9231     0.00    0.00    0.00    0.00    0.00
OF2.0    -15.544    0.00 8.9231     0.00    0.00    0.00    0.00    0.00
OF3.0    -15.526    0.00 8.9231     0.00    0.00    0.00    0.00    0.00
OF4.0    -15.508    0.00 8.9231     0.00    0.00    0.00    0.00    0.00
OF5.0    -15.49     0.00 8.9231     0.00    0.00    0.00    0.00    0.00
OF6.0    -15.472    0.00 8.9231     0.00    0.00    0.00    0.00    0.00
OF7.0    -15.454    0.00 8.9231     0.00    0.00    0.00    0.00    0.00
OF8.0    -15.435    0.00 8.9231     0.00    0.00    0.00    0.00    0.00
OF9.0    -15.417    0.00 8.9231     0.00    0.00    0.00    0.00    0.00
OF10.0   -15.399    0.00 8.9231     0.00    0.00    0.00    0.00    0.00
OF11.0   -15.381    0.00 8.9231     0.00    0.00    0.00    0.00    0.00
OF12.0   -15.363    0.00 8.9231     0.00    0.00    0.00    0.00    0.00
OF13.0   -15.345    0.00 8.9231     0.00    0.00    0.00    0.00    0.00
OF14.0   -15.327    0.00 8.9231     0.00    0.00    0.00    0.00    0.00
OF15.0   -15.309    0.00 8.9231     0.00    0.00    0.00    0.00    0.00
OF16.0   -15.291    0.00 8.9231     0.00    0.00    0.00    0.00    0.00
OF17.0   -15.273    0.00 8.9231     0.00    0.00    0.00    0.00    0.00
OF18.0   -15.255    0.00 8.9231     0.00    0.00    0.00    0.00    0.00
OF19.0   -15.237    0.00 8.9231     0.00    0.00    0.00    0.00    0.00
OF20.0   -15.219    0.00 8.9231     0.00    0.00    0.00    0.00    0.00
OF21.0   -15.201    0.00 8.9231     0.00    0.00    0.00    0.00    0.00
OF22.0   -15.183    0.00 8.9231     0.00    0.00    0.00    0.00    0.00
OF23.0   -15.165    0.00 8.9231     0.00    0.00    0.00    0.00    0.00
OF24.0   -15.147    0.00 8.9231     0.00    0.00    0.00    0.00    0.00
OF25.0   -15.129    0.00 8.9231     0.00    0.00    0.00    0.00    0.00
OF26.0   -15.111    0.00 8.9231     0.00    0.00    0.00    0.00    0.00
OF27.0   -15.093    0.00 8.9231     0.00    0.00    0.00    0.00    0.00
OF28.0   -15.075    0.00 8.9231     0.00    0.00    0.00    0.00    0.00
OF29.0   -15.057    0.00 8.9231     0.00    0.00    0.00    0.00    0.00
OF30.0   -15.039    0.00 8.9231     0.00    0.00    0.00    0.00    0.00
OF31.0   -15.021    0.00 8.9231     0.00    0.00    0.00    0.00    0.00
OF32.0   -15.003    0.00 8.9231     0.00    0.00    0.00    0.00    0.00
OF33.0   -14.985    0.00 8.9231     0.00    0.00    0.00    0.00    0.00
OF34.0   -14.967    0.00 8.9231     0.00    0.00    0.00    0.00    0.00
OF35.0   -14.949    0.00 8.9231     0.00    0.00    0.00    0.00    0.00
OF36.0   -14.931    0.00 8.9231     0.00    0.00    0.00    0.00    0.00
OF37.0   -14.913    0.00 8.9231     0.00    0.00    0.00    0.00    0.00
OF38.0   -14.895    0.00 8.9231     0.00    0.00    0.00    0.00    0.00
OF39.0   -14.877    0.00 8.9231     0.00    0.00    0.00    0.00    0.00
OF40.0   -14.859    0.00 8.9231     0.00    0.00    0.00    0.00    0.00
OF41.0   -14.841    0.00 8.9231     0.00    0.00    0.00    0.00    0.00
OF42.0   -14.823    0.00 8.9231     0.00    0.00    0.00    0.00    0.00
OF43.0   -14.805    0.00 8.9231     0.00    0.00    0.00    0.00    0.00
OF44.0   -14.787    0.00 8.9231     0.00    0.00    0.00    0.00    0.00
OF45.0   -14.768    0.00 8.9231     0.00    0.00    0.00    0.00    0.00
OF46.0   -14.750    0.00 8.9231     0.00    0.00    0.00    0.00    0.00
OF47.0   -14.732    0.00 8.9231     0.00    0.00    0.00    0.00    0.00
OF48.0   -14.714    0.00 8.9231     0.00    0.00    0.00    0.00    0.00
OF49.0   -14.696    0.00 8.9231     0.00    0.00    0.00    0.00    0.00
OF50.0   -14.678    0.00 8.9231     0.00    0.00    0.00    0.00    0.00
OF51.0   -14.660    0.00 8.9231     0.00    0.00    0.00    0.00    0.00
OF52.0   -14.642    0.00 8.9231     0.00    0.00    0.00    0.00    0.00
OF53.0   -14.624    0.00 8.9231     0.00    0.00    0.00    0.00    0.00
OF54.0   -14.606    0.00 8.9231     0.00    0.00    0.00    0.00    0.00
OF55.0   -14.588    0.00 8.9231     0.00    0.00    0.00    0.00    0.00
OF56.0   -14.570    0.00 8.9231     0.00    0.00    0.00    0.00    0.00
OF57.0   -14.552    0.00 8.9231     0.00    0.00    0.00    0.00    0.00
OF58.0   -14.534    0.00 8.9231     0.00    0.00    0.00    0.00    0.00
OF59.0   -14.516    0.00 8.9231     0.00    0.00    0.00    0.00    0.00
OF60.0   -14.498    0.00 8.9231     0.00    0.00    0.00    0.00    0.00
OF61.0   -14.480    0.00 8.9231     0.00    0.00    0.00    0.00    0.00
OF62.0   -14.462    0.00 8.9231     0.00    0.00    0.00    0.00    0.00
OF63.0   -14.444    0.00 8.9231     0.00    0.00    0.00    0.00    0.00
OF64.0   -14.426    0.00 8.9231     0.00    0.00    0.00    0.00    0.00
OF65.0   -14.408    0.00 8.9231     0.00    0.00    0.00    0.00    0.00
OF66.0   -14.390    0.00 8.9231     0.00    0.00    0.00    0.00    0.00
OF67.0   -14.372    0.00 8.9231     0.00    0.00    0.00    0.00    0.00
OF68.0   -14.354    0.00 8.9231     0.00    0.00    0.00    0.00    0.00
OF69.0   -14.336    0.00 8.9231     0.00    0.00    0.00    0.00    0.00
OF70.0   -14.318    0.00 8.9231     0.00    0.00    0.00    0.00    0.00
OF71.0   -14.300    0.00 8.9231     0.00    0.00    0.00    0.00    0.00
OF72.0   -14.286    0.00 8.9231     0.00    0.00    0.00    0.00    0.00
OF73.0   -14.274    0.00 8.9231     0.00    0.00    0.00    0.00    0.00
OF74.0   -14.262    0.00 8.9231     0.00    0.00    0.00    0.00    0.00
OF75.0   -14.250    0.00 8.9231     0.00    0.00    0.00    0.00    0.00
OF76.0   -14.238    0.00 8.9231     0.00    0.00    0.00    0.00    0.00
OF77.0   -14.226    0.00 8.9231     0.00    0.00    0.00    0.00    0.00
OF78.0   -14.214    0.00 8.9231     0.00    0.00    0.00    0.00    0.00
OF79.0   -14.202    0.00 8.9231     0.00    0.00    0.00    0.00    0.00
OF80.0   -14.189    0.00 8.9231     0.00    0.00    0.00    0.00    0.00
OF81.0   -14.177    0.00 8.9231     0.00    0.00    0.00    0.00    0.00
OF82.0   -14.165    0.00 8.9231     0.00    0.00    0.00    0.00    0.00
OF83.0   -14.153    0.00 8.9231     0.00    0.00    0.00    0.00    0.00
OF84.0   -14.141    0.00 8.9231     0.00    0.00    0.00    0.00    0.00
OF85.0   -14.129    0.00 8.9231     0.00    0.00    0.00    0.00    0.00
OF86.0   -14.117    0.00 8.9231     0.00    0.00    0.00    0.00    0.00
OF87.0   -14.105    0.00 8.9231     0.00    0.00    0.00    0.00    0.00
OF88.0   -14.093    0.00 8.9231     0.00    0.00    0.00    0.00    0.00
OF89.0   -14.081    0.00 8.9231     0.00    0.00    0.00    0.00    0.00
OF90.0   -14.069    0.00 8.9231     0.00    0.00    0.00    0.00    0.00
OF91.0   -14.057    0.00 8.9231     0.00    0.00    0.00    0.00    0.00
OF92.0   -14.045    0.00 8.9231     0.00    0.00    0.00    0.00    0.00
OF93.0   -14.032    0.00 8.9231     0.00    0.00    0.00    0.00    0.00
OF94.0   -14.020    0.00 8.9231     0.00    0.00    0.00    0.00    0.00
OF95.0   -14.008    0.00 8.9231     0.00    0.00    0.00    0.00    0.00
OF96.0   -13.996    0.00 8.9231     0.00    0.00    0.00    0.00    0.00
OF97.0   -13.984    0.00 8.9231     0.00    0.00    0.00    0.00    0.00
OF98.0   -13.972    0.00 8.9231     0.00    0.00    0.00    0.00    0.00
OF99.0   -13.960    0.00 8.9231     0.00    0.00    0.00    0.00    0.00
OF100.0  -13.948    0.00 8.9231     0.00    0.00    0.00    0.00    0.00
OF101.0  -13.936    0.00 8.9231     0.00    0.00    0.00    0.00    0.00
OF102.0  -13.924    0.00 8.9231     0.00    0.00    0.00    0.00    0.00
OF103.0  -13.912    0.00 8.9231     0.00    0.00    0.00    0.00    0.00
OF104.0  -13.9      0.00 8.9231     0.00    0.00    0.00    0.00    0.00
OF105.0  -13.888    0.00 8.9231     0.00    0.00    0.00    0.00    0.00
OF106.0  -13.875    0.00 8.9231     0.00    0.00    0.00    0.00    0.00
OF107.0  -13.863    0.00 8.9231     0.00    0.00    0.00    0.00    0.00
OF108.0  -13.851    0.00 8.9231     0.00    0.00    0.00    0.00    0.00
OF109.0  -13.839    0.00 8.9231     0.00    0.00    0.00    0.00    0.00
OF110.0  -13.827    0.00 8.9231     0.00    0.00    0.00    0.00    0.00
OF111.0  -13.815    0.00 8.9231     0.00    0.00    0.00    0.00    0.00
OF112.0  -13.803    0.00 8.9231     0.00    0.00    0.00    0.00    0.00
OF113.0  -13.791    0.00 8.9231     0.00    0.00    0.00    0.00    0.00
OF114.0  -13.779    0.00 8.9231     0.00    0.00    0.00    0.00    0.00
OF115.0  -13.767    0.00 8.9231     0.00    0.00    0.00    0.00    0.00
OF116.0  -13.755    0.00 8.9231     0.00    0.00    0.00    0.00    0.00
OF117.0  -13.743    0.00 8.9231     0.00    0.00    0.00    0.00    0.00
OF118.0  -13.731    0.00 8.9231     0.00    0.00    0.00    0.00    0.00
OF119.0  -13.718    0.00 8.9231     0.00    0.00    0.00    0.00    0.00
OF120.0  -13.706    0.00 8.9231     0.00    0.00    0.00    0.00    0.00
OF121.0  -13.694    0.00 8.9231     0.00    0.00    0.00    0.00    0.00
OF122.0  -13.682    0.00 8.9231     0.00    0.00    0.00    0.00    0.00
OF123.0  -13.670    0.00 8.9231     0.00    0.00    0.00    0.00    0.00
OF124.0  -13.658    0.00 8.9231     0.00    0.00    0.00    0.00    0.00
OF125.0  -13.646    0.00 8.9231     0.00    0.00    0.00    0.00    0.00
OF126.0  -13.634    0.00 8.9231     0.00    0.00    0.00    0.00    0.00
OF127.0  -13.622    0.00 8.9231     0.00    0.00    0.00    0.00    0.00
OF128.0  -13.610    0.00 8.9231     0.00    0.00    0.00    0.00    0.00
OF129.0  -13.598    0.00 8.9231     0.00    0.00    0.00    0.00    0.00
OF130.0  -13.586    0.00 8.9231     0.00    0.00    0.00    0.00    0.00
OF131.0  -13.574    0.00 8.9231     0.00    0.00    0.00    0.00    0.00
OF132.0  -13.561    0.00 8.9231     0.00    0.00    0.00    0.00    0.00
OF133.0  -13.549    0.00 8.9231     0.00    0.00    0.00    0.00    0.00
OF134.0  -13.537    0.00 8.9231     0.00    0.00    0.00    0.00    0.00
OF135.0  -13.525    0.00 8.9231     0.00    0.00    0.00    0.00    0.00
OF136.0  -13.513    0.00 8.9231     0.00    0.00    0.00    0.00    0.00
OF137.0  -13.501    0.00 8.9231     0.00    0.00    0.00    0.00    0.00
OF138.0  -13.489    0.00 8.9231     0.00    0.00    0.00    0.00    0.00
OF139.0  -13.370    0.00 8.9231     0.00    0.00    0.00    0.00    0.00
OF140.0  -13.232    0.00 8.9231     0.00    0.00    0.00    0.00    0.00
OF141.0  -13.094    0.00 8.9231     0.00    0.00    0.00    0.00    0.00
OF142.0  -12.955    0.00 8.9231     0.00    0.00    0.00    0.00    0.00
OF143.0  -12.817    0.00 8.9231     0.00    0.00    0.00    0.00    0.00
OF144.0  -12.678    0.00 8.9231     0.00    0.00    0.00    0.00    0.00
OF145.0  -12.540    0.00 8.9231     0.00    0.00    0.00    0.00    0.00
OF146.0  -12.402    0.00 8.9231     0.00    0.00    0.00    0.00    0.00
OF147.0  -12.263    0.00 8.9231     0.00    0.00    0.00    0.00    0.00
OF148.0  -12.125    0.00 8.9231     0.00    0.00    0.00    0.00    0.00
OF149.0  -11.986    0.00 8.9231     0.00    0.00    0.00    0.00    0.00
OF150.0  -11.848    0.00 8.9231     0.00    0.00    0.00    0.00    0.00
OF151.0  -11.709    0.00 8.9231     0.00    0.00    0.00    0.00    0.00
OF152.0  -11.571    0.00 8.9231     0.00    0.00    0.00    0.00    0.00
OF153.0  -11.433    0.00 8.9231     0.00    0.00    0.00    0.00    0.00
OF154.0  -11.294    0.00 8.9231     0.00    0.00    0.00    0.00    0.00
OF155.0  -11.156    0.00 8.9231     0.00    0.00    0.00    0.00    0.00
OF156.0  -11.018    0.00 8.9231     0.00    0.00    0.00    0.00    0.00
OF157.0  -10.88     0.00 8.9231     0.00    0.00    0.00    0.00    0.00
OF158.0  -10.741    0.00 8.9231     0.00    0.00    0.00    0.00    0.00
OF159.0  -10.603    0.00 8.9231     0.00    0.00    0.00    0.00    0.00
OF160.0  -10.464    0.00 8.9231     0.00    0.00    0.00    0.00    0.00
OF161.0  -10.326    0.00 8.9231     0.00    0.00    0.00    0.00    0.00
OF162.0  -10.187    0.00 8.9231     0.00    0.00    0.00    0.00    0.00
OF163.0  -10.049    0.00 8.9231     0.00    0.00    0.00    0.00    0.00
OF164.0  -9.9111    0.00 8.9231     0.00    0.00    0.00    0.00    0.00
OF165.0  -9.7727    0.00 8.9231     0.00    0.00    0.00    0.00    0.00
OF166.0  -9.6343    0.00 8.9231     0.00    0.00    0.00    0.00    0.00
OF167.0  -9.4959    0.00 8.9231     0.00    0.00    0.00    0.00    0.00
OF168.0  -9.3575    0.00 8.9231     0.00    0.00    0.00    0.00    0.00
OF169.0  -9.2191    0.00 8.9231     0.00    0.00    0.00    0.00    0.00
OF170.0  -9.0807    0.00 8.9231     0.00    0.00    0.00    0.00    0.00
OF171.0  -8.9423    0.00 8.9231     0.00    0.00    0.00    0.00    0.00
OF172.0  -8.8039    0.00 8.9231     0.00    0.00    0.00    0.00    0.00
OF173.0  -8.6655    0.00 8.9231     0.00    0.00    0.00    0.00    0.00
OF174.0  -8.5271    0.00 8.9231     0.00    0.00    0.00    0.00    0.00
OF175.0  -8.3886    0.00 8.9231     0.00    0.00    0.00    0.00    0.00
OF176.0  -8.2508    0.00 8.9231     0.00    0.00    0.00    0.00    0.00
OF177.0  -8.1123    0.00 8.9231     0.00    0.00    0.00    0.00    0.00
OF178.0  -7.974     0.00 8.9231     0.00    0.00    0.00    0.00    0.00
OF179.0  -7.8355    0.00 8.9231     0.00    0.00    0.00    0.00    0.00
OF180.0  -7.6971    0.00 8.9231     0.00    0.00    0.00    0.00    0.00
OF181.0  -7.5588    0.00 8.9231     0.00    0.00    0.00    0.00    0.00
OF182.0  -7.4203    0.00 8.9231     0.00    0.00    0.00    0.00    0.00
OF183.0  -7.282     0.00 8.9231     0.00    0.00    0.00    0.00    0.00
OF184.0  -7.1435    0.00 8.9231     0.00    0.00    0.00    0.00    0.00
OF185.0  -7.0051    0.00 8.9231     0.00    0.00    0.00    0.00    0.00
OF186.0  -6.8667    0.00 8.9231     0.00    0.00    0.00    0.00    0.00
OF187.0  -6.7283    0.00 8.9231     0.00    0.00    0.00    0.00    0.00
OF188.0  -6.5899    0.00 8.9231     0.00    0.00    0.00    0.00    0.00
OF189.0  -6.4515    0.00 8.9231     0.00    0.00    0.00    0.00    0.00
OF190.0  -6.313     0.00 8.9231     0.00    0.00    0.00    0.00    0.00
OF191.0  -6.1747    0.00 8.9231     0.00    0.00    0.00    0.00    0.00
OF192.0  -6.0363    0.00 8.9231     0.00    0.00    0.00    0.00    0.00
OF193.0  -5.8979    0.00 8.9231     0.00    0.00    0.00    0.00    0.00
OF194.0  -5.7595    0.00 8.9231     0.00    0.00    0.00    0.00    0.00
OF195.0  -5.621     0.00 8.9231     0.00    0.00    0.00    0.00    0.00
OF196.0  -5.4827    0.00 8.9231     0.00    0.00    0.00    0.00    0.00
OF197.0  -5.3447    0.00 8.9231     0.00    0.00    0.00    0.00    0.00
OF198.0  -5.2064    0.00 8.9231     0.00    0.00    0.00    0.00    0.00
OF199.0  -5.0679    0.00 8.9231     0.00    0.00    0.00    0.00    0.00
OF200.0  -4.9295    0.00 8.9231     0.00    0.00    0.00    0.00    0.00
OF201.0  -4.7911    0.00 8.9231     0.00    0.00    0.00    0.00    0.00
OF202.0  -4.6527    0.00 8.9231     0.00    0.00    0.00    0.00    0.00
OF203.0  -4.5144    0.00 8.9231     0.00    0.00    0.00    0.00    0.00
OF204.0  -4.3759    0.00 8.9231     0.00    0.00    0.00    0.00    0.00
OF205.0  -4.2375    0.00 8.9231     0.00    0.00    0.00    0.00    0.00
OF206.0  -4.0991    0.00 8.9231     0.00    0.00    0.00    0.00    0.00
OF207.0  -3.9607    0.00 8.9231     0.00    0.00    0.00    0.00    0.00
OF208.0  -3.8223    0.00 8.9231     0.00    0.00    0.00    0.00    0.00
OF209.0  -3.6839    0.00 8.9231     0.00    0.00    0.00    0.00    0.00
OF210.0  -3.5455    0.00 8.9231     0.00    0.00    0.00    0.00    0.00
OF211.0  -3.4071    0.00 8.9231     0.00    0.00    0.00    0.00    0.00
OF212.0  -3.2686    0.00 8.9231     0.00    0.00    0.00    0.00    0.00
OF213.0  -3.1303    0.00 8.9231     0.00    0.00    0.00    0.00    0.00
OF214.0  -2.9919    0.00 8.9231     0.00    0.00    0.00    0.00    0.00
OF215.0  -2.8534    0.00 8.9231     0.00    0.00    0.00    0.00    0.00
OF216.0  -2.7151    0.00 8.9231     0.00    0.00    0.00    0.00    0.00
OF217.0  -2.5766    0.00 8.9231     0.00    0.00    0.00    0.00    0.00
OF218.0  -2.4383    0.00 8.9231     0.00    0.00    0.00    0.00    0.00
OF219.0  -2.3003    0.00 8.9231     0.00    0.00    0.00    0.00    0.00
OF220.0  -2.162     0.00 8.9231     0.00    0.00    0.00    0.00    0.00
OF221.0  -2.0235    0.00 8.9231     0.00    0.00    0.00    0.00    0.00
OF231.0  -1.9357    0.00 8.9231     0.00    0.00    0.00    0.00    0.00
OF242.0  -1.0499    0.00 8.9231     0.00    0.00    0.00    0.00    0.00
OF251.0  -0.2657    0.00 8.9231     0.00    0.00    0.00    0.00    0.00
IF256.0  0.74803    0.00 8.9231     0.00    0.00    0.00    0.00    0.00
IF263.0  1.1713     0.00 8.9231     0.00    0.00    0.00    0.00    0.00
IF271.0  7.4081     0.00 8.9231     0.00    0.00    0.00    0.00    0.00
IF272.3  8.0667     0.00 9.1996     0.00    0.00    0.00    0.00    0.00
IF274.6  9.1996     0.00 9.1996     0.00    0.00    0.00    0.00    0.00
PS START(426412.3464,4852897.8463)
PS END(426490.8704,4852958.7349)
ET
 
 
 
