header
IE0.0    -56.769       1       1 8.7974  13.2878 9.9036    56.14   56.14
OF1.0    -56.688    0.00 8.7974     0.00    0.00    0.00    0.00    0.00
OF2.0    -56.607    0.00 8.7974     0.00    0.00    0.00    0.00    0.00
OF3.0    -56.526    0.00 8.7974     0.00    0.00    0.00    0.00    0.00
OF4.0    -56.445    0.00 8.7974     0.00    0.00    0.00    0.00    0.00
OF5.0    -56.365    0.00 8.7974     0.00    0.00    0.00    0.00    0.00
OF6.0    -56.284    0.00 8.7974     0.00    0.00    0.00    0.00    0.00
OF7.0    -56.203    0.00 8.7974     0.00    0.00    0.00    0.00    0.00
OF8.0    -56.122    0.00 8.7974     0.00    0.00    0.00    0.00    0.00
OF9.0    -56.041    0.00 8.7974     0.00    0.00    0.00    0.00    0.00
OF10.0   -55.961    0.00 8.7974     0.00    0.00    0.00    0.00    0.00
OF11.0   -55.880    0.00 8.7974     0.00    0.00    0.00    0.00    0.00
OF12.0   -55.799    0.00 8.7974     0.00    0.00    0.00    0.00    0.00
OF13.0   -55.718    0.00 8.7974     0.00    0.00    0.00    0.00    0.00
OF14.0   -55.637    0.00 8.7974     0.00    0.00    0.00    0.00    0.00
OF15.0   -55.557    0.00 8.7974     0.00    0.00    0.00    0.00    0.00
OF16.0   -55.476    0.00 8.7974     0.00    0.00    0.00    0.00    0.00
OF17.0   -55.395    0.00 8.7974     0.00    0.00    0.00    0.00    0.00
OF18.0   -55.314    0.00 8.7974     0.00    0.00    0.00    0.00    0.00
OF19.0   -55.233    0.00 8.7974     0.00    0.00    0.00    0.00    0.00
OF20.0   -55.153    0.00 8.7974     0.00    0.00    0.00    0.00    0.00
OF21.0   -55.072    0.00 8.7974     0.00    0.00    0.00    0.00    0.00
OF22.0   -54.991    0.00 8.7974     0.00    0.00    0.00    0.00    0.00
OF23.0   -54.910    0.00 8.7974     0.00    0.00    0.00    0.00    0.00
OF24.0   -54.830    0.00 8.7974     0.00    0.00    0.00    0.00    0.00
OF25.0   -54.749    0.00 8.7974     0.00    0.00    0.00    0.00    0.00
OF26.0   -54.668    0.00 8.7974     0.00    0.00    0.00    0.00    0.00
OF27.0   -54.587    0.00 8.7974     0.00    0.00    0.00    0.00    0.00
OF28.0   -54.507    0.00 8.7974     0.00    0.00    0.00    0.00    0.00
OF29.0   -54.426    0.00 8.7974     0.00    0.00    0.00    0.00    0.00
OF30.0   -54.345    0.00 8.7974     0.00    0.00    0.00    0.00    0.00
OF31.0   -54.264    0.00 8.7974     0.00    0.00    0.00    0.00    0.00
OF32.0   -54.183    0.00 8.7974     0.00    0.00    0.00    0.00    0.00
OF33.0   -54.103    0.00 8.7974     0.00    0.00    0.00    0.00    0.00
OF34.0   -54.022    0.00 8.7974     0.00    0.00    0.00    0.00    0.00
OF35.0   -53.941    0.00 8.7974     0.00    0.00    0.00    0.00    0.00
OF36.0   -53.860    0.00 8.7974     0.00    0.00    0.00    0.00    0.00
OF37.0   -53.779    0.00 8.7974     0.00    0.00    0.00    0.00    0.00
OF38.0   -53.699    0.00 8.7974     0.00    0.00    0.00    0.00    0.00
OF39.0   -53.618    0.00 8.7974     0.00    0.00    0.00    0.00    0.00
OF40.0   -53.537    0.00 8.7974     0.00    0.00    0.00    0.00    0.00
OF41.0   -53.456    0.00 8.7974     0.00    0.00    0.00    0.00    0.00
OF42.0   -53.375    0.00 8.7974     0.00    0.00    0.00    0.00    0.00
OF43.0   -53.295    0.00 8.7974     0.00    0.00    0.00    0.00    0.00
OF44.0   -53.214    0.00 8.7974     0.00    0.00    0.00    0.00    0.00
OF45.0   -53.133    0.00 8.7974     0.00    0.00    0.00    0.00    0.00
OF46.0   -53.052    0.00 8.7974     0.00    0.00    0.00    0.00    0.00
OF47.0   -52.971    0.00 8.7974     0.00    0.00    0.00    0.00    0.00
OF48.0   -52.891    0.00 8.7974     0.00    0.00    0.00    0.00    0.00
OF49.0   -52.810    0.00 8.7974     0.00    0.00    0.00    0.00    0.00
OF50.0   -52.729    0.00 8.7974     0.00    0.00    0.00    0.00    0.00
OF51.0   -52.648    0.00 8.7974     0.00    0.00    0.00    0.00    0.00
OF52.0   -52.568    0.00 8.7974     0.00    0.00    0.00    0.00    0.00
OF53.0   -52.529    0.00 8.7974     0.00    0.00    0.00    0.00    0.00
OF54.0   -52.517    0.00 8.7974     0.00    0.00    0.00    0.00    0.00
OF55.0   -52.505    0.00 8.7974     0.00    0.00    0.00    0.00    0.00
OF56.0   -52.43     0.00 8.7974     0.00    0.00    0.00    0.00    0.00
OF57.0   -52.219    0.00 8.7974     0.00    0.00    0.00    0.00    0.00
OF58.0   -52.009    0.00 8.7974     0.00    0.00    0.00    0.00    0.00
OF59.0   -51.800    0.00 8.7974     0.00    0.00    0.00    0.00    0.00
OF60.0   -51.590    0.00 8.7974     0.00    0.00    0.00    0.00    0.00
OF61.0   -51.379    0.00 8.7974     0.00    0.00    0.00    0.00    0.00
OF62.0   -51.169    0.00 8.7974     0.00    0.00    0.00    0.00    0.00
OF63.0   -50.959    0.00 8.7974     0.00    0.00    0.00    0.00    0.00
OF64.0   -50.748    0.00 8.7974     0.00    0.00    0.00    0.00    0.00
OF65.0   -50.538    0.00 8.7974     0.00    0.00    0.00    0.00    0.00
OF66.0   -50.328    0.00 8.7974     0.00    0.00    0.00    0.00    0.00
OF67.0   -50.118    0.00 8.7974     0.00    0.00    0.00    0.00    0.00
OF68.0   -49.908    0.00 8.7974     0.00    0.00    0.00    0.00    0.00
OF69.0   -49.698    0.00 8.7974     0.00    0.00    0.00    0.00    0.00
OF70.0   -49.487    0.00 8.7974     0.00    0.00    0.00    0.00    0.00
OF71.0   -49.277    0.00 8.7974     0.00    0.00    0.00    0.00    0.00
OF72.0   -49.067    0.00 8.7974     0.00    0.00    0.00    0.00    0.00
OF73.0   -48.857    0.00 8.7974     0.00    0.00    0.00    0.00    0.00
OF74.0   -48.647    0.00 8.7974     0.00    0.00    0.00    0.00    0.00
OF75.0   -48.437    0.00 8.7974     0.00    0.00    0.00    0.00    0.00
OF76.0   -48.226    0.00 8.7974     0.00    0.00    0.00    0.00    0.00
OF77.0   -48.016    0.00 8.7974     0.00    0.00    0.00    0.00    0.00
OF78.0   -47.806    0.00 8.7974     0.00    0.00    0.00    0.00    0.00
OF79.0   -47.596    0.00 8.7974     0.00    0.00    0.00    0.00    0.00
OF80.0   -47.386    0.00 8.7974     0.00    0.00    0.00    0.00    0.00
OF81.0   -47.176    0.00 8.7974     0.00    0.00    0.00    0.00    0.00
OF82.0   -46.965    0.00 8.7974     0.00    0.00    0.00    0.00    0.00
OF83.0   -46.755    0.00 8.7974     0.00    0.00    0.00    0.00    0.00
OF84.0   -46.545    0.00 8.7974     0.00    0.00    0.00    0.00    0.00
OF85.0   -46.334    0.00 8.7974     0.00    0.00    0.00    0.00    0.00
OF86.0   -46.124    0.00 8.7974     0.00    0.00    0.00    0.00    0.00
OF87.0   -45.914    0.00 8.7974     0.00    0.00    0.00    0.00    0.00
OF88.0   -45.704    0.00 8.7974     0.00    0.00    0.00    0.00    0.00
OF89.0   -45.494    0.00 8.7974     0.00    0.00    0.00    0.00    0.00
OF90.0   -45.284    0.00 8.7974     0.00    0.00    0.00    0.00    0.00
OF91.0   -45.073    0.00 8.7974     0.00    0.00    0.00    0.00    0.00
OF92.0   -44.863    0.00 8.7974     0.00    0.00    0.00    0.00    0.00
OF93.0   -44.653    0.00 8.7974     0.00    0.00    0.00    0.00    0.00
OF94.0   -44.443    0.00 8.7974     0.00    0.00    0.00    0.00    0.00
OF95.0   -44.233    0.00 8.7974     0.00    0.00    0.00    0.00    0.00
OF96.0   -44.023    0.00 8.7974     0.00    0.00    0.00    0.00    0.00
OF97.0   -43.813    0.00 8.7974     0.00    0.00    0.00    0.00    0.00
OF98.0   -43.603    0.00 8.7974     0.00    0.00    0.00    0.00    0.00
OF99.0   -43.393    0.00 8.7974     0.00    0.00    0.00    0.00    0.00
OF100.0  -43.183    0.00 8.7974     0.00    0.00    0.00    0.00    0.00
OF101.0  -42.972    0.00 8.7974     0.00    0.00    0.00    0.00    0.00
OF102.0  -42.762    0.00 8.7974     0.00    0.00    0.00    0.00    0.00
OF103.0  -42.552    0.00 8.7974     0.00    0.00    0.00    0.00    0.00
OF104.0  -42.342    0.00 8.7974     0.00    0.00    0.00    0.00    0.00
OF105.0  -42.132    0.00 8.7974     0.00    0.00    0.00    0.00    0.00
OF106.0  -41.922    0.00 8.7974     0.00    0.00    0.00    0.00    0.00
OF107.0  -41.711    0.00 8.7974     0.00    0.00    0.00    0.00    0.00
OF108.0  -41.501    0.00 8.7974     0.00    0.00    0.00    0.00    0.00
OF109.0  -41.291    0.00 8.7974     0.00    0.00    0.00    0.00    0.00
OF110.0  -41.080    0.00 8.7974     0.00    0.00    0.00    0.00    0.00
OF111.0  -40.870    0.00 8.7974     0.00    0.00    0.00    0.00    0.00
OF112.0  -40.660    0.00 8.7974     0.00    0.00    0.00    0.00    0.00
OF113.0  -40.450    0.00 8.7974     0.00    0.00    0.00    0.00    0.00
OF114.0  -40.240    0.00 8.7974     0.00    0.00    0.00    0.00    0.00
OF115.0  -40.03     0.00 8.7974     0.00    0.00    0.00    0.00    0.00
OF116.0  -39.819    0.00 8.7974     0.00    0.00    0.00    0.00    0.00
OF117.0  -39.609    0.00 8.7974     0.00    0.00    0.00    0.00    0.00
OF118.0  -39.399    0.00 8.7974     0.00    0.00    0.00    0.00    0.00
OF119.0  -39.189    0.00 8.7974     0.00    0.00    0.00    0.00    0.00
OF120.0  -38.979    0.00 8.7974     0.00    0.00    0.00    0.00    0.00
OF121.0  -38.769    0.00 8.7974     0.00    0.00    0.00    0.00    0.00
OF122.0  -38.558    0.00 8.7974     0.00    0.00    0.00    0.00    0.00
OF123.0  -38.348    0.00 8.7974     0.00    0.00    0.00    0.00    0.00
OF124.0  -38.138    0.00 8.7974     0.00    0.00    0.00    0.00    0.00
OF125.0  -37.928    0.00 8.7974     0.00    0.00    0.00    0.00    0.00
OF126.0  -37.718    0.00 8.7974     0.00    0.00    0.00    0.00    0.00
OF127.0  -37.508    0.00 8.7974     0.00    0.00    0.00    0.00    0.00
OF128.0  -37.297    0.00 8.7974     0.00    0.00    0.00    0.00    0.00
OF129.0  -37.087    0.00 8.7974     0.00    0.00    0.00    0.00    0.00
OF130.0  -36.877    0.00 8.7974     0.00    0.00    0.00    0.00    0.00
OF131.0  -36.668    0.00 8.7974     0.00    0.00    0.00    0.00    0.00
OF132.0  -36.457    0.00 8.7974     0.00    0.00    0.00    0.00    0.00
OF133.0  -36.247    0.00 8.7974     0.00    0.00    0.00    0.00    0.00
OF134.0  -36.037    0.00 8.7974     0.00    0.00    0.00    0.00    0.00
OF135.0  -35.826    0.00 8.7974     0.00    0.00    0.00    0.00    0.00
OF136.0  -35.616    0.00 8.7974     0.00    0.00    0.00    0.00    0.00
OF137.0  -35.406    0.00 8.7974     0.00    0.00    0.00    0.00    0.00
OF138.0  -35.196    0.00 8.7974     0.00    0.00    0.00    0.00    0.00
OF139.0  -34.986    0.00 8.7974     0.00    0.00    0.00    0.00    0.00
OF140.0  -34.776    0.00 8.7974     0.00    0.00    0.00    0.00    0.00
OF141.0  -34.565    0.00 8.7974     0.00    0.00    0.00    0.00    0.00
OF142.0  -34.355    0.00 8.7974     0.00    0.00    0.00    0.00    0.00
OF143.0  -34.145    0.00 8.7974     0.00    0.00    0.00    0.00    0.00
OF144.0  -33.935    0.00 8.7974     0.00    0.00    0.00    0.00    0.00
OF145.0  -33.725    0.00 8.7974     0.00    0.00    0.00    0.00    0.00
OF146.0  -33.515    0.00 8.7974     0.00    0.00    0.00    0.00    0.00
OF147.0  -33.304    0.00 8.7974     0.00    0.00    0.00    0.00    0.00
OF148.0  -33.094    0.00 8.7974     0.00    0.00    0.00    0.00    0.00
OF149.0  -32.884    0.00 8.7974     0.00    0.00    0.00    0.00    0.00
OF150.0  -32.674    0.00 8.7974     0.00    0.00    0.00    0.00    0.00
OF151.0  -32.464    0.00 8.7974     0.00    0.00    0.00    0.00    0.00
OF152.0  -32.254    0.00 8.7974     0.00    0.00    0.00    0.00    0.00
OF153.0  -32.043    0.00 8.7974     0.00    0.00    0.00    0.00    0.00
OF154.0  -31.833    0.00 8.7974     0.00    0.00    0.00    0.00    0.00
OF155.0  -31.623    0.00 8.7974     0.00    0.00    0.00    0.00    0.00
OF156.0  -31.413    0.00 8.7974     0.00    0.00    0.00    0.00    0.00
OF157.0  -31.203    0.00 8.7974     0.00    0.00    0.00    0.00    0.00
OF158.0  -30.992    0.00 8.7974     0.00    0.00    0.00    0.00    0.00
OF159.0  -30.782    0.00 8.7974     0.00    0.00    0.00    0.00    0.00
OF160.0  -30.572    0.00 8.7974     0.00    0.00    0.00    0.00    0.00
OF161.0  -30.362    0.00 8.7974     0.00    0.00    0.00    0.00    0.00
OF162.0  -30.151    0.00 8.7974     0.00    0.00    0.00    0.00    0.00
OF163.0  -29.941    0.00 8.7974     0.00    0.00    0.00    0.00    0.00
OF164.0  -29.731    0.00 8.7974     0.00    0.00    0.00    0.00    0.00
OF165.0  -29.521    0.00 8.7974     0.00    0.00    0.00    0.00    0.00
OF166.0  -29.311    0.00 8.7974     0.00    0.00    0.00    0.00    0.00
OF167.0  -29.101    0.00 8.7974     0.00    0.00    0.00    0.00    0.00
OF168.0  -28.891    0.00 8.7974     0.00    0.00    0.00    0.00    0.00
OF169.0  -28.681    0.00 8.7974     0.00    0.00    0.00    0.00    0.00
OF170.0  -28.471    0.00 8.7974     0.00    0.00    0.00    0.00    0.00
OF171.0  -28.264    0.00 8.7974     0.00    0.00    0.00    0.00    0.00
OF172.0  -28.059    0.00 8.7974     0.00    0.00    0.00    0.00    0.00
OF173.0  -27.853    0.00 8.7974     0.00    0.00    0.00    0.00    0.00
OF174.0  -27.647    0.00 8.7974     0.00    0.00    0.00    0.00    0.00
OF175.0  -27.442    0.00 8.7974     0.00    0.00    0.00    0.00    0.00
OF176.0  -27.236    0.00 8.7974     0.00    0.00    0.00    0.00    0.00
OF177.0  -27.030    0.00 8.7974     0.00    0.00    0.00    0.00    0.00
OF178.0  -26.825    0.00 8.7974     0.00    0.00    0.00    0.00    0.00
OF179.0  -26.619    0.00 8.7974     0.00    0.00    0.00    0.00    0.00
OF180.0  -26.414    0.00 8.7974     0.00    0.00    0.00    0.00    0.00
OF181.0  -26.208    0.00 8.7974     0.00    0.00    0.00    0.00    0.00
OF182.0  -26.002    0.00 8.7974     0.00    0.00    0.00    0.00    0.00
OF183.0  -25.796    0.00 8.7974     0.00    0.00    0.00    0.00    0.00
OF184.0  -25.590    0.00 8.7974     0.00    0.00    0.00    0.00    0.00
OF185.0  -25.385    0.00 8.7974     0.00    0.00    0.00    0.00    0.00
OF186.0  -25.179    0.00 8.7974     0.00    0.00    0.00    0.00    0.00
OF187.0  -24.974    0.00 8.7974     0.00    0.00    0.00    0.00    0.00
OF188.0  -24.768    0.00 8.7974     0.00    0.00    0.00    0.00    0.00
OF189.0  -24.562    0.00 8.7974     0.00    0.00    0.00    0.00    0.00
OF190.0  -24.357    0.00 8.7974     0.00    0.00    0.00    0.00    0.00
OF191.0  -24.151    0.00 8.7974     0.00    0.00    0.00    0.00    0.00
OF192.0  -23.945    0.00 8.7974     0.00    0.00    0.00    0.00    0.00
OF193.0  -23.740    0.00 8.7974     0.00    0.00    0.00    0.00    0.00
OF194.0  -23.534    0.00 8.7974     0.00    0.00    0.00    0.00    0.00
OF195.0  -23.328    0.00 8.7974     0.00    0.00    0.00    0.00    0.00
OF196.0  -23.123    0.00 8.7974     0.00    0.00    0.00    0.00    0.00
OF197.0  -22.917    0.00 8.7974     0.00    0.00    0.00    0.00    0.00
OF198.0  -22.711    0.00 8.7974     0.00    0.00    0.00    0.00    0.00
OF199.0  -22.506    0.00 8.7974     0.00    0.00    0.00    0.00    0.00
OF200.0  -22.300    0.00 8.7974     0.00    0.00    0.00    0.00    0.00
OF201.0  -22.095    0.00 8.7974     0.00    0.00    0.00    0.00    0.00
OF202.0  -21.889    0.00 8.7974     0.00    0.00    0.00    0.00    0.00
OF203.0  -21.683    0.00 8.7974     0.00    0.00    0.00    0.00    0.00
OF204.0  -21.478    0.00 8.7974     0.00    0.00    0.00    0.00    0.00
OF205.0  -21.273    0.00 8.7974     0.00    0.00    0.00    0.00    0.00
OF206.0  -21.066    0.00 8.7974     0.00    0.00    0.00    0.00    0.00
OF207.0  -20.861    0.00 8.7974     0.00    0.00    0.00    0.00    0.00
OF208.0  -20.655    0.00 8.7974     0.00    0.00    0.00    0.00    0.00
OF209.0  -20.45     0.00 8.7974     0.00    0.00    0.00    0.00    0.00
OF210.0  -20.244    0.00 8.7974     0.00    0.00    0.00    0.00    0.00
OF211.0  -20.038    0.00 8.7974     0.00    0.00    0.00    0.00    0.00
OF212.0  -19.833    0.00 8.7974     0.00    0.00    0.00    0.00    0.00
OF213.0  -19.627    0.00 8.7974     0.00    0.00    0.00    0.00    0.00
OF214.0  -19.421    0.00 8.7974     0.00    0.00    0.00    0.00    0.00
OF215.0  -19.216    0.00 8.7974     0.00    0.00    0.00    0.00    0.00
OF216.0  -19.010    0.00 8.7974     0.00    0.00    0.00    0.00    0.00
OF217.0  -18.804    0.00 8.7974     0.00    0.00    0.00    0.00    0.00
OF218.0  -18.599    0.00 8.7974     0.00    0.00    0.00    0.00    0.00
OF219.0  -18.393    0.00 8.7974     0.00    0.00    0.00    0.00    0.00
OF220.0  -18.188    0.00 8.7974     0.00    0.00    0.00    0.00    0.00
OF221.0  -17.982    0.00 8.7974     0.00    0.00    0.00    0.00    0.00
OF222.0  -17.776    0.00 8.7974     0.00    0.00    0.00    0.00    0.00
OF223.0  -17.571    0.00 8.7974     0.00    0.00    0.00    0.00    0.00
OF224.0  -17.365    0.00 8.7974     0.00    0.00    0.00    0.00    0.00
OF225.0  -17.159    0.00 8.7974     0.00    0.00    0.00    0.00    0.00
OF226.0  -16.954    0.00 8.7974     0.00    0.00    0.00    0.00    0.00
OF227.0  -16.748    0.00 8.7974     0.00    0.00    0.00    0.00    0.00
OF228.0  -16.553    0.00 8.7974     0.00    0.00    0.00    0.00    0.00
OF229.0  -16.484    0.00 8.7974     0.00    0.00    0.00    0.00    0.00
OF230.0  -16.415    0.00 8.7974     0.00    0.00    0.00    0.00    0.00
OF231.0  -16.346    0.00 8.7974     0.00    0.00    0.00    0.00    0.00
OF232.0  -16.277    0.00 8.7974     0.00    0.00    0.00    0.00    0.00
OF233.0  -16.208    0.00 8.7974     0.00    0.00    0.00    0.00    0.00
OF234.0  -16.139    0.00 8.7974     0.00    0.00    0.00    0.00    0.00
OF235.0  -16.070    0.00 8.7974     0.00    0.00    0.00    0.00    0.00
OF236.0  -16.002    0.00 8.7974     0.00    0.00    0.00    0.00    0.00
OF237.0  -15.933    0.00 8.7974     0.00    0.00    0.00    0.00    0.00
OF238.0  -15.864    0.00 8.7974     0.00    0.00    0.00    0.00    0.00
OF239.0  -15.795    0.00 8.7974     0.00    0.00    0.00    0.00    0.00
OF240.0  -15.726    0.00 8.7974     0.00    0.00    0.00    0.00    0.00
OF241.0  -15.657    0.00 8.7974     0.00    0.00    0.00    0.00    0.00
OF242.0  -15.588    0.00 8.7974     0.00    0.00    0.00    0.00    0.00
OF243.0  -15.519    0.00 8.7974     0.00    0.00    0.00    0.00    0.00
OF244.0  -15.450    0.00 8.7974     0.00    0.00    0.00    0.00    0.00
OF245.0  -15.381    0.00 8.7974     0.00    0.00    0.00    0.00    0.00
OF246.0  -15.312    0.00 8.7974     0.00    0.00    0.00    0.00    0.00
OF247.0  -15.243    0.00 8.7974     0.00    0.00    0.00    0.00    0.00
OF248.0  -15.174    0.00 8.7974     0.00    0.00    0.00    0.00    0.00
OF249.0  -15.105    0.00 8.7974     0.00    0.00    0.00    0.00    0.00
OF250.0  -15.036    0.00 8.7974     0.00    0.00    0.00    0.00    0.00
OF251.0  -14.967    0.00 8.7974     0.00    0.00    0.00    0.00    0.00
OF252.0  -14.898    0.00 8.7974     0.00    0.00    0.00    0.00    0.00
OF253.0  -14.829    0.00 8.7974     0.00    0.00    0.00    0.00    0.00
OF254.0  -14.760    0.00 8.7974     0.00    0.00    0.00    0.00    0.00
OF255.0  -14.691    0.00 8.7974     0.00    0.00    0.00    0.00    0.00
OF256.0  -14.622    0.00 8.7974     0.00    0.00    0.00    0.00    0.00
OF257.0  -14.553    0.00 8.7974     0.00    0.00    0.00    0.00    0.00
OF258.0  -14.484    0.00 8.7974     0.00    0.00    0.00    0.00    0.00
OF259.0  -14.415    0.00 8.7974     0.00    0.00    0.00    0.00    0.00
OF260.0  -14.346    0.00 8.7974     0.00    0.00    0.00    0.00    0.00
OF261.0  -14.277    0.00 8.7974     0.00    0.00    0.00    0.00    0.00
OF262.0  -14.208    0.00 8.7974     0.00    0.00    0.00    0.00    0.00
OF263.0  -14.139    0.00 8.7974     0.00    0.00    0.00    0.00    0.00
OF264.0  -14.070    0.00 8.7974     0.00    0.00    0.00    0.00    0.00
OF265.0  -14.001    0.00 8.7974     0.00    0.00    0.00    0.00    0.00
OF266.0  -13.932    0.00 8.7974     0.00    0.00    0.00    0.00    0.00
OF267.0  -13.863    0.00 8.7974     0.00    0.00    0.00    0.00    0.00
OF268.0  -13.794    0.00 8.7974     0.00    0.00    0.00    0.00    0.00
OF269.0  -13.725    0.00 8.7974     0.00    0.00    0.00    0.00    0.00
OF270.0  -13.656    0.00 8.7974     0.00    0.00    0.00    0.00    0.00
OF271.0  -13.599    0.00 8.7974     0.00    0.00    0.00    0.00    0.00
OF272.0  -13.577    0.00 8.7974     0.00    0.00    0.00    0.00    0.00
OF273.0  -13.554    0.00 8.7975     0.00    0.00    0.00    0.00    0.00
OF274.0  -13.531    0.00 8.7975     0.00    0.00    0.00    0.00    0.00
OF275.0  -13.508    0.00 8.7975     0.00    0.00    0.00    0.00    0.00
OF276.0  -13.485    0.00 8.7975     0.00    0.00    0.00    0.00    0.00
OF277.0  -13.462    0.00 8.7976     0.00    0.00    0.00    0.00    0.00
OF278.0  -13.439    0.00 8.7976     0.00    0.00    0.00    0.00    0.00
OF279.0  -13.417    0.00 8.7976     0.00    0.00    0.00    0.00    0.00
OF280.0  -13.394    0.00 8.7977     0.00    0.00    0.00    0.00    0.00
OF281.0  -13.371    0.00 8.7977     0.00    0.00    0.00    0.00    0.00
OF282.0  -13.348    0.00 8.7977     0.00    0.00    0.00    0.00    0.00
OF283.0  -13.325    0.00 8.7978     0.00    0.00    0.00    0.00    0.00
OF284.0  -13.303    0.00 8.7978     0.00    0.00    0.00    0.00    0.00
OF285.0  -13.280    0.00 8.7978     0.00    0.00    0.00    0.00    0.00
OF286.0  -13.257    0.00 8.7979     0.00    0.00    0.00    0.00    0.00
OF287.0  -13.234    0.00 8.7979     0.00    0.00    0.00    0.00    0.00
OF288.0  -13.211    0.00 8.7979     0.00    0.00    0.00    0.00    0.00
OF289.0  -13.188    0.00 8.798      0.00    0.00    0.00    0.00    0.00
OF290.0  -13.166    0.00 8.798      0.00    0.00    0.00    0.00    0.00
OF291.0  -13.143    0.00 8.798      0.00    0.00    0.00    0.00    0.00
OF292.0  -13.120    0.00 8.7981     0.00    0.00    0.00    0.00    0.00
OF293.0  -13.097    0.00 8.7981     0.00    0.00    0.00    0.00    0.00
OF294.0  -13.074    0.00 8.7981     0.00    0.00    0.00    0.00    0.00
OF295.0  -13.051    0.00 8.7981     0.00    0.00    0.00    0.00    0.00
OF296.0  -13.028    0.00 8.7982     0.00    0.00    0.00    0.00    0.00
OF297.0  -13.006    0.00 8.7982     0.00    0.00    0.00    0.00    0.00
OF298.0  -12.983    0.00 8.7982     0.00    0.00    0.00    0.00    0.00
OF299.0  -12.960    0.00 8.7983     0.00    0.00    0.00    0.00    0.00
OF300.0  -12.937    0.00 8.7983     0.00    0.00    0.00    0.00    0.00
OF301.0  -12.914    0.00 8.7983     0.00    0.00    0.00    0.00    0.00
OF302.0  -12.891    0.00 8.7984     0.00    0.00    0.00    0.00    0.00
OF303.0  -12.868    0.00 8.7984     0.00    0.00    0.00    0.00    0.00
OF304.0  -12.846    0.00 8.7984     0.00    0.00    0.00    0.00    0.00
OF305.0  -12.823    0.00 8.7985     0.00    0.00    0.00    0.00    0.00
OF306.0  -12.800    0.00 8.7985     0.00    0.00    0.00    0.00    0.00
OF307.0  -12.777    0.00 8.7985     0.00    0.00    0.00    0.00    0.00
OF308.0  -12.754    0.00 8.7985     0.00    0.00    0.00    0.00    0.00
OF309.0  -12.731    0.00 8.7986     0.00    0.00    0.00    0.00    0.00
OF310.0  -12.708    0.00 8.7986     0.00    0.00    0.00    0.00    0.00
OF311.0  -12.686    0.00 8.7986     0.00    0.00    0.00    0.00    0.00
OF312.0  -12.663    0.00 8.7986     0.00    0.00    0.00    0.00    0.00
OF313.0  -12.640    0.00 8.7986     0.00    0.00    0.00    0.00    0.00
OF314.0  -12.617    0.00 8.7986     0.00    0.00    0.00    0.00    0.00
OF315.0  -12.594    0.00 8.7987     0.00    0.00    0.00    0.00    0.00
OF316.0  -12.571    0.00 8.7987     0.00    0.00    0.00    0.00    0.00
OF317.0  -12.548    0.00 8.7987     0.00    0.00    0.00    0.00    0.00
OF318.0  -12.525    0.00 8.7987     0.00    0.00    0.00    0.00    0.00
OF319.0  -12.502    0.00 8.7987     0.00    0.00    0.00    0.00    0.00
OF320.0  -12.48     0.00 8.7987     0.00    0.00    0.00    0.00    0.00
OF321.0  -12.457    0.00 8.7988     0.00    0.00    0.00    0.00    0.00
OF322.0  -12.434    0.00 8.7988     0.00    0.00    0.00    0.00    0.00
OF323.0  -12.411    0.00 8.7988     0.00    0.00    0.00    0.00    0.00
OF324.0  -12.388    0.00 8.7988     0.00    0.00    0.00    0.00    0.00
OF325.0  -12.365    0.00 8.7988     0.00    0.00    0.00    0.00    0.00
OF326.0  -12.342    0.00 8.7988     0.00    0.00    0.00    0.00    0.00
OF327.0  -12.319    0.00 8.7989     0.00    0.00    0.00    0.00    0.00
OF328.0  -12.296    0.00 8.7989     0.00    0.00    0.00    0.00    0.00
OF329.0  -12.273    0.00 8.7989     0.00    0.00    0.00    0.00    0.00
OF330.0  -12.251    0.00 8.7989     0.00    0.00    0.00    0.00    0.00
OF331.0  -12.228    0.00 8.7989     0.00    0.00    0.00    0.00    0.00
OF332.0  -12.205    0.00 8.7989     0.00    0.00    0.00    0.00    0.00
OF333.0  -12.182    0.00 8.799      0.00    0.00    0.00    0.00    0.00
OF334.0  -12.159    0.00 8.799      0.00    0.00    0.00    0.00    0.00
OF335.0  -12.136    0.00 8.799      0.00    0.00    0.00    0.00    0.00
OF336.0  -12.113    0.00 8.799      0.00    0.00    0.00    0.00    0.00
OF337.0  -12.090    0.00 8.799      0.00    0.00    0.00    0.00    0.00
OF338.0  -12.067    0.00 8.799      0.00    0.00    0.00    0.00    0.00
OF339.0  -12.044    0.00 8.7991     0.00    0.00    0.00    0.00    0.00
OF340.0  -12.022    0.00 8.7991     0.00    0.00    0.00    0.00    0.00
OF341.0  -11.999    0.00 8.7991     0.00    0.00    0.00    0.00    0.00
OF342.0  -11.976    0.00 8.7991     0.00    0.00    0.00    0.00    0.00
OF343.0  -11.953    0.00 8.7991     0.00    0.00    0.00    0.00    0.00
OF344.0  -11.930    0.00 8.7991     0.00    0.00    0.00    0.00    0.00
OF345.0  -11.907    0.00 8.7992     0.00    0.00    0.00    0.00    0.00
OF346.0  -11.884    0.00 8.7992     0.00    0.00    0.00    0.00    0.00
OF347.0  -11.861    0.00 8.7992     0.00    0.00    0.00    0.00    0.00
OF348.0  -11.838    0.00 8.7992     0.00    0.00    0.00    0.00    0.00
OF349.0  -11.749    0.00 8.7992     0.00    0.00    0.00    0.00    0.00
OF350.0  -11.605    0.00 8.7993     0.00    0.00    0.00    0.00    0.00
OF351.0  -11.461    0.00 8.7993     0.00    0.00    0.00    0.00    0.00
OF352.0  -11.317    0.00 8.7993     0.00    0.00    0.00    0.00    0.00
OF353.0  -11.172    0.00 8.7993     0.00    0.00    0.00    0.00    0.00
OF354.0  -11.028    0.00 8.7994     0.00    0.00    0.00    0.00    0.00
OF355.0  -10.884    0.00 8.7994     0.00    0.00    0.00    0.00    0.00
OF356.0  -10.740    0.00 8.7994     0.00    0.00    0.00    0.00    0.00
OF357.0  -10.596    0.00 8.7995     0.00    0.00    0.00    0.00    0.00
OF358.0  -10.452    0.00 8.7995     0.00    0.00    0.00    0.00    0.00
OF359.0  -10.308    0.00 8.7995     0.00    0.00    0.00    0.00    0.00
OF360.0  -10.164    0.00 8.7995     0.00    0.00    0.00    0.00    0.00
OF361.0  -10.02     0.00 8.7996     0.00    0.00    0.00    0.00    0.00
OF362.0  -9.8758    0.00 8.7996     0.00    0.00    0.00    0.00    0.00
OF363.0  -9.7316    0.00 8.7996     0.00    0.00    0.00    0.00    0.00
OF364.0  -9.5875    0.00 8.7997     0.00    0.00    0.00    0.00    0.00
OF365.0  -9.4433    0.00 8.7997     0.00    0.00    0.00    0.00    0.00
OF366.0  -9.2991    0.00 8.7997     0.00    0.00    0.00    0.00    0.00
OF367.0  -9.155     0.00 8.7997     0.00    0.00    0.00    0.00    0.00
OF368.0  -9.0103    0.00 8.7998     0.00    0.00    0.00    0.00    0.00
OF369.0  -8.8662    0.00 8.7998     0.00    0.00    0.00    0.00    0.00
OF370.0  -8.722     0.00 8.7998     0.00    0.00    0.00    0.00    0.00
OF371.0  -8.5778    0.00 8.7998     0.00    0.00    0.00    0.00    0.00
OF372.0  -8.4337    0.00 8.7999     0.00    0.00    0.00    0.00    0.00
OF373.0  -8.2895    0.00 8.7999     0.00    0.00    0.00    0.00    0.00
OF374.0  -8.1453    0.00 8.7999     0.00    0.00    0.00    0.00    0.00
OF375.0  -8.0012    0.00 8.8        0.00    0.00    0.00    0.00    0.00
OF376.0  -7.857     0.00 8.8        0.00    0.00    0.00    0.00    0.00
OF377.0  -7.7128    0.00 8.8        0.00    0.00    0.00    0.00    0.00
OF378.0  -7.5686    0.00 8.8        0.00    0.00    0.00    0.00    0.00
OF379.0  -7.4245    0.00 8.8001     0.00    0.00    0.00    0.00    0.00
OF380.0  -7.2803    0.00 8.8001     0.00    0.00    0.00    0.00    0.00
OF381.0  -7.1361    0.00 8.8001     0.00    0.00    0.00    0.00    0.00
OF382.0  -6.992     0.00 8.8002     0.00    0.00    0.00    0.00    0.00
OF383.0  -6.8478    0.00 8.8002     0.00    0.00    0.00    0.00    0.00
OF384.0  -6.7036    0.00 8.8002     0.00    0.00    0.00    0.00    0.00
OF385.0  -6.5595    0.00 8.8002     0.00    0.00    0.00    0.00    0.00
OF386.0  -6.4153    0.00 8.8003     0.00    0.00    0.00    0.00    0.00
OF387.0  -6.2711    0.00 8.8003     0.00    0.00    0.00    0.00    0.00
OF388.0  -6.1269    0.00 8.8003     0.00    0.00    0.00    0.00    0.00
OF389.0  -5.9828    0.00 8.8003     0.00    0.00    0.00    0.00    0.00
OF390.0  -5.7506    0.00 8.8003     0.00    0.00    0.00    0.00    0.00
OF391.0  -5.5165    0.00 8.8003     0.00    0.00    0.00    0.00    0.00
OF392.0  -5.2823    0.00 8.8003     0.00    0.00    0.00    0.00    0.00
OF393.0  -5.0482    0.00 8.8003     0.00    0.00    0.00    0.00    0.00
OF394.0  -4.814     0.00 8.8003     0.00    0.00    0.00    0.00    0.00
OF395.0  -4.5798    0.00 8.8003     0.00    0.00    0.00    0.00    0.00
OF396.0  -4.3457    0.00 8.8003     0.00    0.00    0.00    0.00    0.00
OF397.0  -4.1122    0.00 8.8003     0.00    0.00    0.00    0.00    0.00
OF398.0  -3.8781    0.00 8.8003     0.00    0.00    0.00    0.00    0.00
OF399.0  -3.6439    0.00 8.8003     0.00    0.00    0.00    0.00    0.00
OF400.0  -3.4097    0.00 8.8003     0.00    0.00    0.00    0.00    0.00
OF401.0  -3.1756    0.00 8.8003     0.00    0.00    0.00    0.00    0.00
OF402.0  -2.9414    0.00 8.8003     0.00    0.00    0.00    0.00    0.00
OF403.0  -2.7073    0.00 8.8003     0.00    0.00    0.00    0.00    0.00
OF404.0  -2.4731    0.00 8.8003     0.00    0.00    0.00    0.00    0.00
OF405.0  -2.2389    0.00 8.8003     0.00    0.00    0.00    0.00    0.00
OF406.0  -2.0048    0.00 8.8003     0.00    0.00    0.00    0.00    0.00
OF407.0  -1.7706    0.00 8.8003     0.00    0.00    0.00    0.00    0.00
OF408.0  -1.5364    0.00 8.8003     0.00    0.00    0.00    0.00    0.00
OF409.0  -1.3023    0.00 8.8003     0.00    0.00    0.00    0.00    0.00
OF410.0  -1.0681    0.00 8.8003     0.00    0.00    0.00    0.00    0.00
OF411.0  -0.8339    0.00 8.8003     0.00    0.00    0.00    0.00    0.00
OF412.0  -0.5997    0.00 8.8003     0.00    0.00    0.00    0.00    0.00
OF413.0  -0.3652    0.00 8.8003     0.00    0.00    0.00    0.00    0.00
OF414.0  -0.1311    0.00 8.8003     0.00    0.00    0.00    0.00    0.00
IF415.0  0.10303    0.00 8.8003     0.00    0.00    0.00    0.00    0.00
IF416.0  0.3372     0.00 8.8003     0.00    0.00    0.00    0.00    0.00
IF417.0  0.57136    0.00 8.8003     0.00    0.00    0.00    0.00    0.00
IF418.0  0.80552    0.00 8.8003     0.00    0.00    0.00    0.00    0.00
IF419.0  1.0397     0.00 8.8003     0.00    0.00    0.00    0.00    0.00
IF420.0  1.2738     0.00 8.8003     0.00    0.00    0.00    0.00    0.00
IF421.0  1.508      0.00 8.8003     0.00    0.00    0.00    0.00    0.00
IF422.0  1.7422     0.00 8.8003     0.00    0.00    0.00    0.00    0.00
IF423.2  2.0296     0.00 8.8136     0.00    0.00    0.00    0.00    0.00
IF426.5  2.7979     0.00 8.8673     0.00    0.00    0.00    0.00    0.00
IF429.8  3.3464     0.00 8.9368     0.00    0.00    0.00    0.00    0.00
IF433.1  3.8561     0.00 9.0237     0.00    0.00    0.00    0.00    0.00
IF436.4  4.3659     0.00 9.1117     0.00    0.00    0.00    0.00    0.00
IF439.6  4.8757     0.00 9.2014     0.00    0.00    0.00    0.00    0.00
IF442.9  5.3855     0.00 9.3212     0.00    0.00    0.00    0.00    0.00
IF446.2  5.8953     0.00 9.4529     0.00    0.00    0.00    0.00    0.00
IF449.5  6.405      0.00 9.5778     0.00    0.00    0.00    0.00    0.00
IF452.8  6.9148     0.00 9.7116     0.00    0.00    0.00    0.00    0.00
IF456.0  7.4246     0.00 9.8384     0.00    0.00    0.00    0.00    0.00
IF459.3  8.1076     0.00 10.0186    0.00    0.00    0.00    0.00    0.00
IF462.6  8.8191     0.00 10.2114    0.00    0.00    0.00    0.00    0.00
IF465.9  9.5306     0.00 10.402     0.00    0.00    0.00    0.00    0.00
IF469.2  10.2421    0.00 10.6014    0.00    0.00    0.00    0.00    0.00
IF470.8  10.6014    0.00 10.6014    0.00    0.00    0.00    0.00    0.00
PS START(419233.5619,4841652.4412)
PS END(419424.0627,4841707.9578)
ET
 
 
 
