header
IE0.0    -21.564       1       1 8.9825  4.1813  3.4       56.14   56.14
OF1.0    -21.522    0.00 8.9825     0.00    0.00    0.00    0.00    0.00
OF2.0    -21.481    0.00 8.9825     0.00    0.00    0.00    0.00    0.00
OF3.0    -21.439    0.00 8.9825     0.00    0.00    0.00    0.00    0.00
OF4.0    -21.397    0.00 8.9825     0.00    0.00    0.00    0.00    0.00
OF5.0    -21.355    0.00 8.9825     0.00    0.00    0.00    0.00    0.00
OF6.0    -21.313    0.00 8.9825     0.00    0.00    0.00    0.00    0.00
OF7.0    -21.272    0.00 8.9825     0.00    0.00    0.00    0.00    0.00
OF8.0    -21.230    0.00 8.9825     0.00    0.00    0.00    0.00    0.00
OF9.0    -21.188    0.00 8.9825     0.00    0.00    0.00    0.00    0.00
OF10.0   -21.146    0.00 8.9825     0.00    0.00    0.00    0.00    0.00
OF11.0   -21.104    0.00 8.9825     0.00    0.00    0.00    0.00    0.00
OF12.0   -21.062    0.00 8.9825     0.00    0.00    0.00    0.00    0.00
OF13.0   -21.021    0.00 8.9825     0.00    0.00    0.00    0.00    0.00
OF14.0   -20.979    0.00 8.9825     0.00    0.00    0.00    0.00    0.00
OF15.0   -20.937    0.00 8.9825     0.00    0.00    0.00    0.00    0.00
OF16.0   -20.895    0.00 8.9825     0.00    0.00    0.00    0.00    0.00
OF17.0   -20.853    0.00 8.9825     0.00    0.00    0.00    0.00    0.00
OF18.0   -20.812    0.00 8.9825     0.00    0.00    0.00    0.00    0.00
OF19.0   -20.770    0.00 8.9825     0.00    0.00    0.00    0.00    0.00
OF20.0   -20.728    0.00 8.9825     0.00    0.00    0.00    0.00    0.00
OF21.0   -20.686    0.00 8.9825     0.00    0.00    0.00    0.00    0.00
OF22.0   -20.644    0.00 8.9825     0.00    0.00    0.00    0.00    0.00
OF23.0   -20.602    0.00 8.9825     0.00    0.00    0.00    0.00    0.00
OF24.0   -20.561    0.00 8.9825     0.00    0.00    0.00    0.00    0.00
OF25.0   -20.519    0.00 8.9825     0.00    0.00    0.00    0.00    0.00
OF26.0   -20.477    0.00 8.9825     0.00    0.00    0.00    0.00    0.00
OF27.0   -20.435    0.00 8.9825     0.00    0.00    0.00    0.00    0.00
OF28.0   -20.393    0.00 8.9825     0.00    0.00    0.00    0.00    0.00
OF29.0   -20.352    0.00 8.9825     0.00    0.00    0.00    0.00    0.00
OF30.0   -20.310    0.00 8.9825     0.00    0.00    0.00    0.00    0.00
OF31.0   -20.268    0.00 8.9825     0.00    0.00    0.00    0.00    0.00
OF32.0   -20.226    0.00 8.9825     0.00    0.00    0.00    0.00    0.00
OF33.0   -20.184    0.00 8.9825     0.00    0.00    0.00    0.00    0.00
OF34.0   -20.142    0.00 8.9825     0.00    0.00    0.00    0.00    0.00
OF35.0   -20.101    0.00 8.9825     0.00    0.00    0.00    0.00    0.00
OF36.0   -20.059    0.00 8.9825     0.00    0.00    0.00    0.00    0.00
OF37.0   -20.017    0.00 8.9825     0.00    0.00    0.00    0.00    0.00
OF38.0   -19.975    0.00 8.9825     0.00    0.00    0.00    0.00    0.00
OF39.0   -19.933    0.00 8.9825     0.00    0.00    0.00    0.00    0.00
OF40.0   -19.892    0.00 8.9825     0.00    0.00    0.00    0.00    0.00
OF41.0   -19.850    0.00 8.9825     0.00    0.00    0.00    0.00    0.00
OF42.0   -19.808    0.00 8.9825     0.00    0.00    0.00    0.00    0.00
OF43.0   -19.766    0.00 8.9825     0.00    0.00    0.00    0.00    0.00
OF44.0   -19.724    0.00 8.9825     0.00    0.00    0.00    0.00    0.00
OF45.0   -19.683    0.00 8.9825     0.00    0.00    0.00    0.00    0.00
OF46.0   -19.641    0.00 8.9825     0.00    0.00    0.00    0.00    0.00
OF47.0   -19.599    0.00 8.9825     0.00    0.00    0.00    0.00    0.00
OF48.0   -19.557    0.00 8.9825     0.00    0.00    0.00    0.00    0.00
OF49.0   -19.515    0.00 8.9825     0.00    0.00    0.00    0.00    0.00
OF50.0   -19.473    0.00 8.9825     0.00    0.00    0.00    0.00    0.00
OF51.0   -19.432    0.00 8.9825     0.00    0.00    0.00    0.00    0.00
OF52.0   -19.390    0.00 8.9825     0.00    0.00    0.00    0.00    0.00
OF53.0   -19.348    0.00 8.9825     0.00    0.00    0.00    0.00    0.00
OF54.0   -19.306    0.00 8.9825     0.00    0.00    0.00    0.00    0.00
OF55.0   -19.264    0.00 8.9825     0.00    0.00    0.00    0.00    0.00
OF56.0   -19.22     0.00 8.9825     0.00    0.00    0.00    0.00    0.00
OF57.0   -19.175    0.00 8.9825     0.00    0.00    0.00    0.00    0.00
OF58.0   -19.131    0.00 8.9825     0.00    0.00    0.00    0.00    0.00
OF59.0   -19.087    0.00 8.9825     0.00    0.00    0.00    0.00    0.00
OF60.0   -19.043    0.00 8.9825     0.00    0.00    0.00    0.00    0.00
OF61.0   -18.999    0.00 8.9825     0.00    0.00    0.00    0.00    0.00
OF62.0   -18.955    0.00 8.9825     0.00    0.00    0.00    0.00    0.00
OF63.0   -18.910    0.00 8.9825     0.00    0.00    0.00    0.00    0.00
OF64.0   -18.866    0.00 8.9825     0.00    0.00    0.00    0.00    0.00
OF65.0   -18.822    0.00 8.9825     0.00    0.00    0.00    0.00    0.00
OF66.0   -18.778    0.00 8.9825     0.00    0.00    0.00    0.00    0.00
OF67.0   -18.734    0.00 8.9825     0.00    0.00    0.00    0.00    0.00
OF68.0   -18.690    0.00 8.9825     0.00    0.00    0.00    0.00    0.00
OF69.0   -18.646    0.00 8.9825     0.00    0.00    0.00    0.00    0.00
OF70.0   -18.601    0.00 8.9825     0.00    0.00    0.00    0.00    0.00
OF71.0   -18.557    0.00 8.9825     0.00    0.00    0.00    0.00    0.00
OF72.0   -18.513    0.00 8.9825     0.00    0.00    0.00    0.00    0.00
OF73.0   -18.469    0.00 8.9825     0.00    0.00    0.00    0.00    0.00
OF74.0   -18.425    0.00 8.9825     0.00    0.00    0.00    0.00    0.00
OF75.0   -18.366    0.00 8.9825     0.00    0.00    0.00    0.00    0.00
OF76.0   -18.295    0.00 8.9825     0.00    0.00    0.00    0.00    0.00
OF77.0   -18.225    0.00 8.9825     0.00    0.00    0.00    0.00    0.00
OF78.0   -18.155    0.00 8.9825     0.00    0.00    0.00    0.00    0.00
OF79.0   -18.084    0.00 8.9825     0.00    0.00    0.00    0.00    0.00
OF80.0   -18.014    0.00 8.9825     0.00    0.00    0.00    0.00    0.00
OF81.0   -17.944    0.00 8.9825     0.00    0.00    0.00    0.00    0.00
OF82.0   -17.873    0.00 8.9825     0.00    0.00    0.00    0.00    0.00
OF83.0   -17.803    0.00 8.9825     0.00    0.00    0.00    0.00    0.00
OF84.0   -17.732    0.00 8.9825     0.00    0.00    0.00    0.00    0.00
OF85.0   -17.662    0.00 8.9825     0.00    0.00    0.00    0.00    0.00
OF86.0   -17.592    0.00 8.9825     0.00    0.00    0.00    0.00    0.00
OF87.0   -17.521    0.00 8.9825     0.00    0.00    0.00    0.00    0.00
OF88.0   -17.451    0.00 8.9825     0.00    0.00    0.00    0.00    0.00
OF89.0   -17.380    0.00 8.9825     0.00    0.00    0.00    0.00    0.00
OF90.0   -17.310    0.00 8.9825     0.00    0.00    0.00    0.00    0.00
OF91.0   -17.240    0.00 8.9825     0.00    0.00    0.00    0.00    0.00
OF92.0   -17.169    0.00 8.9825     0.00    0.00    0.00    0.00    0.00
OF93.0   -17.099    0.00 8.9825     0.00    0.00    0.00    0.00    0.00
OF94.0   -17.029    0.00 8.9825     0.00    0.00    0.00    0.00    0.00
OF95.0   -16.958    0.00 8.9825     0.00    0.00    0.00    0.00    0.00
OF96.0   -16.888    0.00 8.9825     0.00    0.00    0.00    0.00    0.00
OF97.0   -16.817    0.00 8.9825     0.00    0.00    0.00    0.00    0.00
OF98.0   -16.749    0.00 8.9825     0.00    0.00    0.00    0.00    0.00
OF99.0   -16.681    0.00 8.9825     0.00    0.00    0.00    0.00    0.00
OF100.0  -16.614    0.00 8.9825     0.00    0.00    0.00    0.00    0.00
OF101.0  -16.546    0.00 8.9825     0.00    0.00    0.00    0.00    0.00
OF102.0  -16.478    0.00 8.9825     0.00    0.00    0.00    0.00    0.00
OF103.0  -16.411    0.00 8.9825     0.00    0.00    0.00    0.00    0.00
OF104.0  -16.343    0.00 8.9825     0.00    0.00    0.00    0.00    0.00
OF105.0  -16.275    0.00 8.9825     0.00    0.00    0.00    0.00    0.00
OF106.0  -16.207    0.00 8.9825     0.00    0.00    0.00    0.00    0.00
OF107.0  -16.14     0.00 8.9825     0.00    0.00    0.00    0.00    0.00
OF108.0  -16.072    0.00 8.9825     0.00    0.00    0.00    0.00    0.00
OF109.0  -16.004    0.00 8.9825     0.00    0.00    0.00    0.00    0.00
OF110.0  -15.936    0.00 8.9825     0.00    0.00    0.00    0.00    0.00
OF111.0  -15.868    0.00 8.9825     0.00    0.00    0.00    0.00    0.00
OF112.0  -15.801    0.00 8.9825     0.00    0.00    0.00    0.00    0.00
OF113.0  -15.733    0.00 8.9825     0.00    0.00    0.00    0.00    0.00
OF114.0  -15.665    0.00 8.9825     0.00    0.00    0.00    0.00    0.00
OF115.0  -15.597    0.00 8.9825     0.00    0.00    0.00    0.00    0.00
OF116.0  -15.530    0.00 8.9825     0.00    0.00    0.00    0.00    0.00
OF117.0  -15.462    0.00 8.9825     0.00    0.00    0.00    0.00    0.00
OF118.0  -15.394    0.00 8.9825     0.00    0.00    0.00    0.00    0.00
OF119.0  -15.327    0.00 8.9825     0.00    0.00    0.00    0.00    0.00
OF120.0  -15.259    0.00 8.9825     0.00    0.00    0.00    0.00    0.00
OF121.0  -15.191    0.00 8.9825     0.00    0.00    0.00    0.00    0.00
OF122.0  -15.123    0.00 8.9825     0.00    0.00    0.00    0.00    0.00
OF123.0  -15.055    0.00 8.9825     0.00    0.00    0.00    0.00    0.00
OF124.0  -14.988    0.00 8.9825     0.00    0.00    0.00    0.00    0.00
OF125.0  -14.920    0.00 8.9824     0.00    0.00    0.00    0.00    0.00
OF126.0  -14.852    0.00 8.9824     0.00    0.00    0.00    0.00    0.00
OF127.0  -14.784    0.00 8.9824     0.00    0.00    0.00    0.00    0.00
OF128.0  -14.717    0.00 8.9824     0.00    0.00    0.00    0.00    0.00
OF129.0  -14.649    0.00 8.9824     0.00    0.00    0.00    0.00    0.00
OF130.0  -14.581    0.00 8.9824     0.00    0.00    0.00    0.00    0.00
OF131.0  -14.514    0.00 8.9824     0.00    0.00    0.00    0.00    0.00
OF132.0  -14.446    0.00 8.9824     0.00    0.00    0.00    0.00    0.00
OF133.0  -14.378    0.00 8.9824     0.00    0.00    0.00    0.00    0.00
OF134.0  -14.310    0.00 8.9824     0.00    0.00    0.00    0.00    0.00
OF135.0  -14.242    0.00 8.9824     0.00    0.00    0.00    0.00    0.00
OF136.0  -14.175    0.00 8.9824     0.00    0.00    0.00    0.00    0.00
OF137.0  -14.107    0.00 8.9824     0.00    0.00    0.00    0.00    0.00
OF138.0  -14.039    0.00 8.9824     0.00    0.00    0.00    0.00    0.00
OF139.0  -13.972    0.00 8.9824     0.00    0.00    0.00    0.00    0.00
OF140.0  -13.904    0.00 8.9824     0.00    0.00    0.00    0.00    0.00
OF141.0  -13.836    0.00 8.9824     0.00    0.00    0.00    0.00    0.00
OF142.0  -13.768    0.00 8.9824     0.00    0.00    0.00    0.00    0.00
OF143.0  -13.701    0.00 8.9824     0.00    0.00    0.00    0.00    0.00
OF144.0  -13.633    0.00 8.9824     0.00    0.00    0.00    0.00    0.00
OF145.0  -13.565    0.00 8.9824     0.00    0.00    0.00    0.00    0.00
OF146.0  -13.497    0.00 8.9824     0.00    0.00    0.00    0.00    0.00
OF147.0  -13.430    0.00 8.9824     0.00    0.00    0.00    0.00    0.00
OF148.0  -13.362    0.00 8.9824     0.00    0.00    0.00    0.00    0.00
OF149.0  -13.294    0.00 8.9824     0.00    0.00    0.00    0.00    0.00
OF150.0  -13.226    0.00 8.9824     0.00    0.00    0.00    0.00    0.00
OF151.0  -13.159    0.00 8.9824     0.00    0.00    0.00    0.00    0.00
OF152.0  -13.091    0.00 8.9824     0.00    0.00    0.00    0.00    0.00
OF153.0  -13.023    0.00 8.9824     0.00    0.00    0.00    0.00    0.00
OF154.0  -12.955    0.00 8.9824     0.00    0.00    0.00    0.00    0.00
OF155.0  -12.888    0.00 8.9824     0.00    0.00    0.00    0.00    0.00
OF156.0  -12.820    0.00 8.9824     0.00    0.00    0.00    0.00    0.00
OF157.0  -12.752    0.00 8.9824     0.00    0.00    0.00    0.00    0.00
OF158.0  -12.684    0.00 8.9824     0.00    0.00    0.00    0.00    0.00
OF159.0  -12.617    0.00 8.9824     0.00    0.00    0.00    0.00    0.00
OF160.0  -12.549    0.00 8.9824     0.00    0.00    0.00    0.00    0.00
OF161.0  -12.481    0.00 8.9824     0.00    0.00    0.00    0.00    0.00
OF162.0  -12.413    0.00 8.9824     0.00    0.00    0.00    0.00    0.00
OF163.0  -12.345    0.00 8.9824     0.00    0.00    0.00    0.00    0.00
OF164.0  -12.278    0.00 8.9824     0.00    0.00    0.00    0.00    0.00
OF165.0  -12.210    0.00 8.9824     0.00    0.00    0.00    0.00    0.00
OF166.0  -12.142    0.00 8.9824     0.00    0.00    0.00    0.00    0.00
OF167.0  -12.104    0.00 8.9824     0.00    0.00    0.00    0.00    0.00
OF168.0  -12.067    0.00 8.9824     0.00    0.00    0.00    0.00    0.00
OF169.0  -12.030    0.00 8.9824     0.00    0.00    0.00    0.00    0.00
OF170.0  -11.993    0.00 8.9824     0.00    0.00    0.00    0.00    0.00
OF171.0  -11.956    0.00 8.9824     0.00    0.00    0.00    0.00    0.00
OF172.0  -11.919    0.00 8.9824     0.00    0.00    0.00    0.00    0.00
OF173.0  -11.882    0.00 8.9824     0.00    0.00    0.00    0.00    0.00
OF174.0  -11.845    0.00 8.9824     0.00    0.00    0.00    0.00    0.00
OF175.0  -11.808    0.00 8.9824     0.00    0.00    0.00    0.00    0.00
OF176.0  -11.772    0.00 8.9824     0.00    0.00    0.00    0.00    0.00
OF177.0  -11.735    0.00 8.9824     0.00    0.00    0.00    0.00    0.00
OF178.0  -11.698    0.00 8.9824     0.00    0.00    0.00    0.00    0.00
OF179.0  -11.661    0.00 8.9824     0.00    0.00    0.00    0.00    0.00
OF180.0  -11.624    0.00 8.9824     0.00    0.00    0.00    0.00    0.00
OF181.0  -11.587    0.00 8.9824     0.00    0.00    0.00    0.00    0.00
OF182.0  -11.550    0.00 8.9824     0.00    0.00    0.00    0.00    0.00
OF183.0  -11.513    0.00 8.9824     0.00    0.00    0.00    0.00    0.00
OF184.0  -11.476    0.00 8.9824     0.00    0.00    0.00    0.00    0.00
OF185.0  -11.439    0.00 8.9824     0.00    0.00    0.00    0.00    0.00
OF186.0  -11.402    0.00 8.9824     0.00    0.00    0.00    0.00    0.00
OF187.0  -11.365    0.00 8.9824     0.00    0.00    0.00    0.00    0.00
OF188.0  -11.328    0.00 8.9824     0.00    0.00    0.00    0.00    0.00
OF189.0  -11.291    0.00 8.9824     0.00    0.00    0.00    0.00    0.00
OF190.0  -11.255    0.00 8.9824     0.00    0.00    0.00    0.00    0.00
OF191.0  -11.218    0.00 8.9824     0.00    0.00    0.00    0.00    0.00
OF192.0  -11.181    0.00 8.9824     0.00    0.00    0.00    0.00    0.00
OF193.0  -11.144    0.00 8.9824     0.00    0.00    0.00    0.00    0.00
OF194.0  -11.107    0.00 8.9824     0.00    0.00    0.00    0.00    0.00
OF195.0  -11.070    0.00 8.9824     0.00    0.00    0.00    0.00    0.00
OF196.0  -11.033    0.00 8.9824     0.00    0.00    0.00    0.00    0.00
OF197.0  -10.996    0.00 8.9824     0.00    0.00    0.00    0.00    0.00
OF198.0  -10.959    0.00 8.9824     0.00    0.00    0.00    0.00    0.00
OF199.0  -10.922    0.00 8.9824     0.00    0.00    0.00    0.00    0.00
OF200.0  -10.885    0.00 8.9824     0.00    0.00    0.00    0.00    0.00
OF201.0  -10.848    0.00 8.9824     0.00    0.00    0.00    0.00    0.00
OF202.0  -10.811    0.00 8.9824     0.00    0.00    0.00    0.00    0.00
OF203.0  -10.775    0.00 8.9824     0.00    0.00    0.00    0.00    0.00
OF204.0  -10.738    0.00 8.9824     0.00    0.00    0.00    0.00    0.00
OF205.0  -10.701    0.00 8.9824     0.00    0.00    0.00    0.00    0.00
OF206.0  -10.664    0.00 8.9824     0.00    0.00    0.00    0.00    0.00
OF207.0  -10.627    0.00 8.9824     0.00    0.00    0.00    0.00    0.00
OF208.0  -10.590    0.00 8.9824     0.00    0.00    0.00    0.00    0.00
OF209.0  -10.553    0.00 8.9824     0.00    0.00    0.00    0.00    0.00
OF210.0  -10.516    0.00 8.9824     0.00    0.00    0.00    0.00    0.00
OF211.0  -10.479    0.00 8.9824     0.00    0.00    0.00    0.00    0.00
OF212.0  -10.442    0.00 8.9824     0.00    0.00    0.00    0.00    0.00
OF213.0  -10.405    0.00 8.9824     0.00    0.00    0.00    0.00    0.00
OF214.0  -10.368    0.00 8.9824     0.00    0.00    0.00    0.00    0.00
OF215.0  -10.331    0.00 8.9824     0.00    0.00    0.00    0.00    0.00
OF216.0  -10.295    0.00 8.9824     0.00    0.00    0.00    0.00    0.00
OF217.0  -10.258    0.00 8.9824     0.00    0.00    0.00    0.00    0.00
OF218.0  -10.221    0.00 8.9824     0.00    0.00    0.00    0.00    0.00
OF219.0  -10.184    0.00 8.9824     0.00    0.00    0.00    0.00    0.00
OF220.0  -10.147    0.00 8.9824     0.00    0.00    0.00    0.00    0.00
OF221.0  -10.110    0.00 8.9824     0.00    0.00    0.00    0.00    0.00
OF222.0  -10.073    0.00 8.9824     0.00    0.00    0.00    0.00    0.00
OF223.0  -10.036    0.00 8.9824     0.00    0.00    0.00    0.00    0.00
OF224.0  -9.9995    0.00 8.9824     0.00    0.00    0.00    0.00    0.00
OF225.0  -9.9626    0.00 8.9824     0.00    0.00    0.00    0.00    0.00
OF226.0  -9.9257    0.00 8.9824     0.00    0.00    0.00    0.00    0.00
OF227.0  -9.8888    0.00 8.9824     0.00    0.00    0.00    0.00    0.00
OF228.0  -9.8518    0.00 8.9824     0.00    0.00    0.00    0.00    0.00
OF229.0  -9.8149    0.00 8.9824     0.00    0.00    0.00    0.00    0.00
OF230.0  -9.778     0.00 8.9824     0.00    0.00    0.00    0.00    0.00
OF231.0  -9.7411    0.00 8.9824     0.00    0.00    0.00    0.00    0.00
OF232.0  -9.7042    0.00 8.9824     0.00    0.00    0.00    0.00    0.00
OF233.0  -9.6673    0.00 8.9824     0.00    0.00    0.00    0.00    0.00
OF234.0  -9.6304    0.00 8.9824     0.00    0.00    0.00    0.00    0.00
OF235.0  -9.5934    0.00 8.9824     0.00    0.00    0.00    0.00    0.00
OF236.0  -9.5564    0.00 8.9824     0.00    0.00    0.00    0.00    0.00
OF237.0  -9.5195    0.00 8.9824     0.00    0.00    0.00    0.00    0.00
OF238.0  -9.4825    0.00 8.9824     0.00    0.00    0.00    0.00    0.00
OF239.0  -9.4456    0.00 8.9824     0.00    0.00    0.00    0.00    0.00
OF240.0  -9.4087    0.00 8.9824     0.00    0.00    0.00    0.00    0.00
OF241.0  -9.375     0.00 8.9824     0.00    0.00    0.00    0.00    0.00
OF242.0  -9.3416    0.00 8.9824     0.00    0.00    0.00    0.00    0.00
OF243.0  -9.3083    0.00 8.9823     0.00    0.00    0.00    0.00    0.00
OF244.0  -9.275     0.00 8.9823     0.00    0.00    0.00    0.00    0.00
OF245.0  -9.2417    0.00 8.9823     0.00    0.00    0.00    0.00    0.00
OF246.0  -9.2083    0.00 8.9823     0.00    0.00    0.00    0.00    0.00
OF247.0  -9.175     0.00 8.9823     0.00    0.00    0.00    0.00    0.00
OF248.0  -9.1391    0.00 8.9823     0.00    0.00    0.00    0.00    0.00
OF249.0  -9.1021    0.00 8.9823     0.00    0.00    0.00    0.00    0.00
OF250.0  -9.0652    0.00 8.9823     0.00    0.00    0.00    0.00    0.00
OF251.0  -9.0306    0.00 8.9823     0.00    0.00    0.00    0.00    0.00
OF252.0  -8.998     0.00 8.9823     0.00    0.00    0.00    0.00    0.00
OF253.0  -8.9654    0.00 8.9823     0.00    0.00    0.00    0.00    0.00
OF254.0  -8.9328    0.00 8.9823     0.00    0.00    0.00    0.00    0.00
OF255.0  -8.9002    0.00 8.9823     0.00    0.00    0.00    0.00    0.00
OF256.0  -8.8677    0.00 8.9823     0.00    0.00    0.00    0.00    0.00
OF257.0  -8.8351    0.00 8.9823     0.00    0.00    0.00    0.00    0.00
OF258.0  -8.8025    0.00 8.9823     0.00    0.00    0.00    0.00    0.00
OF259.0  -8.7699    0.00 8.9823     0.00    0.00    0.00    0.00    0.00
OF260.0  -8.7373    0.00 8.9823     0.00    0.00    0.00    0.00    0.00
OF261.0  -8.7046    0.00 8.9823     0.00    0.00    0.00    0.00    0.00
OF262.0  -8.672     0.00 8.9823     0.00    0.00    0.00    0.00    0.00
OF263.0  -8.6394    0.00 8.9823     0.00    0.00    0.00    0.00    0.00
OF264.0  -8.6068    0.00 8.9823     0.00    0.00    0.00    0.00    0.00
OF265.0  -8.5743    0.00 8.9823     0.00    0.00    0.00    0.00    0.00
OF266.0  -8.5417    0.00 8.9823     0.00    0.00    0.00    0.00    0.00
OF267.0  -8.5091    0.00 8.9823     0.00    0.00    0.00    0.00    0.00
OF268.0  -8.4765    0.00 8.9823     0.00    0.00    0.00    0.00    0.00
OF269.0  -8.4439    0.00 8.9823     0.00    0.00    0.00    0.00    0.00
OF270.0  -8.4113    0.00 8.9823     0.00    0.00    0.00    0.00    0.00
OF271.0  -8.3787    0.00 8.9823     0.00    0.00    0.00    0.00    0.00
OF272.0  -8.3461    0.00 8.9823     0.00    0.00    0.00    0.00    0.00
OF273.0  -8.3136    0.00 8.9823     0.00    0.00    0.00    0.00    0.00
OF274.0  -8.2809    0.00 8.9823     0.00    0.00    0.00    0.00    0.00
OF275.0  -8.2483    0.00 8.9823     0.00    0.00    0.00    0.00    0.00
OF276.0  -8.2157    0.00 8.9823     0.00    0.00    0.00    0.00    0.00
OF277.0  -8.1831    0.00 8.9823     0.00    0.00    0.00    0.00    0.00
OF278.0  -8.1505    0.00 8.9823     0.00    0.00    0.00    0.00    0.00
OF279.0  -8.1179    0.00 8.9823     0.00    0.00    0.00    0.00    0.00
OF280.0  -8.0853    0.00 8.9823     0.00    0.00    0.00    0.00    0.00
OF281.0  -8.0527    0.00 8.9823     0.00    0.00    0.00    0.00    0.00
OF282.0  -8.0202    0.00 8.9823     0.00    0.00    0.00    0.00    0.00
OF283.0  -7.9876    0.00 8.9823     0.00    0.00    0.00    0.00    0.00
OF284.0  -7.955     0.00 8.9823     0.00    0.00    0.00    0.00    0.00
OF285.0  -7.9224    0.00 8.9823     0.00    0.00    0.00    0.00    0.00
OF286.0  -7.8897    0.00 8.9823     0.00    0.00    0.00    0.00    0.00
OF287.0  -7.8571    0.00 8.9823     0.00    0.00    0.00    0.00    0.00
OF288.0  -7.8245    0.00 8.9823     0.00    0.00    0.00    0.00    0.00
OF289.0  -7.7919    0.00 8.9823     0.00    0.00    0.00    0.00    0.00
OF290.0  -7.7593    0.00 8.9823     0.00    0.00    0.00    0.00    0.00
OF291.0  -7.7267    0.00 8.9823     0.00    0.00    0.00    0.00    0.00
OF292.0  -7.6942    0.00 8.9823     0.00    0.00    0.00    0.00    0.00
OF293.0  -7.6616    0.00 8.9823     0.00    0.00    0.00    0.00    0.00
OF294.0  -7.629     0.00 8.9823     0.00    0.00    0.00    0.00    0.00
OF295.0  -7.5964    0.00 8.9823     0.00    0.00    0.00    0.00    0.00
OF296.0  -7.5638    0.00 8.9823     0.00    0.00    0.00    0.00    0.00
OF297.0  -7.5312    0.00 8.9823     0.00    0.00    0.00    0.00    0.00
OF298.0  -7.4986    0.00 8.9823     0.00    0.00    0.00    0.00    0.00
OF299.0  -7.4659    0.00 8.9823     0.00    0.00    0.00    0.00    0.00
OF300.0  -7.4333    0.00 8.9823     0.00    0.00    0.00    0.00    0.00
OF301.0  -7.4008    0.00 8.9823     0.00    0.00    0.00    0.00    0.00
OF302.0  -7.3682    0.00 8.9823     0.00    0.00    0.00    0.00    0.00
OF303.0  -7.3356    0.00 8.9823     0.00    0.00    0.00    0.00    0.00
OF304.0  -7.303     0.00 8.9823     0.00    0.00    0.00    0.00    0.00
OF305.0  -7.2704    0.00 8.9823     0.00    0.00    0.00    0.00    0.00
OF306.0  -7.2378    0.00 8.9823     0.00    0.00    0.00    0.00    0.00
OF307.0  -7.2052    0.00 8.9823     0.00    0.00    0.00    0.00    0.00
OF308.0  -7.1726    0.00 8.9823     0.00    0.00    0.00    0.00    0.00
OF309.0  -7.1401    0.00 8.9823     0.00    0.00    0.00    0.00    0.00
OF310.0  -7.1075    0.00 8.9823     0.00    0.00    0.00    0.00    0.00
OF311.0  -7.0748    0.00 8.9823     0.00    0.00    0.00    0.00    0.00
OF312.0  -7.0422    0.00 8.9823     0.00    0.00    0.00    0.00    0.00
OF313.0  -7.0096    0.00 8.9823     0.00    0.00    0.00    0.00    0.00
OF314.0  -6.977     0.00 8.9823     0.00    0.00    0.00    0.00    0.00
OF315.0  -6.9444    0.00 8.9823     0.00    0.00    0.00    0.00    0.00
OF316.0  -6.9118    0.00 8.9823     0.00    0.00    0.00    0.00    0.00
OF317.0  -6.8792    0.00 8.9823     0.00    0.00    0.00    0.00    0.00
OF318.0  -6.8467    0.00 8.9823     0.00    0.00    0.00    0.00    0.00
OF319.0  -6.8141    0.00 8.9823     0.00    0.00    0.00    0.00    0.00
OF320.0  -6.7815    0.00 8.9823     0.00    0.00    0.00    0.00    0.00
OF321.0  -6.7489    0.00 8.9823     0.00    0.00    0.00    0.00    0.00
OF322.0  -6.7163    0.00 8.9823     0.00    0.00    0.00    0.00    0.00
OF323.0  -6.6837    0.00 8.9823     0.00    0.00    0.00    0.00    0.00
OF324.0  -6.651     0.00 8.9823     0.00    0.00    0.00    0.00    0.00
OF325.0  -6.6184    0.00 8.9823     0.00    0.00    0.00    0.00    0.00
OF326.0  -6.5858    0.00 8.9823     0.00    0.00    0.00    0.00    0.00
OF327.0  -6.5532    0.00 8.9823     0.00    0.00    0.00    0.00    0.00
OF328.0  -6.5207    0.00 8.9823     0.00    0.00    0.00    0.00    0.00
OF329.0  -6.4881    0.00 8.9823     0.00    0.00    0.00    0.00    0.00
OF330.0  -6.4555    0.00 8.9823     0.00    0.00    0.00    0.00    0.00
OF331.0  -6.4229    0.00 8.9823     0.00    0.00    0.00    0.00    0.00
OF332.0  -6.3903    0.00 8.9823     0.00    0.00    0.00    0.00    0.00
OF333.0  -6.3577    0.00 8.9823     0.00    0.00    0.00    0.00    0.00
OF334.0  -6.3251    0.00 8.9823     0.00    0.00    0.00    0.00    0.00
OF335.0  -6.2925    0.00 8.9823     0.00    0.00    0.00    0.00    0.00
OF336.0  -6.2599    0.00 8.9823     0.00    0.00    0.00    0.00    0.00
OF337.0  -6.2247    0.00 8.9823     0.00    0.00    0.00    0.00    0.00
OF338.0  -6.1887    0.00 8.9823     0.00    0.00    0.00    0.00    0.00
OF339.0  -6.1527    0.00 8.9823     0.00    0.00    0.00    0.00    0.00
OF340.0  -6.1167    0.00 8.9823     0.00    0.00    0.00    0.00    0.00
OF341.0  -6.0807    0.00 8.9823     0.00    0.00    0.00    0.00    0.00
OF342.0  -6.0447    0.00 8.9823     0.00    0.00    0.00    0.00    0.00
OF343.0  -6.0086    0.00 8.9823     0.00    0.00    0.00    0.00    0.00
OF344.0  -5.9726    0.00 8.9823     0.00    0.00    0.00    0.00    0.00
OF345.0  -5.9366    0.00 8.9823     0.00    0.00    0.00    0.00    0.00
OF346.0  -5.9006    0.00 8.9823     0.00    0.00    0.00    0.00    0.00
OF347.0  -5.8646    0.00 8.9823     0.00    0.00    0.00    0.00    0.00
OF348.0  -5.8286    0.00 8.9823     0.00    0.00    0.00    0.00    0.00
OF349.0  -5.7924    0.00 8.9823     0.00    0.00    0.00    0.00    0.00
OF350.0  -5.7564    0.00 8.9823     0.00    0.00    0.00    0.00    0.00
OF351.0  -5.7204    0.00 8.9823     0.00    0.00    0.00    0.00    0.00
OF352.0  -5.6844    0.00 8.9823     0.00    0.00    0.00    0.00    0.00
OF353.0  -5.6484    0.00 8.9823     0.00    0.00    0.00    0.00    0.00
OF354.0  -5.6124    0.00 8.9823     0.00    0.00    0.00    0.00    0.00
OF355.0  -5.5764    0.00 8.9823     0.00    0.00    0.00    0.00    0.00
OF356.0  -5.5404    0.00 8.9823     0.00    0.00    0.00    0.00    0.00
OF357.0  -5.5043    0.00 8.9823     0.00    0.00    0.00    0.00    0.00
OF358.0  -5.4683    0.00 8.9823     0.00    0.00    0.00    0.00    0.00
OF359.0  -5.4323    0.00 8.9823     0.00    0.00    0.00    0.00    0.00
OF360.0  -5.3963    0.00 8.9823     0.00    0.00    0.00    0.00    0.00
OF361.0  -5.3603    0.00 8.9823     0.00    0.00    0.00    0.00    0.00
OF362.0  -5.3242    0.00 8.9823     0.00    0.00    0.00    0.00    0.00
OF363.0  -5.2881    0.00 8.9823     0.00    0.00    0.00    0.00    0.00
OF364.0  -5.2521    0.00 8.9823     0.00    0.00    0.00    0.00    0.00
OF365.0  -5.2161    0.00 8.9823     0.00    0.00    0.00    0.00    0.00
OF366.0  -5.1801    0.00 8.9823     0.00    0.00    0.00    0.00    0.00
OF367.0  -5.1441    0.00 8.9823     0.00    0.00    0.00    0.00    0.00
OF368.0  -5.1081    0.00 8.9823     0.00    0.00    0.00    0.00    0.00
OF369.0  -5.072     0.00 8.9823     0.00    0.00    0.00    0.00    0.00
OF370.0  -5.0361    0.00 8.9823     0.00    0.00    0.00    0.00    0.00
OF371.0  -5         0.00 8.9823     0.00    0.00    0.00    0.00    0.00
OF372.0  -4.964     0.00 8.9823     0.00    0.00    0.00    0.00    0.00
OF373.0  -4.928     0.00 8.9823     0.00    0.00    0.00    0.00    0.00
OF374.0  -4.8919    0.00 8.9823     0.00    0.00    0.00    0.00    0.00
OF375.0  -4.8558    0.00 8.9823     0.00    0.00    0.00    0.00    0.00
OF376.0  -4.8198    0.00 8.9823     0.00    0.00    0.00    0.00    0.00
OF377.0  -4.7838    0.00 8.9823     0.00    0.00    0.00    0.00    0.00
OF378.0  -4.7478    0.00 8.9823     0.00    0.00    0.00    0.00    0.00
OF379.0  -4.7118    0.00 8.9823     0.00    0.00    0.00    0.00    0.00
OF380.0  -4.6758    0.00 8.9823     0.00    0.00    0.00    0.00    0.00
OF381.0  -4.6398    0.00 8.9823     0.00    0.00    0.00    0.00    0.00
OF382.0  -4.6038    0.00 8.9823     0.00    0.00    0.00    0.00    0.00
OF383.0  -4.5677    0.00 8.9823     0.00    0.00    0.00    0.00    0.00
OF384.0  -4.5317    0.00 8.9823     0.00    0.00    0.00    0.00    0.00
OF385.0  -4.4957    0.00 8.9823     0.00    0.00    0.00    0.00    0.00
OF386.0  -4.4597    0.00 8.9823     0.00    0.00    0.00    0.00    0.00
OF387.0  -4.4236    0.00 8.9823     0.00    0.00    0.00    0.00    0.00
OF389.0  -4.3515    0.00 8.9823     0.00    0.00    0.00    0.00    0.00
OF390.0  -4.3155    0.00 8.9823     0.00    0.00    0.00    0.00    0.00
OF392.0  -4.245     0.00 8.9823     0.00    0.00    0.00    0.00    0.00
OF393.0  -4.211     0.00 8.9823     0.00    0.00    0.00    0.00    0.00
OF395.0  -4.1432    0.00 8.9823     0.00    0.00    0.00    0.00    0.00
OF396.0  -4.1093    0.00 8.9823     0.00    0.00    0.00    0.00    0.00
OF398.0  -4.0415    0.00 8.9823     0.00    0.00    0.00    0.00    0.00
OF399.0  -4.0074    0.00 8.9823     0.00    0.00    0.00    0.00    0.00
OF401.0  -3.9396    0.00 8.9823     0.00    0.00    0.00    0.00    0.00
OF402.0  -3.9057    0.00 8.9823     0.00    0.00    0.00    0.00    0.00
OF404.0  -3.8378    0.00 8.9823     0.00    0.00    0.00    0.00    0.00
OF405.0  -3.8039    0.00 8.9823     0.00    0.00    0.00    0.00    0.00
OF407.0  -3.7361    0.00 8.9823     0.00    0.00    0.00    0.00    0.00
OF408.0  -3.7022    0.00 8.9823     0.00    0.00    0.00    0.00    0.00
OF410.0  -3.6343    0.00 8.9823     0.00    0.00    0.00    0.00    0.00
OF411.0  -3.6004    0.00 8.9823     0.00    0.00    0.00    0.00    0.00
OF413.0  -3.5325    0.00 8.9823     0.00    0.00    0.00    0.00    0.00
OF414.0  -3.4985    0.00 8.9823     0.00    0.00    0.00    0.00    0.00
OF416.0  -3.4307    0.00 8.9823     0.00    0.00    0.00    0.00    0.00
OF417.0  -3.3968    0.00 8.9823     0.00    0.00    0.00    0.00    0.00
OF419.0  -3.3289    0.00 8.9823     0.00    0.00    0.00    0.00    0.00
OF420.0  -3.295     0.00 8.9823     0.00    0.00    0.00    0.00    0.00
OF422.0  -3.2272    0.00 8.9823     0.00    0.00    0.00    0.00    0.00
OF423.0  -3.1933    0.00 8.9823     0.00    0.00    0.00    0.00    0.00
OF425.0  -3.1253    0.00 8.9823     0.00    0.00    0.00    0.00    0.00
OF426.0  -3.0914    0.00 8.9823     0.00    0.00    0.00    0.00    0.00
IF591.0  2.9501     0.00 8.9807     0.00    0.00    0.00    0.00    0.00
IF592.0  2.9826     0.00 8.9807     0.00    0.00    0.00    0.00    0.00
IF748.0  4.2467     0.00 8.983      0.00    0.00    0.00    0.00    0.00
IF751.3  4.2733     0.00 8.9837     0.00    0.00    0.00    0.00    0.00
IF754.6  4.2999     0.00 8.9842     0.00    0.00    0.00    0.00    0.00
IF757.9  4.3265     0.00 8.9847     0.00    0.00    0.00    0.00    0.00
IF761.2  4.3531     0.00 8.9852     0.00    0.00    0.00    0.00    0.00
IF764.4  4.3797     0.00 8.9857     0.00    0.00    0.00    0.00    0.00
IF767.7  4.4062     0.00 8.9862     0.00    0.00    0.00    0.00    0.00
IF771.0  4.4328     0.00 8.9869     0.00    0.00    0.00    0.00    0.00
IF774.3  4.4594     0.00 8.9874     0.00    0.00    0.00    0.00    0.00
IF777.6  4.486      0.00 8.988      0.00    0.00    0.00    0.00    0.00
IF780.8  4.5126     0.00 8.9885     0.00    0.00    0.00    0.00    0.00
IF784.1  4.5391     0.00 8.989      0.00    0.00    0.00    0.00    0.00
IF787.4  4.5657     0.00 8.9898     0.00    0.00    0.00    0.00    0.00
IF790.7  4.5923     0.00 8.9903     0.00    0.00    0.00    0.00    0.00
IF794.0  4.6189     0.00 8.9909     0.00    0.00    0.00    0.00    0.00
IF797.2  4.6455     0.00 8.9914     0.00    0.00    0.00    0.00    0.00
IF800.5  4.672      0.00 8.992      0.00    0.00    0.00    0.00    0.00
IF803.8  4.6986     0.00 8.9928     0.00    0.00    0.00    0.00    0.00
IF807.1  4.7252     0.00 8.9934     0.00    0.00    0.00    0.00    0.00
IF810.4  4.7518     0.00 8.994      0.00    0.00    0.00    0.00    0.00
IF813.6  4.7784     0.00 8.9945     0.00    0.00    0.00    0.00    0.00
IF816.9  4.805      0.00 8.9951     0.00    0.00    0.00    0.00    0.00
IF820.2  4.8315     0.00 8.9959     0.00    0.00    0.00    0.00    0.00
IF823.5  4.8581     0.00 8.9965     0.00    0.00    0.00    0.00    0.00
IF826.8  4.8847     0.00 8.9971     0.00    0.00    0.00    0.00    0.00
IF830.1  4.9113     0.00 8.9977     0.00    0.00    0.00    0.00    0.00
IF833.3  4.9379     0.00 8.9983     0.00    0.00    0.00    0.00    0.00
IF836.6  4.9644     0.00 8.9989     0.00    0.00    0.00    0.00    0.00
IF839.9  4.991      0.00 8.9997     0.00    0.00    0.00    0.00    0.00
IF843.2  5.0176     0.00 9.0003     0.00    0.00    0.00    0.00    0.00
IF846.5  5.0442     0.00 9.0009     0.00    0.00    0.00    0.00    0.00
IF849.7  5.0708     0.00 9.0015     0.00    0.00    0.00    0.00    0.00
IF853.0  5.0973     0.00 9.0021     0.00    0.00    0.00    0.00    0.00
IF856.3  5.1239     0.00 9.0029     0.00    0.00    0.00    0.00    0.00
IF859.6  5.1505     0.00 9.0034     0.00    0.00    0.00    0.00    0.00
IF862.9  5.1771     0.00 9.004      0.00    0.00    0.00    0.00    0.00
IF866.1  5.2037     0.00 9.0046     0.00    0.00    0.00    0.00    0.00
IF869.4  5.2303     0.00 9.0052     0.00    0.00    0.00    0.00    0.00
IF872.7  5.2568     0.00 9.006      0.00    0.00    0.00    0.00    0.00
IF876.0  5.2834     0.00 9.0066     0.00    0.00    0.00    0.00    0.00
IF879.3  5.31       0.00 9.0072     0.00    0.00    0.00    0.00    0.00
IF882.5  5.3366     0.00 9.0078     0.00    0.00    0.00    0.00    0.00
IF885.8  5.3632     0.00 9.0084     0.00    0.00    0.00    0.00    0.00
IF889.1  5.3897     0.00 9.0091     0.00    0.00    0.00    0.00    0.00
IF892.4  5.9538     0.00 9.0063     0.00    0.00    0.00    0.00    0.00
IF895.7  6.7192     0.00 9.0042     0.00    0.00    0.00    0.00    0.00
IF898.9  7.4847     0.00 9.0188     0.00    0.00    0.00    0.00    0.00
IF902.2  8.2501     0.00 9.072      0.00    0.00    0.00    0.00    0.00
IF903.5  8.5466     0.00 9.072      0.00    0.00    0.00    0.00    0.00
IF905.4  9.072      0.00 9.072      0.00    0.00    0.00    0.00    0.00
PS START(418537.5119,4848490.095)
PS END(418596.5287,4848082.7142)
ET
 
 
 
