header
IE0.0    -34.913       1       1 8.9775  4.1063  3.481     56.14   56.14
OF1.0    -34.855    0.00 8.9775     0.00    0.00    0.00    0.00    0.00
OF2.0    -34.798    0.00 8.9775     0.00    0.00    0.00    0.00    0.00
OF3.0    -34.740    0.00 8.9775     0.00    0.00    0.00    0.00    0.00
OF4.0    -34.665    0.00 8.9775     0.00    0.00    0.00    0.00    0.00
OF5.0    -34.586    0.00 8.9775     0.00    0.00    0.00    0.00    0.00
OF6.0    -34.507    0.00 8.9775     0.00    0.00    0.00    0.00    0.00
OF7.0    -34.427    0.00 8.9775     0.00    0.00    0.00    0.00    0.00
OF8.0    -34.348    0.00 8.9775     0.00    0.00    0.00    0.00    0.00
OF9.0    -34.269    0.00 8.9775     0.00    0.00    0.00    0.00    0.00
OF10.0   -34.19     0.00 8.9775     0.00    0.00    0.00    0.00    0.00
OF11.0   -34.110    0.00 8.9775     0.00    0.00    0.00    0.00    0.00
OF12.0   -34.031    0.00 8.9775     0.00    0.00    0.00    0.00    0.00
OF13.0   -33.952    0.00 8.9775     0.00    0.00    0.00    0.00    0.00
OF14.0   -33.873    0.00 8.9775     0.00    0.00    0.00    0.00    0.00
OF15.0   -33.793    0.00 8.9775     0.00    0.00    0.00    0.00    0.00
OF16.0   -33.714    0.00 8.9775     0.00    0.00    0.00    0.00    0.00
OF17.0   -33.635    0.00 8.9775     0.00    0.00    0.00    0.00    0.00
OF18.0   -33.556    0.00 8.9775     0.00    0.00    0.00    0.00    0.00
OF19.0   -33.476    0.00 8.9775     0.00    0.00    0.00    0.00    0.00
OF20.0   -33.397    0.00 8.9775     0.00    0.00    0.00    0.00    0.00
OF21.0   -33.318    0.00 8.9775     0.00    0.00    0.00    0.00    0.00
OF22.0   -33.239    0.00 8.9775     0.00    0.00    0.00    0.00    0.00
OF23.0   -33.159    0.00 8.9775     0.00    0.00    0.00    0.00    0.00
OF24.0   -33.080    0.00 8.9775     0.00    0.00    0.00    0.00    0.00
OF25.0   -33.001    0.00 8.9775     0.00    0.00    0.00    0.00    0.00
OF26.0   -32.918    0.00 8.9775     0.00    0.00    0.00    0.00    0.00
OF27.0   -32.828    0.00 8.9775     0.00    0.00    0.00    0.00    0.00
OF28.0   -32.738    0.00 8.9775     0.00    0.00    0.00    0.00    0.00
OF29.0   -32.648    0.00 8.9775     0.00    0.00    0.00    0.00    0.00
OF30.0   -32.559    0.00 8.9775     0.00    0.00    0.00    0.00    0.00
OF31.0   -32.469    0.00 8.9775     0.00    0.00    0.00    0.00    0.00
OF32.0   -32.379    0.00 8.9775     0.00    0.00    0.00    0.00    0.00
OF33.0   -32.289    0.00 8.9775     0.00    0.00    0.00    0.00    0.00
OF34.0   -32.199    0.00 8.9775     0.00    0.00    0.00    0.00    0.00
OF35.0   -32.109    0.00 8.9775     0.00    0.00    0.00    0.00    0.00
OF36.0   -32.019    0.00 8.9775     0.00    0.00    0.00    0.00    0.00
OF37.0   -31.929    0.00 8.9775     0.00    0.00    0.00    0.00    0.00
OF38.0   -31.839    0.00 8.9775     0.00    0.00    0.00    0.00    0.00
OF39.0   -31.75     0.00 8.9775     0.00    0.00    0.00    0.00    0.00
OF40.0   -31.660    0.00 8.9775     0.00    0.00    0.00    0.00    0.00
OF41.0   -31.570    0.00 8.9775     0.00    0.00    0.00    0.00    0.00
OF42.0   -31.480    0.00 8.9775     0.00    0.00    0.00    0.00    0.00
OF43.0   -31.390    0.00 8.9775     0.00    0.00    0.00    0.00    0.00
OF44.0   -31.300    0.00 8.9775     0.00    0.00    0.00    0.00    0.00
OF45.0   -31.210    0.00 8.9775     0.00    0.00    0.00    0.00    0.00
OF46.0   -31.120    0.00 8.9775     0.00    0.00    0.00    0.00    0.00
OF47.0   -31.030    0.00 8.9775     0.00    0.00    0.00    0.00    0.00
OF48.0   -30.941    0.00 8.9775     0.00    0.00    0.00    0.00    0.00
OF49.0   -30.851    0.00 8.9775     0.00    0.00    0.00    0.00    0.00
OF50.0   -30.761    0.00 8.9775     0.00    0.00    0.00    0.00    0.00
OF51.0   -30.671    0.00 8.9775     0.00    0.00    0.00    0.00    0.00
OF52.0   -30.581    0.00 8.9775     0.00    0.00    0.00    0.00    0.00
OF53.0   -30.491    0.00 8.9775     0.00    0.00    0.00    0.00    0.00
OF54.0   -30.401    0.00 8.9775     0.00    0.00    0.00    0.00    0.00
OF55.0   -30.312    0.00 8.9775     0.00    0.00    0.00    0.00    0.00
OF56.0   -30.222    0.00 8.9775     0.00    0.00    0.00    0.00    0.00
OF57.0   -30.132    0.00 8.9775     0.00    0.00    0.00    0.00    0.00
OF58.0   -30.042    0.00 8.9775     0.00    0.00    0.00    0.00    0.00
OF59.0   -29.952    0.00 8.9775     0.00    0.00    0.00    0.00    0.00
OF60.0   -29.862    0.00 8.9775     0.00    0.00    0.00    0.00    0.00
OF61.0   -29.772    0.00 8.9775     0.00    0.00    0.00    0.00    0.00
OF62.0   -29.683    0.00 8.9775     0.00    0.00    0.00    0.00    0.00
OF63.0   -29.593    0.00 8.9775     0.00    0.00    0.00    0.00    0.00
OF64.0   -29.503    0.00 8.9775     0.00    0.00    0.00    0.00    0.00
OF65.0   -29.413    0.00 8.9775     0.00    0.00    0.00    0.00    0.00
OF66.0   -29.323    0.00 8.9775     0.00    0.00    0.00    0.00    0.00
OF67.0   -29.233    0.00 8.9775     0.00    0.00    0.00    0.00    0.00
OF68.0   -29.143    0.00 8.9775     0.00    0.00    0.00    0.00    0.00
OF69.0   -29.053    0.00 8.9775     0.00    0.00    0.00    0.00    0.00
OF70.0   -28.963    0.00 8.9775     0.00    0.00    0.00    0.00    0.00
OF71.0   -28.874    0.00 8.9775     0.00    0.00    0.00    0.00    0.00
OF72.0   -28.784    0.00 8.9775     0.00    0.00    0.00    0.00    0.00
OF73.0   -28.694    0.00 8.9775     0.00    0.00    0.00    0.00    0.00
OF74.0   -28.604    0.00 8.9775     0.00    0.00    0.00    0.00    0.00
OF75.0   -28.514    0.00 8.9775     0.00    0.00    0.00    0.00    0.00
OF76.0   -28.424    0.00 8.9775     0.00    0.00    0.00    0.00    0.00
OF77.0   -28.334    0.00 8.9775     0.00    0.00    0.00    0.00    0.00
OF78.0   -28.244    0.00 8.9775     0.00    0.00    0.00    0.00    0.00
OF79.0   -28.154    0.00 8.9775     0.00    0.00    0.00    0.00    0.00
OF80.0   -28.065    0.00 8.9775     0.00    0.00    0.00    0.00    0.00
OF81.0   -27.975    0.00 8.9775     0.00    0.00    0.00    0.00    0.00
OF82.0   -27.885    0.00 8.9775     0.00    0.00    0.00    0.00    0.00
OF83.0   -27.795    0.00 8.9775     0.00    0.00    0.00    0.00    0.00
OF84.0   -27.705    0.00 8.9775     0.00    0.00    0.00    0.00    0.00
OF85.0   -27.615    0.00 8.9775     0.00    0.00    0.00    0.00    0.00
OF86.0   -27.525    0.00 8.9775     0.00    0.00    0.00    0.00    0.00
OF87.0   -27.435    0.00 8.9775     0.00    0.00    0.00    0.00    0.00
OF88.0   -27.345    0.00 8.9775     0.00    0.00    0.00    0.00    0.00
OF89.0   -27.256    0.00 8.9775     0.00    0.00    0.00    0.00    0.00
OF90.0   -27.166    0.00 8.9775     0.00    0.00    0.00    0.00    0.00
OF91.0   -27.076    0.00 8.9775     0.00    0.00    0.00    0.00    0.00
OF92.0   -26.986    0.00 8.9775     0.00    0.00    0.00    0.00    0.00
OF93.0   -26.896    0.00 8.9775     0.00    0.00    0.00    0.00    0.00
OF94.0   -26.806    0.00 8.9775     0.00    0.00    0.00    0.00    0.00
OF95.0   -26.716    0.00 8.9775     0.00    0.00    0.00    0.00    0.00
OF96.0   -26.627    0.00 8.9775     0.00    0.00    0.00    0.00    0.00
OF97.0   -26.537    0.00 8.9775     0.00    0.00    0.00    0.00    0.00
OF98.0   -26.447    0.00 8.9774     0.00    0.00    0.00    0.00    0.00
OF99.0   -26.357    0.00 8.9774     0.00    0.00    0.00    0.00    0.00
OF100.0  -26.267    0.00 8.9774     0.00    0.00    0.00    0.00    0.00
OF101.0  -26.177    0.00 8.9774     0.00    0.00    0.00    0.00    0.00
OF102.0  -26.100    0.00 8.9774     0.00    0.00    0.00    0.00    0.00
OF103.0  -26.027    0.00 8.9774     0.00    0.00    0.00    0.00    0.00
OF104.0  -25.954    0.00 8.9774     0.00    0.00    0.00    0.00    0.00
OF105.0  -25.882    0.00 8.9774     0.00    0.00    0.00    0.00    0.00
OF106.0  -25.809    0.00 8.9774     0.00    0.00    0.00    0.00    0.00
OF107.0  -25.736    0.00 8.9774     0.00    0.00    0.00    0.00    0.00
OF108.0  -25.663    0.00 8.9774     0.00    0.00    0.00    0.00    0.00
OF109.0  -25.591    0.00 8.9774     0.00    0.00    0.00    0.00    0.00
OF110.0  -25.518    0.00 8.9774     0.00    0.00    0.00    0.00    0.00
OF111.0  -25.445    0.00 8.9774     0.00    0.00    0.00    0.00    0.00
OF112.0  -25.373    0.00 8.9774     0.00    0.00    0.00    0.00    0.00
OF113.0  -25.300    0.00 8.9774     0.00    0.00    0.00    0.00    0.00
OF114.0  -25.227    0.00 8.9774     0.00    0.00    0.00    0.00    0.00
OF115.0  -25.154    0.00 8.9774     0.00    0.00    0.00    0.00    0.00
OF116.0  -25.082    0.00 8.9774     0.00    0.00    0.00    0.00    0.00
OF117.0  -25.009    0.00 8.9774     0.00    0.00    0.00    0.00    0.00
OF118.0  -24.936    0.00 8.9774     0.00    0.00    0.00    0.00    0.00
OF119.0  -24.864    0.00 8.9774     0.00    0.00    0.00    0.00    0.00
OF120.0  -24.791    0.00 8.9774     0.00    0.00    0.00    0.00    0.00
OF121.0  -24.718    0.00 8.9774     0.00    0.00    0.00    0.00    0.00
OF122.0  -24.646    0.00 8.9774     0.00    0.00    0.00    0.00    0.00
OF123.0  -24.573    0.00 8.9774     0.00    0.00    0.00    0.00    0.00
OF124.0  -24.500    0.00 8.9774     0.00    0.00    0.00    0.00    0.00
OF125.0  -24.428    0.00 8.9774     0.00    0.00    0.00    0.00    0.00
OF126.0  -24.355    0.00 8.9774     0.00    0.00    0.00    0.00    0.00
OF127.0  -24.282    0.00 8.9774     0.00    0.00    0.00    0.00    0.00
OF128.0  -24.209    0.00 8.9774     0.00    0.00    0.00    0.00    0.00
OF129.0  -24.137    0.00 8.9774     0.00    0.00    0.00    0.00    0.00
OF130.0  -24.064    0.00 8.9774     0.00    0.00    0.00    0.00    0.00
OF131.0  -23.991    0.00 8.9774     0.00    0.00    0.00    0.00    0.00
OF132.0  -23.919    0.00 8.9774     0.00    0.00    0.00    0.00    0.00
OF133.0  -23.846    0.00 8.9774     0.00    0.00    0.00    0.00    0.00
OF134.0  -23.773    0.00 8.9774     0.00    0.00    0.00    0.00    0.00
OF135.0  -23.700    0.00 8.9774     0.00    0.00    0.00    0.00    0.00
OF136.0  -23.628    0.00 8.9774     0.00    0.00    0.00    0.00    0.00
OF137.0  -23.555    0.00 8.9774     0.00    0.00    0.00    0.00    0.00
OF138.0  -23.482    0.00 8.9774     0.00    0.00    0.00    0.00    0.00
OF139.0  -23.410    0.00 8.9774     0.00    0.00    0.00    0.00    0.00
OF140.0  -23.337    0.00 8.9774     0.00    0.00    0.00    0.00    0.00
OF141.0  -23.264    0.00 8.9774     0.00    0.00    0.00    0.00    0.00
OF142.0  -23.192    0.00 8.9774     0.00    0.00    0.00    0.00    0.00
OF143.0  -23.119    0.00 8.9774     0.00    0.00    0.00    0.00    0.00
OF144.0  -23.046    0.00 8.9774     0.00    0.00    0.00    0.00    0.00
OF145.0  -22.973    0.00 8.9774     0.00    0.00    0.00    0.00    0.00
OF146.0  -22.901    0.00 8.9774     0.00    0.00    0.00    0.00    0.00
OF147.0  -22.828    0.00 8.9774     0.00    0.00    0.00    0.00    0.00
OF148.0  -22.755    0.00 8.9774     0.00    0.00    0.00    0.00    0.00
OF149.0  -22.683    0.00 8.9774     0.00    0.00    0.00    0.00    0.00
OF150.0  -22.610    0.00 8.9774     0.00    0.00    0.00    0.00    0.00
OF151.0  -22.537    0.00 8.9774     0.00    0.00    0.00    0.00    0.00
OF152.0  -22.465    0.00 8.9774     0.00    0.00    0.00    0.00    0.00
OF153.0  -22.392    0.00 8.9774     0.00    0.00    0.00    0.00    0.00
OF154.0  -22.319    0.00 8.9774     0.00    0.00    0.00    0.00    0.00
OF155.0  -22.247    0.00 8.9774     0.00    0.00    0.00    0.00    0.00
OF156.0  -22.174    0.00 8.9774     0.00    0.00    0.00    0.00    0.00
OF157.0  -22.101    0.00 8.9774     0.00    0.00    0.00    0.00    0.00
OF158.0  -22.029    0.00 8.9774     0.00    0.00    0.00    0.00    0.00
OF159.0  -21.956    0.00 8.9774     0.00    0.00    0.00    0.00    0.00
OF160.0  -21.883    0.00 8.9774     0.00    0.00    0.00    0.00    0.00
OF161.0  -21.810    0.00 8.9774     0.00    0.00    0.00    0.00    0.00
OF162.0  -21.738    0.00 8.9774     0.00    0.00    0.00    0.00    0.00
OF163.0  -21.665    0.00 8.9774     0.00    0.00    0.00    0.00    0.00
OF164.0  -21.592    0.00 8.9774     0.00    0.00    0.00    0.00    0.00
OF165.0  -21.52     0.00 8.9774     0.00    0.00    0.00    0.00    0.00
OF166.0  -21.447    0.00 8.9774     0.00    0.00    0.00    0.00    0.00
OF167.0  -21.374    0.00 8.9774     0.00    0.00    0.00    0.00    0.00
OF168.0  -21.301    0.00 8.9774     0.00    0.00    0.00    0.00    0.00
OF169.0  -21.229    0.00 8.9774     0.00    0.00    0.00    0.00    0.00
OF170.0  -21.156    0.00 8.9774     0.00    0.00    0.00    0.00    0.00
OF171.0  -21.083    0.00 8.9774     0.00    0.00    0.00    0.00    0.00
OF172.0  -21.002    0.00 8.9774     0.00    0.00    0.00    0.00    0.00
OF173.0  -20.919    0.00 8.9774     0.00    0.00    0.00    0.00    0.00
OF174.0  -20.836    0.00 8.9774     0.00    0.00    0.00    0.00    0.00
OF175.0  -20.754    0.00 8.9774     0.00    0.00    0.00    0.00    0.00
OF176.0  -20.671    0.00 8.9774     0.00    0.00    0.00    0.00    0.00
OF177.0  -20.588    0.00 8.9774     0.00    0.00    0.00    0.00    0.00
OF178.0  -20.508    0.00 8.9774     0.00    0.00    0.00    0.00    0.00
OF179.0  -20.437    0.00 8.9774     0.00    0.00    0.00    0.00    0.00
OF180.0  -20.366    0.00 8.9774     0.00    0.00    0.00    0.00    0.00
OF181.0  -20.294    0.00 8.9774     0.00    0.00    0.00    0.00    0.00
OF182.0  -20.223    0.00 8.9774     0.00    0.00    0.00    0.00    0.00
OF183.0  -20.152    0.00 8.9774     0.00    0.00    0.00    0.00    0.00
OF184.0  -20.080    0.00 8.9774     0.00    0.00    0.00    0.00    0.00
OF185.0  -20.009    0.00 8.9774     0.00    0.00    0.00    0.00    0.00
OF186.0  -19.938    0.00 8.9774     0.00    0.00    0.00    0.00    0.00
OF187.0  -19.866    0.00 8.9774     0.00    0.00    0.00    0.00    0.00
OF188.0  -19.795    0.00 8.9774     0.00    0.00    0.00    0.00    0.00
OF189.0  -19.724    0.00 8.9774     0.00    0.00    0.00    0.00    0.00
OF190.0  -19.652    0.00 8.9774     0.00    0.00    0.00    0.00    0.00
OF191.0  -19.581    0.00 8.9774     0.00    0.00    0.00    0.00    0.00
OF192.0  -19.510    0.00 8.9774     0.00    0.00    0.00    0.00    0.00
OF193.0  -19.438    0.00 8.9774     0.00    0.00    0.00    0.00    0.00
OF194.0  -19.364    0.00 8.9774     0.00    0.00    0.00    0.00    0.00
OF195.0  -19.290    0.00 8.9774     0.00    0.00    0.00    0.00    0.00
OF196.0  -19.215    0.00 8.9774     0.00    0.00    0.00    0.00    0.00
OF197.0  -19.141    0.00 8.9774     0.00    0.00    0.00    0.00    0.00
OF198.0  -19.066    0.00 8.9774     0.00    0.00    0.00    0.00    0.00
OF199.0  -18.992    0.00 8.9774     0.00    0.00    0.00    0.00    0.00
OF200.0  -18.917    0.00 8.9774     0.00    0.00    0.00    0.00    0.00
OF201.0  -18.843    0.00 8.9774     0.00    0.00    0.00    0.00    0.00
OF202.0  -18.768    0.00 8.9774     0.00    0.00    0.00    0.00    0.00
OF203.0  -18.694    0.00 8.9774     0.00    0.00    0.00    0.00    0.00
OF204.0  -18.619    0.00 8.9774     0.00    0.00    0.00    0.00    0.00
OF205.0  -18.545    0.00 8.9774     0.00    0.00    0.00    0.00    0.00
OF206.0  -18.470    0.00 8.9774     0.00    0.00    0.00    0.00    0.00
OF207.0  -18.396    0.00 8.9774     0.00    0.00    0.00    0.00    0.00
OF208.0  -18.321    0.00 8.9774     0.00    0.00    0.00    0.00    0.00
OF209.0  -18.247    0.00 8.9774     0.00    0.00    0.00    0.00    0.00
OF210.0  -18.172    0.00 8.9774     0.00    0.00    0.00    0.00    0.00
OF211.0  -18.098    0.00 8.9774     0.00    0.00    0.00    0.00    0.00
OF212.0  -18.023    0.00 8.9774     0.00    0.00    0.00    0.00    0.00
OF213.0  -17.949    0.00 8.9774     0.00    0.00    0.00    0.00    0.00
OF214.0  -17.874    0.00 8.9774     0.00    0.00    0.00    0.00    0.00
OF215.0  -17.800    0.00 8.9774     0.00    0.00    0.00    0.00    0.00
OF216.0  -17.725    0.00 8.9774     0.00    0.00    0.00    0.00    0.00
OF217.0  -17.651    0.00 8.9774     0.00    0.00    0.00    0.00    0.00
OF218.0  -17.577    0.00 8.9774     0.00    0.00    0.00    0.00    0.00
OF219.0  -17.502    0.00 8.9774     0.00    0.00    0.00    0.00    0.00
OF220.0  -17.428    0.00 8.9774     0.00    0.00    0.00    0.00    0.00
OF221.0  -17.353    0.00 8.9774     0.00    0.00    0.00    0.00    0.00
OF222.0  -17.279    0.00 8.9774     0.00    0.00    0.00    0.00    0.00
OF223.0  -17.204    0.00 8.9774     0.00    0.00    0.00    0.00    0.00
OF224.0  -17.13     0.00 8.9774     0.00    0.00    0.00    0.00    0.00
OF225.0  -17.055    0.00 8.9774     0.00    0.00    0.00    0.00    0.00
OF226.0  -16.981    0.00 8.9774     0.00    0.00    0.00    0.00    0.00
OF227.0  -16.906    0.00 8.9774     0.00    0.00    0.00    0.00    0.00
OF228.0  -16.832    0.00 8.9774     0.00    0.00    0.00    0.00    0.00
OF229.0  -16.757    0.00 8.9774     0.00    0.00    0.00    0.00    0.00
OF230.0  -16.683    0.00 8.9774     0.00    0.00    0.00    0.00    0.00
OF231.0  -16.608    0.00 8.9774     0.00    0.00    0.00    0.00    0.00
OF232.0  -16.534    0.00 8.9774     0.00    0.00    0.00    0.00    0.00
OF233.0  -16.459    0.00 8.9774     0.00    0.00    0.00    0.00    0.00
OF234.0  -16.385    0.00 8.9774     0.00    0.00    0.00    0.00    0.00
OF235.0  -16.310    0.00 8.9774     0.00    0.00    0.00    0.00    0.00
OF236.0  -16.236    0.00 8.9774     0.00    0.00    0.00    0.00    0.00
OF237.0  -16.161    0.00 8.9774     0.00    0.00    0.00    0.00    0.00
OF238.0  -16.087    0.00 8.9774     0.00    0.00    0.00    0.00    0.00
OF239.0  -16.012    0.00 8.9774     0.00    0.00    0.00    0.00    0.00
OF240.0  -15.938    0.00 8.9774     0.00    0.00    0.00    0.00    0.00
OF241.0  -15.863    0.00 8.9774     0.00    0.00    0.00    0.00    0.00
OF242.0  -15.789    0.00 8.9774     0.00    0.00    0.00    0.00    0.00
OF243.0  -15.714    0.00 8.9774     0.00    0.00    0.00    0.00    0.00
OF244.0  -15.64     0.00 8.9774     0.00    0.00    0.00    0.00    0.00
OF245.0  -15.565    0.00 8.9774     0.00    0.00    0.00    0.00    0.00
OF246.0  -15.491    0.00 8.9774     0.00    0.00    0.00    0.00    0.00
OF247.0  -15.416    0.00 8.9774     0.00    0.00    0.00    0.00    0.00
OF248.0  -15.342    0.00 8.9774     0.00    0.00    0.00    0.00    0.00
OF249.0  -15.267    0.00 8.9774     0.00    0.00    0.00    0.00    0.00
OF250.0  -15.193    0.00 8.9774     0.00    0.00    0.00    0.00    0.00
OF251.0  -15.118    0.00 8.9774     0.00    0.00    0.00    0.00    0.00
OF252.0  -15.044    0.00 8.9774     0.00    0.00    0.00    0.00    0.00
OF253.0  -14.969    0.00 8.9774     0.00    0.00    0.00    0.00    0.00
OF254.0  -14.895    0.00 8.9774     0.00    0.00    0.00    0.00    0.00
OF255.0  -14.820    0.00 8.9774     0.00    0.00    0.00    0.00    0.00
OF256.0  -14.746    0.00 8.9774     0.00    0.00    0.00    0.00    0.00
OF257.0  -14.671    0.00 8.9774     0.00    0.00    0.00    0.00    0.00
OF258.0  -14.597    0.00 8.9774     0.00    0.00    0.00    0.00    0.00
OF259.0  -14.522    0.00 8.9774     0.00    0.00    0.00    0.00    0.00
OF260.0  -14.448    0.00 8.9774     0.00    0.00    0.00    0.00    0.00
OF261.0  -14.373    0.00 8.9774     0.00    0.00    0.00    0.00    0.00
OF262.0  -14.299    0.00 8.9774     0.00    0.00    0.00    0.00    0.00
OF263.0  -14.224    0.00 8.9774     0.00    0.00    0.00    0.00    0.00
OF264.0  -14.150    0.00 8.9774     0.00    0.00    0.00    0.00    0.00
OF265.0  -14.075    0.00 8.9774     0.00    0.00    0.00    0.00    0.00
OF266.0  -14.001    0.00 8.9774     0.00    0.00    0.00    0.00    0.00
OF267.0  -13.926    0.00 8.9774     0.00    0.00    0.00    0.00    0.00
OF268.0  -13.852    0.00 8.9774     0.00    0.00    0.00    0.00    0.00
OF269.0  -13.777    0.00 8.9774     0.00    0.00    0.00    0.00    0.00
OF270.0  -13.703    0.00 8.9774     0.00    0.00    0.00    0.00    0.00
OF271.0  -13.628    0.00 8.9774     0.00    0.00    0.00    0.00    0.00
OF272.0  -13.554    0.00 8.9774     0.00    0.00    0.00    0.00    0.00
OF273.0  -13.479    0.00 8.9774     0.00    0.00    0.00    0.00    0.00
OF274.0  -13.404    0.00 8.9773     0.00    0.00    0.00    0.00    0.00
OF275.0  -13.328    0.00 8.9773     0.00    0.00    0.00    0.00    0.00
OF276.0  -13.253    0.00 8.9773     0.00    0.00    0.00    0.00    0.00
OF277.0  -13.178    0.00 8.9773     0.00    0.00    0.00    0.00    0.00
OF278.0  -13.102    0.00 8.9773     0.00    0.00    0.00    0.00    0.00
OF279.0  -13.027    0.00 8.9773     0.00    0.00    0.00    0.00    0.00
OF280.0  -12.952    0.00 8.9772     0.00    0.00    0.00    0.00    0.00
OF281.0  -12.876    0.00 8.9772     0.00    0.00    0.00    0.00    0.00
OF282.0  -12.801    0.00 8.9772     0.00    0.00    0.00    0.00    0.00
OF283.0  -12.725    0.00 8.9772     0.00    0.00    0.00    0.00    0.00
OF284.0  -12.650    0.00 8.9772     0.00    0.00    0.00    0.00    0.00
OF285.0  -12.574    0.00 8.9772     0.00    0.00    0.00    0.00    0.00
OF286.0  -12.499    0.00 8.9772     0.00    0.00    0.00    0.00    0.00
OF287.0  -12.424    0.00 8.9771     0.00    0.00    0.00    0.00    0.00
OF288.0  -12.348    0.00 8.9771     0.00    0.00    0.00    0.00    0.00
OF289.0  -12.273    0.00 8.9771     0.00    0.00    0.00    0.00    0.00
OF290.0  -12.197    0.00 8.9771     0.00    0.00    0.00    0.00    0.00
OF291.0  -12.122    0.00 8.9771     0.00    0.00    0.00    0.00    0.00
OF292.0  -12.047    0.00 8.9771     0.00    0.00    0.00    0.00    0.00
OF293.0  -11.971    0.00 8.977      0.00    0.00    0.00    0.00    0.00
OF294.0  -11.896    0.00 8.977      0.00    0.00    0.00    0.00    0.00
OF295.0  -11.820    0.00 8.977      0.00    0.00    0.00    0.00    0.00
OF296.0  -11.745    0.00 8.977      0.00    0.00    0.00    0.00    0.00
OF297.0  -11.669    0.00 8.977      0.00    0.00    0.00    0.00    0.00
OF298.0  -11.594    0.00 8.977      0.00    0.00    0.00    0.00    0.00
OF299.0  -11.519    0.00 8.9769     0.00    0.00    0.00    0.00    0.00
OF300.0  -11.443    0.00 8.9769     0.00    0.00    0.00    0.00    0.00
OF301.0  -11.368    0.00 8.9769     0.00    0.00    0.00    0.00    0.00
OF302.0  -11.292    0.00 8.9769     0.00    0.00    0.00    0.00    0.00
OF303.0  -11.217    0.00 8.9769     0.00    0.00    0.00    0.00    0.00
OF304.0  -11.142    0.00 8.9769     0.00    0.00    0.00    0.00    0.00
OF305.0  -11.066    0.00 8.9768     0.00    0.00    0.00    0.00    0.00
OF306.0  -10.991    0.00 8.9768     0.00    0.00    0.00    0.00    0.00
OF307.0  -10.915    0.00 8.9768     0.00    0.00    0.00    0.00    0.00
OF308.0  -10.840    0.00 8.9768     0.00    0.00    0.00    0.00    0.00
OF309.0  -10.765    0.00 8.9768     0.00    0.00    0.00    0.00    0.00
OF310.0  -10.689    0.00 8.9768     0.00    0.00    0.00    0.00    0.00
OF311.0  -10.613    0.00 8.9767     0.00    0.00    0.00    0.00    0.00
OF312.0  -10.535    0.00 8.9767     0.00    0.00    0.00    0.00    0.00
OF313.0  -10.456    0.00 8.9767     0.00    0.00    0.00    0.00    0.00
OF314.0  -10.378    0.00 8.9767     0.00    0.00    0.00    0.00    0.00
OF315.0  -10.299    0.00 8.9767     0.00    0.00    0.00    0.00    0.00
OF316.0  -10.221    0.00 8.9767     0.00    0.00    0.00    0.00    0.00
OF317.0  -10.142    0.00 8.9767     0.00    0.00    0.00    0.00    0.00
OF318.0  -10.064    0.00 8.9767     0.00    0.00    0.00    0.00    0.00
OF319.0  -9.9855    0.00 8.9767     0.00    0.00    0.00    0.00    0.00
OF320.0  -9.9069    0.00 8.9767     0.00    0.00    0.00    0.00    0.00
OF321.0  -9.8283    0.00 8.9767     0.00    0.00    0.00    0.00    0.00
OF322.0  -9.7498    0.00 8.9767     0.00    0.00    0.00    0.00    0.00
OF323.0  -9.6712    0.00 8.9767     0.00    0.00    0.00    0.00    0.00
OF324.0  -9.5927    0.00 8.9767     0.00    0.00    0.00    0.00    0.00
OF325.0  -9.5141    0.00 8.9767     0.00    0.00    0.00    0.00    0.00
OF326.0  -9.4355    0.00 8.9767     0.00    0.00    0.00    0.00    0.00
OF327.0  -9.357     0.00 8.9767     0.00    0.00    0.00    0.00    0.00
OF328.0  -9.2784    0.00 8.9767     0.00    0.00    0.00    0.00    0.00
OF329.0  -9.1998    0.00 8.9767     0.00    0.00    0.00    0.00    0.00
OF330.0  -9.1213    0.00 8.9767     0.00    0.00    0.00    0.00    0.00
OF331.0  -9.0427    0.00 8.9767     0.00    0.00    0.00    0.00    0.00
OF332.0  -8.9641    0.00 8.9766     0.00    0.00    0.00    0.00    0.00
OF333.0  -8.8856    0.00 8.9766     0.00    0.00    0.00    0.00    0.00
OF334.0  -8.807     0.00 8.9766     0.00    0.00    0.00    0.00    0.00
OF335.0  -8.7284    0.00 8.9766     0.00    0.00    0.00    0.00    0.00
OF336.0  -8.6499    0.00 8.9766     0.00    0.00    0.00    0.00    0.00
OF337.0  -8.5713    0.00 8.9766     0.00    0.00    0.00    0.00    0.00
OF338.0  -8.4929    0.00 8.9766     0.00    0.00    0.00    0.00    0.00
OF339.0  -8.4143    0.00 8.9766     0.00    0.00    0.00    0.00    0.00
OF340.0  -8.3358    0.00 8.9766     0.00    0.00    0.00    0.00    0.00
OF341.0  -8.2572    0.00 8.9766     0.00    0.00    0.00    0.00    0.00
OF342.0  -8.1786    0.00 8.9766     0.00    0.00    0.00    0.00    0.00
OF343.0  -8.1001    0.00 8.9766     0.00    0.00    0.00    0.00    0.00
OF344.0  -8.0215    0.00 8.9766     0.00    0.00    0.00    0.00    0.00
OF345.0  -7.9429    0.00 8.9766     0.00    0.00    0.00    0.00    0.00
OF346.0  -7.8644    0.00 8.9766     0.00    0.00    0.00    0.00    0.00
OF347.0  -7.7858    0.00 8.9766     0.00    0.00    0.00    0.00    0.00
OF348.0  -7.7073    0.00 8.9766     0.00    0.00    0.00    0.00    0.00
OF349.0  -7.6287    0.00 8.9766     0.00    0.00    0.00    0.00    0.00
OF350.0  -7.5501    0.00 8.9766     0.00    0.00    0.00    0.00    0.00
OF351.0  -7.4716    0.00 8.9766     0.00    0.00    0.00    0.00    0.00
OF352.0  -7.393     0.00 8.9766     0.00    0.00    0.00    0.00    0.00
OF353.0  -7.3144    0.00 8.9766     0.00    0.00    0.00    0.00    0.00
OF354.0  -7.2359    0.00 8.9765     0.00    0.00    0.00    0.00    0.00
OF355.0  -7.1573    0.00 8.9765     0.00    0.00    0.00    0.00    0.00
OF356.0  -7.0787    0.00 8.9765     0.00    0.00    0.00    0.00    0.00
OF357.0  -7.0002    0.00 8.9765     0.00    0.00    0.00    0.00    0.00
OF358.0  -6.9216    0.00 8.9765     0.00    0.00    0.00    0.00    0.00
OF359.0  -6.843     0.00 8.9765     0.00    0.00    0.00    0.00    0.00
OF360.0  -6.7645    0.00 8.9765     0.00    0.00    0.00    0.00    0.00
OF361.0  -6.6859    0.00 8.9765     0.00    0.00    0.00    0.00    0.00
OF362.0  -6.6073    0.00 8.9765     0.00    0.00    0.00    0.00    0.00
OF363.0  -6.5288    0.00 8.9765     0.00    0.00    0.00    0.00    0.00
OF364.0  -6.4502    0.00 8.9765     0.00    0.00    0.00    0.00    0.00
OF365.0  -6.3716    0.00 8.9765     0.00    0.00    0.00    0.00    0.00
OF366.0  -6.2931    0.00 8.9765     0.00    0.00    0.00    0.00    0.00
OF367.0  -6.2147    0.00 8.9765     0.00    0.00    0.00    0.00    0.00
OF368.0  -6.1361    0.00 8.9765     0.00    0.00    0.00    0.00    0.00
OF369.0  -6.0575    0.00 8.9765     0.00    0.00    0.00    0.00    0.00
OF370.0  -5.9792    0.00 8.9765     0.00    0.00    0.00    0.00    0.00
OF371.0  -5.9006    0.00 8.9765     0.00    0.00    0.00    0.00    0.00
OF372.0  -5.822     0.00 8.9765     0.00    0.00    0.00    0.00    0.00
OF373.0  -5.7435    0.00 8.9765     0.00    0.00    0.00    0.00    0.00
OF374.0  -5.6649    0.00 8.9765     0.00    0.00    0.00    0.00    0.00
OF375.0  -5.5863    0.00 8.9765     0.00    0.00    0.00    0.00    0.00
OF376.0  -5.5078    0.00 8.9764     0.00    0.00    0.00    0.00    0.00
OF377.0  -5.4292    0.00 8.9764     0.00    0.00    0.00    0.00    0.00
OF378.0  -5.3506    0.00 8.9764     0.00    0.00    0.00    0.00    0.00
OF379.0  -5.2721    0.00 8.9764     0.00    0.00    0.00    0.00    0.00
OF380.0  -5.1935    0.00 8.9764     0.00    0.00    0.00    0.00    0.00
OF381.0  -5.115     0.00 8.9764     0.00    0.00    0.00    0.00    0.00
OF382.0  -5.0364    0.00 8.9764     0.00    0.00    0.00    0.00    0.00
OF383.0  -4.9578    0.00 8.9764     0.00    0.00    0.00    0.00    0.00
OF384.0  -4.8793    0.00 8.9764     0.00    0.00    0.00    0.00    0.00
OF385.0  -4.8007    0.00 8.9764     0.00    0.00    0.00    0.00    0.00
OF386.0  -4.7221    0.00 8.9764     0.00    0.00    0.00    0.00    0.00
OF387.0  -4.6436    0.00 8.9764     0.00    0.00    0.00    0.00    0.00
OF388.0  -4.5676    0.00 8.9764     0.00    0.00    0.00    0.00    0.00
OF389.0  -4.4946    0.00 8.9764     0.00    0.00    0.00    0.00    0.00
OF390.0  -4.4216    0.00 8.9764     0.00    0.00    0.00    0.00    0.00
OF391.0  -4.3486    0.00 8.9764     0.00    0.00    0.00    0.00    0.00
OF392.0  -4.2756    0.00 8.9764     0.00    0.00    0.00    0.00    0.00
OF393.0  -4.2026    0.00 8.9764     0.00    0.00    0.00    0.00    0.00
OF394.0  -4.1296    0.00 8.9764     0.00    0.00    0.00    0.00    0.00
OF395.0  -4.0566    0.00 8.9765     0.00    0.00    0.00    0.00    0.00
OF396.0  -3.9837    0.00 8.9765     0.00    0.00    0.00    0.00    0.00
OF397.0  -3.9107    0.00 8.9765     0.00    0.00    0.00    0.00    0.00
OF398.0  -3.8377    0.00 8.9765     0.00    0.00    0.00    0.00    0.00
OF399.0  -3.7647    0.00 8.9765     0.00    0.00    0.00    0.00    0.00
OF400.0  -3.6917    0.00 8.9765     0.00    0.00    0.00    0.00    0.00
OF401.0  -3.6187    0.00 8.9765     0.00    0.00    0.00    0.00    0.00
OF402.0  -3.5457    0.00 8.9765     0.00    0.00    0.00    0.00    0.00
OF403.0  -3.4726    0.00 8.9765     0.00    0.00    0.00    0.00    0.00
OF404.0  -3.3996    0.00 8.9765     0.00    0.00    0.00    0.00    0.00
OF405.0  -3.3266    0.00 8.9765     0.00    0.00    0.00    0.00    0.00
OF406.0  -3.2536    0.00 8.9765     0.00    0.00    0.00    0.00    0.00
OF407.0  -3.1806    0.00 8.9766     0.00    0.00    0.00    0.00    0.00
OF408.0  -3.1076    0.00 8.9766     0.00    0.00    0.00    0.00    0.00
OF409.0  -3.0346    0.00 8.9766     0.00    0.00    0.00    0.00    0.00
OF410.0  -2.9616    0.00 8.9766     0.00    0.00    0.00    0.00    0.00
OF411.0  -2.8886    0.00 8.9766     0.00    0.00    0.00    0.00    0.00
OF412.0  -2.8156    0.00 8.9766     0.00    0.00    0.00    0.00    0.00
OF413.0  -2.7426    0.00 8.9766     0.00    0.00    0.00    0.00    0.00
OF414.0  -2.6695    0.00 8.9766     0.00    0.00    0.00    0.00    0.00
OF415.0  -2.5965    0.00 8.9766     0.00    0.00    0.00    0.00    0.00
OF416.0  -2.5235    0.00 8.9766     0.00    0.00    0.00    0.00    0.00
OF417.0  -2.4505    0.00 8.9766     0.00    0.00    0.00    0.00    0.00
OF418.0  -2.3775    0.00 8.9766     0.00    0.00    0.00    0.00    0.00
OF419.0  -2.3045    0.00 8.9767     0.00    0.00    0.00    0.00    0.00
OF420.0  -2.2315    0.00 8.9767     0.00    0.00    0.00    0.00    0.00
OF421.0  -2.1585    0.00 8.9767     0.00    0.00    0.00    0.00    0.00
OF422.0  -2.0855    0.00 8.9767     0.00    0.00    0.00    0.00    0.00
OF423.0  -2.0125    0.00 8.9767     0.00    0.00    0.00    0.00    0.00
OF431.5  -5.2133    0.00 8.9768     0.00    0.00    0.00    0.00    0.00
OF441.5  -5.3445    0.00 8.9768     0.00    0.00    0.00    0.00    0.00
OF451.5  -5.1804    0.00 8.9769     0.00    0.00    0.00    0.00    0.00
OF464.5  -4.6194    0.00 8.977      0.00    0.00    0.00    0.00    0.00
OF481.5  -4.0289    0.00 8.9772     0.00    0.00    0.00    0.00    0.00
OF502.5  -3.54      0.00 8.9773     0.00    0.00    0.00    0.00    0.00
OF522.5  -2.979     0.00 8.9774     0.00    0.00    0.00    0.00    0.00
OF541.5  -1.5026    0.00 8.9774     0.00    0.00    0.00    0.00    0.00
OF556.0  -0.9120    0.00 8.9774     0.00    0.00    0.00    0.00    0.00
IF573.5  0.35105    0.00 8.9774     0.00    0.00    0.00    0.00    0.00
IF585.0  0.78084    0.00 8.9774     0.00    0.00    0.00    0.00    0.00
IF589.5  1.8602     0.00 8.9774     0.00    0.00    0.00    0.00    0.00
IF604.5  3.8681     0.00 8.9774     0.00    0.00    0.00    0.00    0.00
IF616.5  5.4068     0.00 8.9774     0.00    0.00    0.00    0.00    0.00
IF626.6  6.6825     0.00 8.9945     0.00    0.00    0.00    0.00    0.00
IF629.9  7.6422     0.00 9.0264     0.00    0.00    0.00    0.00    0.00
IF633.2  8.9895     0.00 9.2687     0.00    0.00    0.00    0.00    0.00
IF633.9  9.2687     0.00 9.2687     0.00    0.00    0.00    0.00    0.00
PS START(418195.319,4848206.4682)
PS END(418393.3087,4848076.2337)
ET
 
 
 
