header
IE0.0    -18.807       1       1 8.8666  4.9438  6.1662    56.14   56.14
OF1.0    -18.783    0.00 8.8667     0.00    0.00    0.00    0.00    0.00
OF2.0    -18.759    0.00 8.8667     0.00    0.00    0.00    0.00    0.00
OF3.0    -18.735    0.00 8.8667     0.00    0.00    0.00    0.00    0.00
OF4.0    -18.711    0.00 8.8667     0.00    0.00    0.00    0.00    0.00
OF5.0    -18.687    0.00 8.8667     0.00    0.00    0.00    0.00    0.00
OF6.0    -18.663    0.00 8.8667     0.00    0.00    0.00    0.00    0.00
OF7.0    -18.639    0.00 8.8667     0.00    0.00    0.00    0.00    0.00
OF8.0    -18.615    0.00 8.8667     0.00    0.00    0.00    0.00    0.00
OF9.0    -18.591    0.00 8.8667     0.00    0.00    0.00    0.00    0.00
OF10.0   -18.567    0.00 8.8667     0.00    0.00    0.00    0.00    0.00
OF11.0   -18.543    0.00 8.8667     0.00    0.00    0.00    0.00    0.00
OF12.0   -18.519    0.00 8.8667     0.00    0.00    0.00    0.00    0.00
OF13.0   -18.496    0.00 8.8667     0.00    0.00    0.00    0.00    0.00
OF14.0   -18.472    0.00 8.8667     0.00    0.00    0.00    0.00    0.00
OF15.0   -18.448    0.00 8.8667     0.00    0.00    0.00    0.00    0.00
OF16.0   -18.424    0.00 8.8667     0.00    0.00    0.00    0.00    0.00
OF17.0   -18.399    0.00 8.8667     0.00    0.00    0.00    0.00    0.00
OF18.0   -18.364    0.00 8.8667     0.00    0.00    0.00    0.00    0.00
OF19.0   -18.330    0.00 8.8667     0.00    0.00    0.00    0.00    0.00
OF20.0   -18.296    0.00 8.8667     0.00    0.00    0.00    0.00    0.00
OF21.0   -18.262    0.00 8.8667     0.00    0.00    0.00    0.00    0.00
OF22.0   -18.228    0.00 8.8667     0.00    0.00    0.00    0.00    0.00
OF23.0   -18.194    0.00 8.8667     0.00    0.00    0.00    0.00    0.00
OF24.0   -18.160    0.00 8.8667     0.00    0.00    0.00    0.00    0.00
OF25.0   -18.125    0.00 8.8667     0.00    0.00    0.00    0.00    0.00
OF26.0   -18.091    0.00 8.8667     0.00    0.00    0.00    0.00    0.00
OF27.0   -18.057    0.00 8.8667     0.00    0.00    0.00    0.00    0.00
OF28.0   -18.023    0.00 8.8667     0.00    0.00    0.00    0.00    0.00
OF29.0   -17.989    0.00 8.8667     0.00    0.00    0.00    0.00    0.00
OF30.0   -17.955    0.00 8.8667     0.00    0.00    0.00    0.00    0.00
OF31.0   -17.921    0.00 8.8667     0.00    0.00    0.00    0.00    0.00
OF32.0   -17.887    0.00 8.8667     0.00    0.00    0.00    0.00    0.00
OF33.0   -17.852    0.00 8.8667     0.00    0.00    0.00    0.00    0.00
OF34.0   -17.818    0.00 8.8667     0.00    0.00    0.00    0.00    0.00
OF35.0   -17.784    0.00 8.8667     0.00    0.00    0.00    0.00    0.00
OF36.0   -17.750    0.00 8.8667     0.00    0.00    0.00    0.00    0.00
OF37.0   -17.716    0.00 8.8667     0.00    0.00    0.00    0.00    0.00
OF38.0   -17.682    0.00 8.8667     0.00    0.00    0.00    0.00    0.00
OF39.0   -17.648    0.00 8.8667     0.00    0.00    0.00    0.00    0.00
OF40.0   -17.614    0.00 8.8667     0.00    0.00    0.00    0.00    0.00
OF41.0   -17.579    0.00 8.8667     0.00    0.00    0.00    0.00    0.00
OF42.0   -17.545    0.00 8.8667     0.00    0.00    0.00    0.00    0.00
OF43.0   -17.511    0.00 8.8667     0.00    0.00    0.00    0.00    0.00
OF44.0   -17.477    0.00 8.8667     0.00    0.00    0.00    0.00    0.00
OF45.0   -17.443    0.00 8.8667     0.00    0.00    0.00    0.00    0.00
OF46.0   -17.409    0.00 8.8667     0.00    0.00    0.00    0.00    0.00
OF47.0   -17.375    0.00 8.8667     0.00    0.00    0.00    0.00    0.00
OF48.0   -17.340    0.00 8.8667     0.00    0.00    0.00    0.00    0.00
OF49.0   -17.306    0.00 8.8667     0.00    0.00    0.00    0.00    0.00
OF50.0   -17.272    0.00 8.8667     0.00    0.00    0.00    0.00    0.00
OF51.0   -17.238    0.00 8.8667     0.00    0.00    0.00    0.00    0.00
OF52.0   -17.204    0.00 8.8667     0.00    0.00    0.00    0.00    0.00
OF53.0   -17.170    0.00 8.8667     0.00    0.00    0.00    0.00    0.00
OF54.0   -17.136    0.00 8.8667     0.00    0.00    0.00    0.00    0.00
OF55.0   -17.102    0.00 8.8667     0.00    0.00    0.00    0.00    0.00
OF56.0   -17.067    0.00 8.8667     0.00    0.00    0.00    0.00    0.00
OF57.0   -17.033    0.00 8.8667     0.00    0.00    0.00    0.00    0.00
OF58.0   -16.999    0.00 8.8667     0.00    0.00    0.00    0.00    0.00
OF59.0   -16.965    0.00 8.8667     0.00    0.00    0.00    0.00    0.00
OF60.0   -16.931    0.00 8.8667     0.00    0.00    0.00    0.00    0.00
OF61.0   -16.897    0.00 8.8667     0.00    0.00    0.00    0.00    0.00
OF62.0   -16.863    0.00 8.8667     0.00    0.00    0.00    0.00    0.00
OF63.0   -16.828    0.00 8.8667     0.00    0.00    0.00    0.00    0.00
OF64.0   -16.794    0.00 8.8667     0.00    0.00    0.00    0.00    0.00
OF65.0   -16.760    0.00 8.8667     0.00    0.00    0.00    0.00    0.00
OF66.0   -16.726    0.00 8.8667     0.00    0.00    0.00    0.00    0.00
OF67.0   -16.692    0.00 8.8667     0.00    0.00    0.00    0.00    0.00
OF68.0   -16.658    0.00 8.8667     0.00    0.00    0.00    0.00    0.00
OF69.0   -16.624    0.00 8.8667     0.00    0.00    0.00    0.00    0.00
OF70.0   -16.59     0.00 8.8667     0.00    0.00    0.00    0.00    0.00
OF71.0   -16.555    0.00 8.8667     0.00    0.00    0.00    0.00    0.00
OF72.0   -16.521    0.00 8.8668     0.00    0.00    0.00    0.00    0.00
OF73.0   -16.487    0.00 8.8668     0.00    0.00    0.00    0.00    0.00
OF74.0   -16.453    0.00 8.8668     0.00    0.00    0.00    0.00    0.00
OF75.0   -16.419    0.00 8.8668     0.00    0.00    0.00    0.00    0.00
OF76.0   -16.385    0.00 8.8668     0.00    0.00    0.00    0.00    0.00
OF77.0   -16.351    0.00 8.8668     0.00    0.00    0.00    0.00    0.00
OF78.0   -16.316    0.00 8.8668     0.00    0.00    0.00    0.00    0.00
OF79.0   -16.282    0.00 8.8668     0.00    0.00    0.00    0.00    0.00
OF80.0   -16.248    0.00 8.8668     0.00    0.00    0.00    0.00    0.00
OF81.0   -16.214    0.00 8.8668     0.00    0.00    0.00    0.00    0.00
OF82.0   -16.180    0.00 8.8668     0.00    0.00    0.00    0.00    0.00
OF83.0   -16.146    0.00 8.8668     0.00    0.00    0.00    0.00    0.00
OF84.0   -16.112    0.00 8.8668     0.00    0.00    0.00    0.00    0.00
OF85.0   -16.078    0.00 8.8668     0.00    0.00    0.00    0.00    0.00
OF86.0   -16.043    0.00 8.8668     0.00    0.00    0.00    0.00    0.00
OF87.0   -16.009    0.00 8.8668     0.00    0.00    0.00    0.00    0.00
OF88.0   -15.975    0.00 8.8668     0.00    0.00    0.00    0.00    0.00
OF89.0   -15.941    0.00 8.8668     0.00    0.00    0.00    0.00    0.00
OF90.0   -15.907    0.00 8.8668     0.00    0.00    0.00    0.00    0.00
OF91.0   -15.873    0.00 8.8668     0.00    0.00    0.00    0.00    0.00
OF92.0   -15.839    0.00 8.8668     0.00    0.00    0.00    0.00    0.00
OF93.0   -15.805    0.00 8.8668     0.00    0.00    0.00    0.00    0.00
OF94.0   -15.770    0.00 8.8668     0.00    0.00    0.00    0.00    0.00
OF95.0   -15.736    0.00 8.8668     0.00    0.00    0.00    0.00    0.00
OF96.0   -15.702    0.00 8.8668     0.00    0.00    0.00    0.00    0.00
OF97.0   -15.668    0.00 8.8668     0.00    0.00    0.00    0.00    0.00
OF98.0   -15.634    0.00 8.8668     0.00    0.00    0.00    0.00    0.00
OF99.0   -15.593    0.00 8.8668     0.00    0.00    0.00    0.00    0.00
OF100.0  -15.553    0.00 8.8668     0.00    0.00    0.00    0.00    0.00
OF101.0  -15.512    0.00 8.8668     0.00    0.00    0.00    0.00    0.00
OF102.0  -15.472    0.00 8.8668     0.00    0.00    0.00    0.00    0.00
OF103.0  -15.431    0.00 8.8668     0.00    0.00    0.00    0.00    0.00
OF104.0  -15.391    0.00 8.8668     0.00    0.00    0.00    0.00    0.00
OF105.0  -15.350    0.00 8.8668     0.00    0.00    0.00    0.00    0.00
OF106.0  -15.31     0.00 8.8668     0.00    0.00    0.00    0.00    0.00
OF107.0  -15.269    0.00 8.8668     0.00    0.00    0.00    0.00    0.00
OF108.0  -15.229    0.00 8.8668     0.00    0.00    0.00    0.00    0.00
OF109.0  -15.188    0.00 8.8668     0.00    0.00    0.00    0.00    0.00
OF110.0  -15.148    0.00 8.8668     0.00    0.00    0.00    0.00    0.00
OF111.0  -15.107    0.00 8.8668     0.00    0.00    0.00    0.00    0.00
OF112.0  -15.067    0.00 8.8668     0.00    0.00    0.00    0.00    0.00
OF113.0  -15.026    0.00 8.8668     0.00    0.00    0.00    0.00    0.00
OF114.0  -14.986    0.00 8.8668     0.00    0.00    0.00    0.00    0.00
OF115.0  -14.945    0.00 8.8668     0.00    0.00    0.00    0.00    0.00
OF116.0  -14.905    0.00 8.8668     0.00    0.00    0.00    0.00    0.00
OF117.0  -14.864    0.00 8.8668     0.00    0.00    0.00    0.00    0.00
OF118.0  -14.824    0.00 8.8668     0.00    0.00    0.00    0.00    0.00
OF119.0  -14.783    0.00 8.8668     0.00    0.00    0.00    0.00    0.00
OF120.0  -14.743    0.00 8.8668     0.00    0.00    0.00    0.00    0.00
OF121.0  -14.702    0.00 8.8668     0.00    0.00    0.00    0.00    0.00
OF122.0  -14.662    0.00 8.8668     0.00    0.00    0.00    0.00    0.00
OF123.0  -14.621    0.00 8.8668     0.00    0.00    0.00    0.00    0.00
OF124.0  -14.581    0.00 8.8668     0.00    0.00    0.00    0.00    0.00
OF125.0  -14.540    0.00 8.8668     0.00    0.00    0.00    0.00    0.00
OF126.0  -14.5      0.00 8.8668     0.00    0.00    0.00    0.00    0.00
OF127.0  -14.459    0.00 8.8668     0.00    0.00    0.00    0.00    0.00
OF128.0  -14.419    0.00 8.8668     0.00    0.00    0.00    0.00    0.00
OF129.0  -14.378    0.00 8.8668     0.00    0.00    0.00    0.00    0.00
OF130.0  -14.338    0.00 8.8668     0.00    0.00    0.00    0.00    0.00
OF131.0  -14.297    0.00 8.8668     0.00    0.00    0.00    0.00    0.00
OF132.0  -14.257    0.00 8.8668     0.00    0.00    0.00    0.00    0.00
OF133.0  -14.216    0.00 8.8668     0.00    0.00    0.00    0.00    0.00
OF134.0  -14.175    0.00 8.8668     0.00    0.00    0.00    0.00    0.00
OF135.0  -14.135    0.00 8.8668     0.00    0.00    0.00    0.00    0.00
OF136.0  -14.095    0.00 8.8668     0.00    0.00    0.00    0.00    0.00
OF137.0  -14.054    0.00 8.8668     0.00    0.00    0.00    0.00    0.00
OF138.0  -14.014    0.00 8.8668     0.00    0.00    0.00    0.00    0.00
OF139.0  -13.973    0.00 8.8668     0.00    0.00    0.00    0.00    0.00
OF140.0  -13.933    0.00 8.8668     0.00    0.00    0.00    0.00    0.00
OF141.0  -13.892    0.00 8.8668     0.00    0.00    0.00    0.00    0.00
OF142.0  -13.852    0.00 8.8668     0.00    0.00    0.00    0.00    0.00
OF143.0  -13.811    0.00 8.8668     0.00    0.00    0.00    0.00    0.00
OF144.0  -13.770    0.00 8.8668     0.00    0.00    0.00    0.00    0.00
OF145.0  -13.730    0.00 8.8668     0.00    0.00    0.00    0.00    0.00
OF146.0  -13.69     0.00 8.8668     0.00    0.00    0.00    0.00    0.00
OF147.0  -13.649    0.00 8.8668     0.00    0.00    0.00    0.00    0.00
OF148.0  -13.608    0.00 8.8668     0.00    0.00    0.00    0.00    0.00
OF149.0  -13.568    0.00 8.8668     0.00    0.00    0.00    0.00    0.00
OF150.0  -13.528    0.00 8.8668     0.00    0.00    0.00    0.00    0.00
OF151.0  -13.487    0.00 8.8668     0.00    0.00    0.00    0.00    0.00
OF152.0  -13.446    0.00 8.8668     0.00    0.00    0.00    0.00    0.00
OF153.0  -13.406    0.00 8.8668     0.00    0.00    0.00    0.00    0.00
OF154.0  -13.365    0.00 8.8668     0.00    0.00    0.00    0.00    0.00
OF155.0  -13.325    0.00 8.8668     0.00    0.00    0.00    0.00    0.00
OF156.0  -13.285    0.00 8.8668     0.00    0.00    0.00    0.00    0.00
OF157.0  -13.244    0.00 8.8668     0.00    0.00    0.00    0.00    0.00
OF158.0  -13.203    0.00 8.8668     0.00    0.00    0.00    0.00    0.00
OF159.0  -13.163    0.00 8.8668     0.00    0.00    0.00    0.00    0.00
OF160.0  -13.123    0.00 8.8669     0.00    0.00    0.00    0.00    0.00
OF161.0  -13.082    0.00 8.8669     0.00    0.00    0.00    0.00    0.00
OF162.0  -13.041    0.00 8.8669     0.00    0.00    0.00    0.00    0.00
OF163.0  -13.001    0.00 8.8669     0.00    0.00    0.00    0.00    0.00
OF164.0  -12.960    0.00 8.8669     0.00    0.00    0.00    0.00    0.00
OF165.0  -12.920    0.00 8.8669     0.00    0.00    0.00    0.00    0.00
OF166.0  -12.879    0.00 8.8669     0.00    0.00    0.00    0.00    0.00
OF167.0  -12.839    0.00 8.8669     0.00    0.00    0.00    0.00    0.00
OF168.0  -12.798    0.00 8.8669     0.00    0.00    0.00    0.00    0.00
OF169.0  -12.758    0.00 8.8669     0.00    0.00    0.00    0.00    0.00
OF170.0  -12.718    0.00 8.8669     0.00    0.00    0.00    0.00    0.00
OF171.0  -12.677    0.00 8.8669     0.00    0.00    0.00    0.00    0.00
OF172.0  -12.636    0.00 8.8669     0.00    0.00    0.00    0.00    0.00
OF173.0  -12.596    0.00 8.8669     0.00    0.00    0.00    0.00    0.00
OF174.0  -12.555    0.00 8.8669     0.00    0.00    0.00    0.00    0.00
OF175.0  -12.515    0.00 8.8669     0.00    0.00    0.00    0.00    0.00
OF176.0  -12.474    0.00 8.8669     0.00    0.00    0.00    0.00    0.00
OF177.0  -12.434    0.00 8.8669     0.00    0.00    0.00    0.00    0.00
OF178.0  -12.393    0.00 8.8669     0.00    0.00    0.00    0.00    0.00
OF179.0  -12.353    0.00 8.8669     0.00    0.00    0.00    0.00    0.00
OF180.0  -12.312    0.00 8.8669     0.00    0.00    0.00    0.00    0.00
OF181.0  -12.272    0.00 8.8669     0.00    0.00    0.00    0.00    0.00
OF182.0  -12.231    0.00 8.8669     0.00    0.00    0.00    0.00    0.00
OF183.0  -12.191    0.00 8.8669     0.00    0.00    0.00    0.00    0.00
OF184.0  -12.150    0.00 8.8669     0.00    0.00    0.00    0.00    0.00
OF185.0  -12.110    0.00 8.8669     0.00    0.00    0.00    0.00    0.00
OF186.0  -12.069    0.00 8.8669     0.00    0.00    0.00    0.00    0.00
OF187.0  -12.029    0.00 8.8669     0.00    0.00    0.00    0.00    0.00
OF188.0  -11.988    0.00 8.8669     0.00    0.00    0.00    0.00    0.00
OF189.0  -11.948    0.00 8.8669     0.00    0.00    0.00    0.00    0.00
OF190.0  -11.907    0.00 8.8669     0.00    0.00    0.00    0.00    0.00
OF191.0  -11.867    0.00 8.8669     0.00    0.00    0.00    0.00    0.00
OF192.0  -11.826    0.00 8.8669     0.00    0.00    0.00    0.00    0.00
OF193.0  -11.786    0.00 8.8669     0.00    0.00    0.00    0.00    0.00
OF194.0  -11.745    0.00 8.8669     0.00    0.00    0.00    0.00    0.00
OF195.0  -11.705    0.00 8.8669     0.00    0.00    0.00    0.00    0.00
OF196.0  -11.664    0.00 8.8669     0.00    0.00    0.00    0.00    0.00
OF197.0  -11.624    0.00 8.8669     0.00    0.00    0.00    0.00    0.00
OF198.0  -11.583    0.00 8.8669     0.00    0.00    0.00    0.00    0.00
OF199.0  -11.539    0.00 8.8669     0.00    0.00    0.00    0.00    0.00
OF200.0  -11.487    0.00 8.8669     0.00    0.00    0.00    0.00    0.00
OF201.0  -11.434    0.00 8.8669     0.00    0.00    0.00    0.00    0.00
OF202.0  -11.381    0.00 8.8669     0.00    0.00    0.00    0.00    0.00
OF203.0  -11.328    0.00 8.8669     0.00    0.00    0.00    0.00    0.00
OF204.0  -11.275    0.00 8.8669     0.00    0.00    0.00    0.00    0.00
OF205.0  -11.223    0.00 8.8669     0.00    0.00    0.00    0.00    0.00
OF206.0  -11.170    0.00 8.8669     0.00    0.00    0.00    0.00    0.00
OF207.0  -11.117    0.00 8.8669     0.00    0.00    0.00    0.00    0.00
OF208.0  -11.064    0.00 8.8669     0.00    0.00    0.00    0.00    0.00
OF209.0  -11.011    0.00 8.8669     0.00    0.00    0.00    0.00    0.00
OF210.0  -10.959    0.00 8.8669     0.00    0.00    0.00    0.00    0.00
OF211.0  -10.906    0.00 8.8669     0.00    0.00    0.00    0.00    0.00
OF212.0  -10.853    0.00 8.8669     0.00    0.00    0.00    0.00    0.00
OF213.0  -10.800    0.00 8.8669     0.00    0.00    0.00    0.00    0.00
OF214.0  -10.747    0.00 8.8669     0.00    0.00    0.00    0.00    0.00
OF215.0  -10.694    0.00 8.8669     0.00    0.00    0.00    0.00    0.00
OF216.0  -10.642    0.00 8.8669     0.00    0.00    0.00    0.00    0.00
OF217.0  -10.589    0.00 8.8669     0.00    0.00    0.00    0.00    0.00
OF218.0  -10.536    0.00 8.8669     0.00    0.00    0.00    0.00    0.00
OF219.0  -10.483    0.00 8.8669     0.00    0.00    0.00    0.00    0.00
OF220.0  -10.430    0.00 8.8669     0.00    0.00    0.00    0.00    0.00
OF221.0  -10.378    0.00 8.8669     0.00    0.00    0.00    0.00    0.00
OF222.0  -10.325    0.00 8.8669     0.00    0.00    0.00    0.00    0.00
OF223.0  -10.272    0.00 8.8669     0.00    0.00    0.00    0.00    0.00
OF224.0  -10.219    0.00 8.8669     0.00    0.00    0.00    0.00    0.00
OF225.0  -10.166    0.00 8.8669     0.00    0.00    0.00    0.00    0.00
OF226.0  -10.114    0.00 8.8669     0.00    0.00    0.00    0.00    0.00
OF227.0  -10.061    0.00 8.8669     0.00    0.00    0.00    0.00    0.00
OF228.0  -10.008    0.00 8.8669     0.00    0.00    0.00    0.00    0.00
OF229.0  -9.9555    0.00 8.8669     0.00    0.00    0.00    0.00    0.00
OF230.0  -9.9029    0.00 8.8669     0.00    0.00    0.00    0.00    0.00
OF231.0  -9.85      0.00 8.8669     0.00    0.00    0.00    0.00    0.00
OF232.0  -9.7971    0.00 8.867      0.00    0.00    0.00    0.00    0.00
OF233.0  -9.7445    0.00 8.867      0.00    0.00    0.00    0.00    0.00
OF234.0  -9.6916    0.00 8.867      0.00    0.00    0.00    0.00    0.00
OF235.0  -9.6387    0.00 8.867      0.00    0.00    0.00    0.00    0.00
OF236.0  -9.5859    0.00 8.867      0.00    0.00    0.00    0.00    0.00
OF237.0  -9.5332    0.00 8.867      0.00    0.00    0.00    0.00    0.00
OF238.0  -9.4803    0.00 8.867      0.00    0.00    0.00    0.00    0.00
OF239.0  -9.4275    0.00 8.867      0.00    0.00    0.00    0.00    0.00
OF240.0  -9.3748    0.00 8.867      0.00    0.00    0.00    0.00    0.00
OF241.0  -9.322     0.00 8.867      0.00    0.00    0.00    0.00    0.00
OF242.0  -9.2691    0.00 8.867      0.00    0.00    0.00    0.00    0.00
OF243.0  -9.2162    0.00 8.867      0.00    0.00    0.00    0.00    0.00
OF244.0  -9.1636    0.00 8.867      0.00    0.00    0.00    0.00    0.00
OF245.0  -9.1107    0.00 8.867      0.00    0.00    0.00    0.00    0.00
OF246.0  -9.0578    0.00 8.867      0.00    0.00    0.00    0.00    0.00
OF247.0  -9.0051    0.00 8.867      0.00    0.00    0.00    0.00    0.00
OF248.0  -8.9523    0.00 8.867      0.00    0.00    0.00    0.00    0.00
OF249.0  -8.8994    0.00 8.867      0.00    0.00    0.00    0.00    0.00
OF250.0  -8.8466    0.00 8.867      0.00    0.00    0.00    0.00    0.00
OF251.0  -8.7939    0.00 8.867      0.00    0.00    0.00    0.00    0.00
OF252.0  -8.741     0.00 8.867      0.00    0.00    0.00    0.00    0.00
OF253.0  -8.6882    0.00 8.867      0.00    0.00    0.00    0.00    0.00
OF254.0  -8.6355    0.00 8.867      0.00    0.00    0.00    0.00    0.00
OF255.0  -8.5826    0.00 8.867      0.00    0.00    0.00    0.00    0.00
OF256.0  -8.5298    0.00 8.867      0.00    0.00    0.00    0.00    0.00
OF257.0  -8.4769    0.00 8.867      0.00    0.00    0.00    0.00    0.00
OF258.0  -8.4242    0.00 8.867      0.00    0.00    0.00    0.00    0.00
OF259.0  -8.3714    0.00 8.867      0.00    0.00    0.00    0.00    0.00
OF260.0  -8.3185    0.00 8.867      0.00    0.00    0.00    0.00    0.00
OF261.0  -8.2659    0.00 8.867      0.00    0.00    0.00    0.00    0.00
OF262.0  -8.213     0.00 8.867      0.00    0.00    0.00    0.00    0.00
OF263.0  -8.1883    0.00 8.867      0.00    0.00    0.00    0.00    0.00
OF264.0  -8.175     0.00 8.867      0.00    0.00    0.00    0.00    0.00
OF265.0  -8.1617    0.00 8.867      0.00    0.00    0.00    0.00    0.00
OF266.0  -8.1484    0.00 8.867      0.00    0.00    0.00    0.00    0.00
OF267.0  -8.1351    0.00 8.867      0.00    0.00    0.00    0.00    0.00
OF268.0  -8.1219    0.00 8.867      0.00    0.00    0.00    0.00    0.00
OF269.0  -8.1086    0.00 8.867      0.00    0.00    0.00    0.00    0.00
OF270.0  -8.0953    0.00 8.867      0.00    0.00    0.00    0.00    0.00
OF271.0  -8.082     0.00 8.867      0.00    0.00    0.00    0.00    0.00
OF272.0  -8.0688    0.00 8.867      0.00    0.00    0.00    0.00    0.00
OF273.0  -8.0555    0.00 8.867      0.00    0.00    0.00    0.00    0.00
OF274.0  -8.0422    0.00 8.867      0.00    0.00    0.00    0.00    0.00
OF275.0  -8.0289    0.00 8.8671     0.00    0.00    0.00    0.00    0.00
OF276.0  -8.0156    0.00 8.8671     0.00    0.00    0.00    0.00    0.00
OF277.0  -8.0024    0.00 8.8671     0.00    0.00    0.00    0.00    0.00
OF278.0  -7.9891    0.00 8.8671     0.00    0.00    0.00    0.00    0.00
OF279.0  -7.9758    0.00 8.8671     0.00    0.00    0.00    0.00    0.00
OF280.0  -7.9625    0.00 8.8671     0.00    0.00    0.00    0.00    0.00
OF281.0  -7.9492    0.00 8.8671     0.00    0.00    0.00    0.00    0.00
OF282.0  -7.936     0.00 8.8671     0.00    0.00    0.00    0.00    0.00
OF283.0  -7.9227    0.00 8.8671     0.00    0.00    0.00    0.00    0.00
OF284.0  -7.9094    0.00 8.8671     0.00    0.00    0.00    0.00    0.00
OF285.0  -7.8961    0.00 8.8671     0.00    0.00    0.00    0.00    0.00
OF286.0  -7.8829    0.00 8.8671     0.00    0.00    0.00    0.00    0.00
OF287.0  -7.8696    0.00 8.8671     0.00    0.00    0.00    0.00    0.00
OF288.0  -7.8563    0.00 8.8671     0.00    0.00    0.00    0.00    0.00
OF289.0  -7.843     0.00 8.8671     0.00    0.00    0.00    0.00    0.00
OF290.0  -7.8298    0.00 8.8671     0.00    0.00    0.00    0.00    0.00
OF291.0  -7.8165    0.00 8.8671     0.00    0.00    0.00    0.00    0.00
OF292.0  -7.8032    0.00 8.8671     0.00    0.00    0.00    0.00    0.00
OF293.0  -7.7899    0.00 8.8671     0.00    0.00    0.00    0.00    0.00
OF294.0  -7.7767    0.00 8.8671     0.00    0.00    0.00    0.00    0.00
OF295.0  -7.7633    0.00 8.8671     0.00    0.00    0.00    0.00    0.00
OF296.0  -7.7501    0.00 8.8671     0.00    0.00    0.00    0.00    0.00
OF297.0  -7.7368    0.00 8.8671     0.00    0.00    0.00    0.00    0.00
OF298.0  -7.7235    0.00 8.8671     0.00    0.00    0.00    0.00    0.00
OF299.0  -7.7102    0.00 8.8671     0.00    0.00    0.00    0.00    0.00
OF300.0  -7.697     0.00 8.8671     0.00    0.00    0.00    0.00    0.00
OF301.0  -7.6837    0.00 8.8671     0.00    0.00    0.00    0.00    0.00
OF302.0  -7.6704    0.00 8.8672     0.00    0.00    0.00    0.00    0.00
OF303.0  -7.6571    0.00 8.8672     0.00    0.00    0.00    0.00    0.00
OF304.0  -7.6439    0.00 8.8672     0.00    0.00    0.00    0.00    0.00
OF305.0  -7.6306    0.00 8.8672     0.00    0.00    0.00    0.00    0.00
OF306.0  -7.6173    0.00 8.8672     0.00    0.00    0.00    0.00    0.00
OF307.0  -7.604     0.00 8.8672     0.00    0.00    0.00    0.00    0.00
OF308.0  -7.5907    0.00 8.8672     0.00    0.00    0.00    0.00    0.00
OF309.0  -7.5775    0.00 8.8672     0.00    0.00    0.00    0.00    0.00
OF310.0  -7.5642    0.00 8.8672     0.00    0.00    0.00    0.00    0.00
OF311.0  -7.5509    0.00 8.8672     0.00    0.00    0.00    0.00    0.00
OF312.0  -7.5376    0.00 8.8672     0.00    0.00    0.00    0.00    0.00
OF313.0  -7.5243    0.00 8.8672     0.00    0.00    0.00    0.00    0.00
OF314.0  -7.5111    0.00 8.8672     0.00    0.00    0.00    0.00    0.00
OF315.0  -7.4978    0.00 8.8672     0.00    0.00    0.00    0.00    0.00
OF316.0  -7.4845    0.00 8.8672     0.00    0.00    0.00    0.00    0.00
OF317.0  -7.4712    0.00 8.8672     0.00    0.00    0.00    0.00    0.00
OF318.0  -7.458     0.00 8.8672     0.00    0.00    0.00    0.00    0.00
OF319.0  -7.4447    0.00 8.8672     0.00    0.00    0.00    0.00    0.00
OF320.0  -7.4314    0.00 8.8672     0.00    0.00    0.00    0.00    0.00
OF321.0  -7.4181    0.00 8.8672     0.00    0.00    0.00    0.00    0.00
OF322.0  -7.4048    0.00 8.8672     0.00    0.00    0.00    0.00    0.00
OF323.0  -7.3916    0.00 8.8672     0.00    0.00    0.00    0.00    0.00
OF324.0  -7.3783    0.00 8.8672     0.00    0.00    0.00    0.00    0.00
OF325.0  -7.365     0.00 8.8672     0.00    0.00    0.00    0.00    0.00
OF326.0  -7.3517    0.00 8.8672     0.00    0.00    0.00    0.00    0.00
OF327.0  -7.3384    0.00 8.8672     0.00    0.00    0.00    0.00    0.00
OF328.0  -7.3252    0.00 8.8672     0.00    0.00    0.00    0.00    0.00
OF329.0  -7.3119    0.00 8.8673     0.00    0.00    0.00    0.00    0.00
OF330.0  -7.2986    0.00 8.8673     0.00    0.00    0.00    0.00    0.00
OF331.0  -7.2853    0.00 8.8673     0.00    0.00    0.00    0.00    0.00
OF332.0  -7.2721    0.00 8.8673     0.00    0.00    0.00    0.00    0.00
OF333.0  -7.2588    0.00 8.8673     0.00    0.00    0.00    0.00    0.00
OF334.0  -7.2455    0.00 8.8673     0.00    0.00    0.00    0.00    0.00
OF335.0  -7.2322    0.00 8.8673     0.00    0.00    0.00    0.00    0.00
OF336.0  -7.219     0.00 8.8673     0.00    0.00    0.00    0.00    0.00
OF337.0  -7.2057    0.00 8.8673     0.00    0.00    0.00    0.00    0.00
OF338.0  -7.1924    0.00 8.8673     0.00    0.00    0.00    0.00    0.00
OF339.0  -7.1791    0.00 8.8673     0.00    0.00    0.00    0.00    0.00
OF340.0  -7.1658    0.00 8.8673     0.00    0.00    0.00    0.00    0.00
OF341.0  -7.1526    0.00 8.8673     0.00    0.00    0.00    0.00    0.00
OF342.0  -7.1393    0.00 8.8673     0.00    0.00    0.00    0.00    0.00
OF343.0  -7.126     0.00 8.8673     0.00    0.00    0.00    0.00    0.00
OF344.0  -7.1127    0.00 8.8673     0.00    0.00    0.00    0.00    0.00
OF345.0  -7.0994    0.00 8.8673     0.00    0.00    0.00    0.00    0.00
OF346.0  -7.0862    0.00 8.8673     0.00    0.00    0.00    0.00    0.00
OF347.0  -7.073     0.00 8.8673     0.00    0.00    0.00    0.00    0.00
OF348.0  -7.0611    0.00 8.8673     0.00    0.00    0.00    0.00    0.00
OF349.0  -7.0492    0.00 8.8674     0.00    0.00    0.00    0.00    0.00
OF350.0  -7.0373    0.00 8.8674     0.00    0.00    0.00    0.00    0.00
OF351.0  -7.0254    0.00 8.8674     0.00    0.00    0.00    0.00    0.00
OF352.0  -7.0135    0.00 8.8675     0.00    0.00    0.00    0.00    0.00
OF353.0  -7.0016    0.00 8.8675     0.00    0.00    0.00    0.00    0.00
OF354.0  -6.9897    0.00 8.8675     0.00    0.00    0.00    0.00    0.00
OF355.0  -6.9778    0.00 8.8676     0.00    0.00    0.00    0.00    0.00
OF356.0  -6.9659    0.00 8.8676     0.00    0.00    0.00    0.00    0.00
OF357.0  -6.954     0.00 8.8676     0.00    0.00    0.00    0.00    0.00
OF358.0  -6.9421    0.00 8.8676     0.00    0.00    0.00    0.00    0.00
OF359.0  -6.9302    0.00 8.8677     0.00    0.00    0.00    0.00    0.00
OF360.0  -6.9183    0.00 8.8677     0.00    0.00    0.00    0.00    0.00
OF361.0  -6.9064    0.00 8.8677     0.00    0.00    0.00    0.00    0.00
OF362.0  -6.8945    0.00 8.8678     0.00    0.00    0.00    0.00    0.00
OF363.0  -6.8826    0.00 8.8678     0.00    0.00    0.00    0.00    0.00
OF364.0  -6.8707    0.00 8.8678     0.00    0.00    0.00    0.00    0.00
OF365.0  -6.8588    0.00 8.8679     0.00    0.00    0.00    0.00    0.00
OF366.0  -6.8469    0.00 8.8679     0.00    0.00    0.00    0.00    0.00
OF367.0  -6.835     0.00 8.8679     0.00    0.00    0.00    0.00    0.00
OF368.0  -6.8231    0.00 8.8679     0.00    0.00    0.00    0.00    0.00
OF369.0  -6.8112    0.00 8.868      0.00    0.00    0.00    0.00    0.00
OF370.0  -6.7993    0.00 8.868      0.00    0.00    0.00    0.00    0.00
OF371.0  -6.7874    0.00 8.868      0.00    0.00    0.00    0.00    0.00
OF372.0  -6.7755    0.00 8.8681     0.00    0.00    0.00    0.00    0.00
OF373.0  -6.7636    0.00 8.8681     0.00    0.00    0.00    0.00    0.00
OF374.0  -6.7518    0.00 8.8681     0.00    0.00    0.00    0.00    0.00
OF375.0  -6.7398    0.00 8.8681     0.00    0.00    0.00    0.00    0.00
OF376.0  -6.7279    0.00 8.8682     0.00    0.00    0.00    0.00    0.00
OF377.0  -6.7161    0.00 8.8682     0.00    0.00    0.00    0.00    0.00
OF378.0  -6.7042    0.00 8.8682     0.00    0.00    0.00    0.00    0.00
OF379.0  -6.6923    0.00 8.8683     0.00    0.00    0.00    0.00    0.00
OF380.0  -6.6803    0.00 8.8683     0.00    0.00    0.00    0.00    0.00
OF381.0  -6.6685    0.00 8.8683     0.00    0.00    0.00    0.00    0.00
OF382.0  -6.6566    0.00 8.8684     0.00    0.00    0.00    0.00    0.00
OF383.0  -6.6447    0.00 8.8684     0.00    0.00    0.00    0.00    0.00
OF384.0  -6.6328    0.00 8.8684     0.00    0.00    0.00    0.00    0.00
OF385.0  -6.6209    0.00 8.8684     0.00    0.00    0.00    0.00    0.00
OF386.0  -6.609     0.00 8.8685     0.00    0.00    0.00    0.00    0.00
OF387.0  -6.5989    0.00 8.8685     0.00    0.00    0.00    0.00    0.00
OF388.0  -6.5919    0.00 8.8686     0.00    0.00    0.00    0.00    0.00
OF389.0  -6.5848    0.00 8.8686     0.00    0.00    0.00    0.00    0.00
OF390.0  -6.5777    0.00 8.8687     0.00    0.00    0.00    0.00    0.00
OF391.0  -6.5707    0.00 8.8687     0.00    0.00    0.00    0.00    0.00
OF392.0  -6.5637    0.00 8.8688     0.00    0.00    0.00    0.00    0.00
OF393.0  -6.5566    0.00 8.8689     0.00    0.00    0.00    0.00    0.00
OF394.0  -6.5496    0.00 8.8689     0.00    0.00    0.00    0.00    0.00
OF395.0  -6.5425    0.00 8.869      0.00    0.00    0.00    0.00    0.00
OF396.0  -6.5355    0.00 8.869      0.00    0.00    0.00    0.00    0.00
OF397.0  -6.5284    0.00 8.8691     0.00    0.00    0.00    0.00    0.00
OF398.0  -6.5214    0.00 8.8692     0.00    0.00    0.00    0.00    0.00
OF399.0  -6.5144    0.00 8.8692     0.00    0.00    0.00    0.00    0.00
OF400.0  -6.5073    0.00 8.8693     0.00    0.00    0.00    0.00    0.00
OF401.0  -6.5003    0.00 8.8693     0.00    0.00    0.00    0.00    0.00
OF402.0  -6.4932    0.00 8.8694     0.00    0.00    0.00    0.00    0.00
OF403.0  -6.4862    0.00 8.8694     0.00    0.00    0.00    0.00    0.00
OF404.0  -6.4791    0.00 8.8695     0.00    0.00    0.00    0.00    0.00
OF405.0  -6.4721    0.00 8.8696     0.00    0.00    0.00    0.00    0.00
OF406.0  -6.4651    0.00 8.8696     0.00    0.00    0.00    0.00    0.00
OF407.0  -6.458     0.00 8.8697     0.00    0.00    0.00    0.00    0.00
OF408.0  -6.451     0.00 8.8697     0.00    0.00    0.00    0.00    0.00
OF409.0  -6.4439    0.00 8.8698     0.00    0.00    0.00    0.00    0.00
OF410.0  -6.4369    0.00 8.8698     0.00    0.00    0.00    0.00    0.00
OF411.0  -6.4298    0.00 8.8699     0.00    0.00    0.00    0.00    0.00
OF412.0  -6.4228    0.00 8.87       0.00    0.00    0.00    0.00    0.00
OF414.0  -6.4087    0.00 8.8701     0.00    0.00    0.00    0.00    0.00
OF415.0  -6.4016    0.00 8.8701     0.00    0.00    0.00    0.00    0.00
OF417.0  -6.3876    0.00 8.8703     0.00    0.00    0.00    0.00    0.00
OF418.0  -6.3805    0.00 8.8703     0.00    0.00    0.00    0.00    0.00
OF420.0  -6.3664    0.00 8.8704     0.00    0.00    0.00    0.00    0.00
OF421.0  -6.3594    0.00 8.8705     0.00    0.00    0.00    0.00    0.00
OF423.0  -6.3453    0.00 8.8706     0.00    0.00    0.00    0.00    0.00
OF424.0  -6.3383    0.00 8.8707     0.00    0.00    0.00    0.00    0.00
OF426.0  -6.3242    0.00 8.8708     0.00    0.00    0.00    0.00    0.00
OF427.0  -6.3171    0.00 8.8708     0.00    0.00    0.00    0.00    0.00
OF429.0  -6.303     0.00 8.871      0.00    0.00    0.00    0.00    0.00
OF430.0  -6.296     0.00 8.871      0.00    0.00    0.00    0.00    0.00
OF432.0  -6.2819    0.00 8.8711     0.00    0.00    0.00    0.00    0.00
OF433.0  -6.2749    0.00 8.8712     0.00    0.00    0.00    0.00    0.00
OF435.0  -6.2607    0.00 8.8713     0.00    0.00    0.00    0.00    0.00
OF436.0  -6.2537    0.00 8.8714     0.00    0.00    0.00    0.00    0.00
OF438.0  -6.2396    0.00 8.8715     0.00    0.00    0.00    0.00    0.00
OF439.0  -6.2326    0.00 8.8715     0.00    0.00    0.00    0.00    0.00
OF441.0  -6.2185    0.00 8.8716     0.00    0.00    0.00    0.00    0.00
OF442.0  -6.2114    0.00 8.8717     0.00    0.00    0.00    0.00    0.00
OF444.0  -6.1974    0.00 8.8718     0.00    0.00    0.00    0.00    0.00
OF445.0  -6.1903    0.00 8.8719     0.00    0.00    0.00    0.00    0.00
OF447.0  -6.1762    0.00 8.872      0.00    0.00    0.00    0.00    0.00
OF448.0  -6.1692    0.00 8.8721     0.00    0.00    0.00    0.00    0.00
OF450.0  -6.1554    0.00 8.8722     0.00    0.00    0.00    0.00    0.00
OF451.0  -6.1487    0.00 8.8722     0.00    0.00    0.00    0.00    0.00
OF453.0  -6.1353    0.00 8.8723     0.00    0.00    0.00    0.00    0.00
OF454.0  -6.1286    0.00 8.8724     0.00    0.00    0.00    0.00    0.00
OF456.0  -6.1152    0.00 8.8724     0.00    0.00    0.00    0.00    0.00
OF457.0  -6.1085    0.00 8.8725     0.00    0.00    0.00    0.00    0.00
OF459.0  -6.0951    0.00 8.8726     0.00    0.00    0.00    0.00    0.00
OF460.0  -6.0338    0.00 8.8727     0.00    0.00    0.00    0.00    0.00
OF462.0  -5.8232    0.00 8.8728     0.00    0.00    0.00    0.00    0.00
OF463.0  -5.7178    0.00 8.8729     0.00    0.00    0.00    0.00    0.00
OF465.0  -5.5072    0.00 8.8731     0.00    0.00    0.00    0.00    0.00
OF466.0  -5.4018    0.00 8.8732     0.00    0.00    0.00    0.00    0.00
OF468.0  -5.1912    0.00 8.8733     0.00    0.00    0.00    0.00    0.00
OF469.0  -5.0858    0.00 8.8734     0.00    0.00    0.00    0.00    0.00
OF471.0  -4.8749    0.00 8.8736     0.00    0.00    0.00    0.00    0.00
OF472.0  -4.7698    0.00 8.8737     0.00    0.00    0.00    0.00    0.00
OF474.0  -4.5589    0.00 8.8738     0.00    0.00    0.00    0.00    0.00
OF475.0  -4.4538    0.00 8.8739     0.00    0.00    0.00    0.00    0.00
OF480.0  -3.927     0.00 8.8743     0.00    0.00    0.00    0.00    0.00
OF481.0  -3.8213    0.00 8.8744     0.00    0.00    0.00    0.00    0.00
OF484.0  -3.5053    0.00 8.8747     0.00    0.00    0.00    0.00    0.00
IF546.0  2.841      0.00 8.8797     0.00    0.00    0.00    0.00    0.00
IF547.0  2.9412     0.00 8.8797     0.00    0.00    0.00    0.00    0.00
IF559.5  3.3071     0.00 8.8797     0.00    0.00    0.00    0.00    0.00
IF577.4  5.0497     0.00 8.876      0.00    0.00    0.00    0.00    0.00
IF580.7  5.3687     0.00 8.8891     0.00    0.00    0.00    0.00    0.00
IF584.0  5.6876     0.00 8.904      0.00    0.00    0.00    0.00    0.00
IF587.3  5.9758     0.00 8.922      0.00    0.00    0.00    0.00    0.00
IF590.5  6.1634     0.00 8.9447     0.00    0.00    0.00    0.00    0.00
IF593.8  6.3511     0.00 8.9683     0.00    0.00    0.00    0.00    0.00
IF597.1  6.5388     0.00 8.9904     0.00    0.00    0.00    0.00    0.00
IF600.4  6.7264     0.00 9.0115     0.00    0.00    0.00    0.00    0.00
IF603.7  6.9141     0.00 9.0315     0.00    0.00    0.00    0.00    0.00
IF607.0  7.1018     0.00 9.0493     0.00    0.00    0.00    0.00    0.00
IF610.2  7.3843     0.00 9.0671     0.00    0.00    0.00    0.00    0.00
IF613.5  7.9956     0.00 9.0882     0.00    0.00    0.00    0.00    0.00
IF616.8  8.6069     0.00 9.1646     0.00    0.00    0.00    0.00    0.00
IF620.1  9.2181     0.00 9.3292     0.00    0.00    0.00    0.00    0.00
IF620.7  9.3292     0.00 9.3292     0.00    0.00    0.00    0.00    0.00
PS START(417344.1452,4844094.6743)
PS END(417245.9223,4844373.8613)
ET
 
 
 
