header
IE0.0    -37.296       1       1 8.8429  16.5394 13.606    56.14   56.14
OF2.0    -37.217    0.00 8.8429     0.00    0.00    0.00    0.00    0.00
OF4.0    -37.146    0.00 8.8429     0.00    0.00    0.00    0.00    0.00
OF6.0    -37.086    0.00 8.8429     0.00    0.00    0.00    0.00    0.00
OF8.0    -37.025    0.00 8.8428     0.00    0.00    0.00    0.00    0.00
OF10.0   -36.965    0.00 8.8428     0.00    0.00    0.00    0.00    0.00
OF12.0   -36.905    0.00 8.8428     0.00    0.00    0.00    0.00    0.00
OF14.0   -36.845    0.00 8.8428     0.00    0.00    0.00    0.00    0.00
OF16.0   -36.784    0.00 8.8428     0.00    0.00    0.00    0.00    0.00
OF18.0   -36.724    0.00 8.8427     0.00    0.00    0.00    0.00    0.00
OF20.0   -36.664    0.00 8.8427     0.00    0.00    0.00    0.00    0.00
OF22.0   -36.603    0.00 8.8427     0.00    0.00    0.00    0.00    0.00
OF24.0   -36.543    0.00 8.8427     0.00    0.00    0.00    0.00    0.00
OF26.0   -36.483    0.00 8.8427     0.00    0.00    0.00    0.00    0.00
OF28.0   -36.423    0.00 8.8426     0.00    0.00    0.00    0.00    0.00
OF30.0   -36.384    0.00 8.8426     0.00    0.00    0.00    0.00    0.00
OF32.0   -36.356    0.00 8.8426     0.00    0.00    0.00    0.00    0.00
OF34.0   -36.328    0.00 8.8426     0.00    0.00    0.00    0.00    0.00
OF36.0   -36.300    0.00 8.8425     0.00    0.00    0.00    0.00    0.00
OF38.0   -36.272    0.00 8.8425     0.00    0.00    0.00    0.00    0.00
OF40.0   -36.244    0.00 8.8425     0.00    0.00    0.00    0.00    0.00
OF42.0   -36.216    0.00 8.8425     0.00    0.00    0.00    0.00    0.00
OF44.0   -36.189    0.00 8.8425     0.00    0.00    0.00    0.00    0.00
OF46.0   -36.161    0.00 8.8425     0.00    0.00    0.00    0.00    0.00
OF48.0   -36.133    0.00 8.8425     0.00    0.00    0.00    0.00    0.00
OF50.0   -36.105    0.00 8.8425     0.00    0.00    0.00    0.00    0.00
OF52.0   -36.077    0.00 8.8424     0.00    0.00    0.00    0.00    0.00
OF54.0   -36.049    0.00 8.8424     0.00    0.00    0.00    0.00    0.00
OF56.0   -36.021    0.00 8.8423     0.00    0.00    0.00    0.00    0.00
OF58.0   -35.993    0.00 8.8423     0.00    0.00    0.00    0.00    0.00
OF60.0   -35.965    0.00 8.8422     0.00    0.00    0.00    0.00    0.00
OF62.0   -35.937    0.00 8.8422     0.00    0.00    0.00    0.00    0.00
OF64.0   -35.909    0.00 8.8422     0.00    0.00    0.00    0.00    0.00
OF66.0   -35.881    0.00 8.8421     0.00    0.00    0.00    0.00    0.00
OF68.0   -35.853    0.00 8.8421     0.00    0.00    0.00    0.00    0.00
OF70.0   -35.826    0.00 8.842      0.00    0.00    0.00    0.00    0.00
OF72.0   -35.798    0.00 8.842      0.00    0.00    0.00    0.00    0.00
OF74.0   -35.770    0.00 8.8419     0.00    0.00    0.00    0.00    0.00
OF76.0   -35.742    0.00 8.8419     0.00    0.00    0.00    0.00    0.00
OF78.0   -35.714    0.00 8.8418     0.00    0.00    0.00    0.00    0.00
OF80.0   -35.686    0.00 8.8418     0.00    0.00    0.00    0.00    0.00
OF82.0   -35.658    0.00 8.8417     0.00    0.00    0.00    0.00    0.00
OF84.0   -35.630    0.00 8.8417     0.00    0.00    0.00    0.00    0.00
OF86.0   -35.602    0.00 8.8416     0.00    0.00    0.00    0.00    0.00
OF88.0   -35.574    0.00 8.8416     0.00    0.00    0.00    0.00    0.00
OF90.0   -35.546    0.00 8.8416     0.00    0.00    0.00    0.00    0.00
OF92.0   -35.518    0.00 8.8415     0.00    0.00    0.00    0.00    0.00
OF94.0   -35.490    0.00 8.8415     0.00    0.00    0.00    0.00    0.00
OF96.0   -35.462    0.00 8.8415     0.00    0.00    0.00    0.00    0.00
OF98.0   -35.435    0.00 8.8415     0.00    0.00    0.00    0.00    0.00
OF100.0  -35.407    0.00 8.8414     0.00    0.00    0.00    0.00    0.00
OF102.0  -35.379    0.00 8.8414     0.00    0.00    0.00    0.00    0.00
OF104.0  -35.351    0.00 8.8414     0.00    0.00    0.00    0.00    0.00
OF106.0  -35.323    0.00 8.8413     0.00    0.00    0.00    0.00    0.00
OF108.0  -35.295    0.00 8.8413     0.00    0.00    0.00    0.00    0.00
OF110.0  -35.267    0.00 8.8413     0.00    0.00    0.00    0.00    0.00
OF112.0  -35.239    0.00 8.8412     0.00    0.00    0.00    0.00    0.00
OF114.0  -35.211    0.00 8.8412     0.00    0.00    0.00    0.00    0.00
OF116.0  -35.183    0.00 8.8412     0.00    0.00    0.00    0.00    0.00
OF118.0  -35.155    0.00 8.8411     0.00    0.00    0.00    0.00    0.00
OF120.0  -35.127    0.00 8.8411     0.00    0.00    0.00    0.00    0.00
OF122.0  -35.099    0.00 8.8411     0.00    0.00    0.00    0.00    0.00
OF124.0  -35.072    0.00 8.841      0.00    0.00    0.00    0.00    0.00
OF126.0  -35.044    0.00 8.841      0.00    0.00    0.00    0.00    0.00
OF128.0  -35.016    0.00 8.841      0.00    0.00    0.00    0.00    0.00
OF130.0  -34.983    0.00 8.841      0.00    0.00    0.00    0.00    0.00
OF132.0  -34.948    0.00 8.8409     0.00    0.00    0.00    0.00    0.00
OF134.0  -34.912    0.00 8.8409     0.00    0.00    0.00    0.00    0.00
OF136.0  -34.877    0.00 8.8409     0.00    0.00    0.00    0.00    0.00
OF138.0  -34.842    0.00 8.8408     0.00    0.00    0.00    0.00    0.00
OF140.0  -34.807    0.00 8.8408     0.00    0.00    0.00    0.00    0.00
OF142.0  -34.771    0.00 8.8408     0.00    0.00    0.00    0.00    0.00
OF144.0  -34.736    0.00 8.8407     0.00    0.00    0.00    0.00    0.00
OF146.0  -34.701    0.00 8.8407     0.00    0.00    0.00    0.00    0.00
OF148.0  -34.665    0.00 8.8407     0.00    0.00    0.00    0.00    0.00
OF150.0  -34.630    0.00 8.8406     0.00    0.00    0.00    0.00    0.00
OF152.0  -34.595    0.00 8.8406     0.00    0.00    0.00    0.00    0.00
OF154.0  -34.560    0.00 8.8406     0.00    0.00    0.00    0.00    0.00
OF156.0  -34.524    0.00 8.8405     0.00    0.00    0.00    0.00    0.00
OF158.0  -34.489    0.00 8.8405     0.00    0.00    0.00    0.00    0.00
OF160.0  -34.454    0.00 8.8405     0.00    0.00    0.00    0.00    0.00
OF162.0  -34.418    0.00 8.8405     0.00    0.00    0.00    0.00    0.00
OF164.0  -34.383    0.00 8.8404     0.00    0.00    0.00    0.00    0.00
OF166.0  -34.348    0.00 8.8404     0.00    0.00    0.00    0.00    0.00
OF168.0  -34.313    0.00 8.8404     0.00    0.00    0.00    0.00    0.00
OF170.0  -34.277    0.00 8.8403     0.00    0.00    0.00    0.00    0.00
OF172.0  -34.253    0.00 8.8403     0.00    0.00    0.00    0.00    0.00
OF174.0  -34.239    0.00 8.8403     0.00    0.00    0.00    0.00    0.00
OF176.0  -34.224    0.00 8.8402     0.00    0.00    0.00    0.00    0.00
OF178.0  -34.210    0.00 8.8402     0.00    0.00    0.00    0.00    0.00
OF180.0  -34.195    0.00 8.8402     0.00    0.00    0.00    0.00    0.00
OF182.0  -34.181    0.00 8.8401     0.00    0.00    0.00    0.00    0.00
OF184.0  -34.167    0.00 8.8401     0.00    0.00    0.00    0.00    0.00
OF186.0  -34.152    0.00 8.8401     0.00    0.00    0.00    0.00    0.00
OF188.0  -34.138    0.00 8.84       0.00    0.00    0.00    0.00    0.00
OF190.0  -34.123    0.00 8.84       0.00    0.00    0.00    0.00    0.00
OF192.0  -34.109    0.00 8.84       0.00    0.00    0.00    0.00    0.00
OF194.0  -34.094    0.00 8.84       0.00    0.00    0.00    0.00    0.00
OF196.0  -34.080    0.00 8.8399     0.00    0.00    0.00    0.00    0.00
OF198.0  -34.065    0.00 8.8399     0.00    0.00    0.00    0.00    0.00
OF200.0  -34.051    0.00 8.8399     0.00    0.00    0.00    0.00    0.00
OF202.0  -34.037    0.00 8.8398     0.00    0.00    0.00    0.00    0.00
OF204.0  -34.022    0.00 8.8398     0.00    0.00    0.00    0.00    0.00
OF206.0  -34.008    0.00 8.8398     0.00    0.00    0.00    0.00    0.00
OF208.0  -33.993    0.00 8.8397     0.00    0.00    0.00    0.00    0.00
OF210.0  -33.979    0.00 8.8397     0.00    0.00    0.00    0.00    0.00
OF212.0  -33.964    0.00 8.8397     0.00    0.00    0.00    0.00    0.00
OF214.0  -33.950    0.00 8.8396     0.00    0.00    0.00    0.00    0.00
OF216.0  -33.936    0.00 8.8396     0.00    0.00    0.00    0.00    0.00
OF218.0  -33.921    0.00 8.8395     0.00    0.00    0.00    0.00    0.00
OF220.0  -33.907    0.00 8.8395     0.00    0.00    0.00    0.00    0.00
OF222.0  -33.892    0.00 8.8394     0.00    0.00    0.00    0.00    0.00
OF224.0  -33.878    0.00 8.8394     0.00    0.00    0.00    0.00    0.00
OF226.0  -33.863    0.00 8.8393     0.00    0.00    0.00    0.00    0.00
OF228.0  -33.849    0.00 8.8393     0.00    0.00    0.00    0.00    0.00
OF230.0  -33.834    0.00 8.8392     0.00    0.00    0.00    0.00    0.00
OF232.0  -33.820    0.00 8.8392     0.00    0.00    0.00    0.00    0.00
OF234.0  -33.806    0.00 8.8391     0.00    0.00    0.00    0.00    0.00
OF236.0  -33.791    0.00 8.8391     0.00    0.00    0.00    0.00    0.00
OF238.0  -33.777    0.00 8.839      0.00    0.00    0.00    0.00    0.00
OF240.0  -33.762    0.00 8.8389     0.00    0.00    0.00    0.00    0.00
OF242.0  -33.748    0.00 8.8389     0.00    0.00    0.00    0.00    0.00
OF244.0  -33.733    0.00 8.8388     0.00    0.00    0.00    0.00    0.00
OF246.0  -33.719    0.00 8.8388     0.00    0.00    0.00    0.00    0.00
OF248.0  -33.704    0.00 8.8387     0.00    0.00    0.00    0.00    0.00
OF250.0  -33.690    0.00 8.8387     0.00    0.00    0.00    0.00    0.00
OF252.0  -33.676    0.00 8.8386     0.00    0.00    0.00    0.00    0.00
OF254.0  -33.661    0.00 8.8386     0.00    0.00    0.00    0.00    0.00
OF256.0  -33.647    0.00 8.8385     0.00    0.00    0.00    0.00    0.00
OF258.0  -33.559    0.00 8.8385     0.00    0.00    0.00    0.00    0.00
OF260.0  -33.339    0.00 8.8384     0.00    0.00    0.00    0.00    0.00
OF262.0  -33.118    0.00 8.8384     0.00    0.00    0.00    0.00    0.00
OF264.0  -32.897    0.00 8.8383     0.00    0.00    0.00    0.00    0.00
OF266.0  -32.677    0.00 8.8383     0.00    0.00    0.00    0.00    0.00
OF268.0  -32.456    0.00 8.8382     0.00    0.00    0.00    0.00    0.00
OF270.0  -32.235    0.00 8.8382     0.00    0.00    0.00    0.00    0.00
OF272.0  -32.015    0.00 8.8381     0.00    0.00    0.00    0.00    0.00
OF274.0  -31.794    0.00 8.8381     0.00    0.00    0.00    0.00    0.00
OF276.0  -31.573    0.00 8.838      0.00    0.00    0.00    0.00    0.00
OF278.0  -31.353    0.00 8.838      0.00    0.00    0.00    0.00    0.00
OF280.0  -31.132    0.00 8.8379     0.00    0.00    0.00    0.00    0.00
OF282.0  -30.911    0.00 8.8379     0.00    0.00    0.00    0.00    0.00
OF284.0  -30.691    0.00 8.8378     0.00    0.00    0.00    0.00    0.00
OF286.0  -30.470    0.00 8.8378     0.00    0.00    0.00    0.00    0.00
OF288.0  -30.249    0.00 8.8377     0.00    0.00    0.00    0.00    0.00
OF290.0  -30.029    0.00 8.8377     0.00    0.00    0.00    0.00    0.00
OF292.0  -29.808    0.00 8.8376     0.00    0.00    0.00    0.00    0.00
OF294.0  -29.587    0.00 8.8375     0.00    0.00    0.00    0.00    0.00
OF296.0  -29.367    0.00 8.8375     0.00    0.00    0.00    0.00    0.00
OF298.0  -29.146    0.00 8.8374     0.00    0.00    0.00    0.00    0.00
OF300.0  -28.925    0.00 8.8374     0.00    0.00    0.00    0.00    0.00
OF302.0  -28.705    0.00 8.8373     0.00    0.00    0.00    0.00    0.00
OF304.0  -28.484    0.00 8.8372     0.00    0.00    0.00    0.00    0.00
OF306.0  -28.263    0.00 8.8372     0.00    0.00    0.00    0.00    0.00
OF308.0  -28.043    0.00 8.8371     0.00    0.00    0.00    0.00    0.00
OF310.0  -27.822    0.00 8.837      0.00    0.00    0.00    0.00    0.00
OF312.0  -27.601    0.00 8.837      0.00    0.00    0.00    0.00    0.00
OF314.0  -27.381    0.00 8.8369     0.00    0.00    0.00    0.00    0.00
OF316.0  -27.160    0.00 8.8369     0.00    0.00    0.00    0.00    0.00
OF318.0  -26.939    0.00 8.8368     0.00    0.00    0.00    0.00    0.00
OF320.0  -26.719    0.00 8.8367     0.00    0.00    0.00    0.00    0.00
OF322.0  -26.658    0.00 8.8367     0.00    0.00    0.00    0.00    0.00
OF324.0  -26.756    0.00 8.8366     0.00    0.00    0.00    0.00    0.00
OF326.0  -26.853    0.00 8.8366     0.00    0.00    0.00    0.00    0.00
OF328.0  -26.950    0.00 8.8365     0.00    0.00    0.00    0.00    0.00
OF330.0  -27.048    0.00 8.8364     0.00    0.00    0.00    0.00    0.00
OF332.0  -27.145    0.00 8.8364     0.00    0.00    0.00    0.00    0.00
OF334.0  -27.243    0.00 8.8363     0.00    0.00    0.00    0.00    0.00
OF336.0  -27.340    0.00 8.8362     0.00    0.00    0.00    0.00    0.00
OF338.0  -27.437    0.00 8.8361     0.00    0.00    0.00    0.00    0.00
OF340.0  -27.535    0.00 8.836      0.00    0.00    0.00    0.00    0.00
OF342.0  -27.632    0.00 8.8359     0.00    0.00    0.00    0.00    0.00
OF344.0  -27.730    0.00 8.8358     0.00    0.00    0.00    0.00    0.00
OF346.0  -27.827    0.00 8.8356     0.00    0.00    0.00    0.00    0.00
OF348.0  -27.924    0.00 8.8355     0.00    0.00    0.00    0.00    0.00
OF350.0  -28.022    0.00 8.8354     0.00    0.00    0.00    0.00    0.00
OF352.0  -28.119    0.00 8.8353     0.00    0.00    0.00    0.00    0.00
OF354.0  -27.906    0.00 8.8352     0.00    0.00    0.00    0.00    0.00
OF356.0  -27.381    0.00 8.8351     0.00    0.00    0.00    0.00    0.00
OF358.0  -26.856    0.00 8.835      0.00    0.00    0.00    0.00    0.00
OF360.0  -26.331    0.00 8.8348     0.00    0.00    0.00    0.00    0.00
OF362.0  -25.807    0.00 8.8347     0.00    0.00    0.00    0.00    0.00
OF364.0  -25.282    0.00 8.8346     0.00    0.00    0.00    0.00    0.00
OF366.0  -24.757    0.00 8.8345     0.00    0.00    0.00    0.00    0.00
OF368.0  -24.232    0.00 8.8344     0.00    0.00    0.00    0.00    0.00
OF370.0  -23.707    0.00 8.8343     0.00    0.00    0.00    0.00    0.00
OF372.0  -23.182    0.00 8.8341     0.00    0.00    0.00    0.00    0.00
OF374.0  -22.657    0.00 8.834      0.00    0.00    0.00    0.00    0.00
OF376.0  -22.132    0.00 8.8339     0.00    0.00    0.00    0.00    0.00
OF378.0  -21.607    0.00 8.8338     0.00    0.00    0.00    0.00    0.00
OF380.0  -21.082    0.00 8.8337     0.00    0.00    0.00    0.00    0.00
OF382.0  -20.558    0.00 8.8336     0.00    0.00    0.00    0.00    0.00
OF384.0  -20.033    0.00 8.8335     0.00    0.00    0.00    0.00    0.00
OF386.0  -19.508    0.00 8.8333     0.00    0.00    0.00    0.00    0.00
OF388.0  -18.983    0.00 8.8332     0.00    0.00    0.00    0.00    0.00
OF390.0  -18.458    0.00 8.8331     0.00    0.00    0.00    0.00    0.00
OF392.0  -17.933    0.00 8.833      0.00    0.00    0.00    0.00    0.00
OF394.0  -17.408    0.00 8.8329     0.00    0.00    0.00    0.00    0.00
OF396.0  -16.883    0.00 8.8328     0.00    0.00    0.00    0.00    0.00
OF398.0  -16.358    0.00 8.8335     0.00    0.00    0.00    0.00    0.00
OF400.0  -15.833    0.00 8.8349     0.00    0.00    0.00    0.00    0.00
OF402.0  -15.309    0.00 8.8363     0.00    0.00    0.00    0.00    0.00
OF404.0  -14.784    0.00 8.8377     0.00    0.00    0.00    0.00    0.00
OF406.0  -14.259    0.00 8.8391     0.00    0.00    0.00    0.00    0.00
OF408.0  -5.0513    0.00 8.8406     0.00    0.00    0.00    0.00    0.00
OF410.0  -4.9544    0.00 8.842      0.00    0.00    0.00    0.00    0.00
OF412.0  -5.012     0.00 8.8431     0.00    0.00    0.00    0.00    0.00
OF414.0  -4.9898    0.00 8.8438     0.00    0.00    0.00    0.00    0.00
OF416.0  -4.9075    0.00 8.8445     0.00    0.00    0.00    0.00    0.00
OF418.0  -4.9125    0.00 8.8453     0.00    0.00    0.00    0.00    0.00
OF420.0  -4.935     0.00 8.846      0.00    0.00    0.00    0.00    0.00
OF422.0  -4.9574    0.00 8.8467     0.00    0.00    0.00    0.00    0.00
OF424.0  -4.9745    0.00 8.8474     0.00    0.00    0.00    0.00    0.00
OF426.0  -4.9402    0.00 8.8481     0.00    0.00    0.00    0.00    0.00
OF428.0  -4.9621    0.00 8.8488     0.00    0.00    0.00    0.00    0.00
OF430.0  -4.9225    0.00 8.8495     0.00    0.00    0.00    0.00    0.00
OF432.0  -4.8495    0.00 8.8503     0.00    0.00    0.00    0.00    0.00
OF434.0  -4.8631    0.00 8.851      0.00    0.00    0.00    0.00    0.00
OF436.0  -5.0858    0.00 8.8517     0.00    0.00    0.00    0.00    0.00
OF438.0  -5.275     0.00 8.8524     0.00    0.00    0.00    0.00    0.00
OF440.0  -5.1461    0.00 8.8531     0.00    0.00    0.00    0.00    0.00
OF442.0  -5.0005    0.00 8.8538     0.00    0.00    0.00    0.00    0.00
OF444.0  -4.897     0.00 8.8545     0.00    0.00    0.00    0.00    0.00
OF446.0  -4.9266    0.00 8.8553     0.00    0.00    0.00    0.00    0.00
OF448.0  -4.9562    0.00 8.856      0.00    0.00    0.00    0.00    0.00
OF449.5  -4.9667    0.00 8.856      0.00    0.00    0.00    0.00    0.00
OF452.8  -4.9772    0.00 8.8697     0.00    0.00    0.00    0.00    0.00
OF456.0  -5.038     0.00 8.8845     0.00    0.00    0.00    0.00    0.00
OF459.3  -5.1202    0.00 8.899      0.00    0.00    0.00    0.00    0.00
OF462.6  -5.2548    0.00 8.913      0.00    0.00    0.00    0.00    0.00
OF465.9  -5.4843    0.00 8.9274     0.00    0.00    0.00    0.00    0.00
OF469.2  -5.4698    0.00 8.9351     0.00    0.00    0.00    0.00    0.00
OF472.4  -4.7539    0.00 8.9303     0.00    0.00    0.00    0.00    0.00
OF475.7  -3.9669    0.00 8.9243     0.00    0.00    0.00    0.00    0.00
OF479.0  -3.425     0.00 8.9258     0.00    0.00    0.00    0.00    0.00
OF482.3  -3.225     0.00 8.9371     0.00    0.00    0.00    0.00    0.00
OF485.6  -2.7942    0.00 8.943      0.00    0.00    0.00    0.00    0.00
OF488.8  -2.1639    0.00 8.9451     0.00    0.00    0.00    0.00    0.00
OF492.1  -1.4861    0.00 8.9484     0.00    0.00    0.00    0.00    0.00
OF495.4  -0.8480    0.00 8.9605     0.00    0.00    0.00    0.00    0.00
OF498.7  -0.2889    0.00 8.9838     0.00    0.00    0.00    0.00    0.00
IF502.0  0.27389    0.00 9.0112     0.00    0.00    0.00    0.00    0.00
IF505.2  0.37704    0.00 9.0596     0.00    0.00    0.00    0.00    0.00
IF508.5  0.55092    0.00 9.1012     0.00    0.00    0.00    0.00    0.00
IF511.8  0.69073    0.00 9.1417     0.00    0.00    0.00    0.00    0.00
IF515.1  0.82447    0.00 9.182      0.00    0.00    0.00    0.00    0.00
IF518.4  1.3205     0.00 9.2095     0.00    0.00    0.00    0.00    0.00
IF521.7  2.0108     0.00 9.2314     0.00    0.00    0.00    0.00    0.00
IF524.9  2.7829     0.00 9.2515     0.00    0.00    0.00    0.00    0.00
IF528.2  3.3894     0.00 9.2814     0.00    0.00    0.00    0.00    0.00
IF531.5  3.9053     0.00 9.3239     0.00    0.00    0.00    0.00    0.00
IF534.8  4.8762     0.00 9.4414     0.00    0.00    0.00    0.00    0.00
IF538.1  6.5974     0.00 9.8891     0.00    0.00    0.00    0.00    0.00
IF541.3  8.8752     0.00 10.5027    0.00    0.00    0.00    0.00    0.00
IF543.7  10.5027    0.00 10.5027    0.00    0.00    0.00    0.00    0.00
PS START(424930.372,4848051.7501)
PS END(424869.1194,4848240.7419)
ET
 
 
 
