header
IE0.0    -24.08        1       1 8.804   8.9777  10.4458   56.14   56.14
OF2.0    -23.989    0.00 8.804      0.00    0.00    0.00    0.00    0.00
OF4.0    -23.898    0.00 8.804      0.00    0.00    0.00    0.00    0.00
OF6.0    -23.699    0.00 8.804      0.00    0.00    0.00    0.00    0.00
OF8.0    -23.463    0.00 8.804      0.00    0.00    0.00    0.00    0.00
OF10.0   -23.226    0.00 8.804      0.00    0.00    0.00    0.00    0.00
OF12.0   -22.990    0.00 8.804      0.00    0.00    0.00    0.00    0.00
OF14.0   -22.754    0.00 8.804      0.00    0.00    0.00    0.00    0.00
OF16.0   -22.518    0.00 8.804      0.00    0.00    0.00    0.00    0.00
OF18.0   -22.281    0.00 8.804      0.00    0.00    0.00    0.00    0.00
OF20.0   -22.045    0.00 8.804      0.00    0.00    0.00    0.00    0.00
OF22.0   -21.809    0.00 8.804      0.00    0.00    0.00    0.00    0.00
OF24.0   -21.573    0.00 8.804      0.00    0.00    0.00    0.00    0.00
OF26.0   -21.336    0.00 8.804      0.00    0.00    0.00    0.00    0.00
OF28.0   -21.100    0.00 8.804      0.00    0.00    0.00    0.00    0.00
OF30.0   -20.864    0.00 8.804      0.00    0.00    0.00    0.00    0.00
OF32.0   -20.628    0.00 8.804      0.00    0.00    0.00    0.00    0.00
OF34.0   -20.392    0.00 8.804      0.00    0.00    0.00    0.00    0.00
OF36.0   -20.155    0.00 8.804      0.00    0.00    0.00    0.00    0.00
OF38.0   -19.919    0.00 8.804      0.00    0.00    0.00    0.00    0.00
OF40.0   -19.683    0.00 8.804      0.00    0.00    0.00    0.00    0.00
OF42.0   -19.447    0.00 8.804      0.00    0.00    0.00    0.00    0.00
OF44.0   -19.210    0.00 8.804      0.00    0.00    0.00    0.00    0.00
OF46.0   -18.974    0.00 8.804      0.00    0.00    0.00    0.00    0.00
OF48.0   -18.738    0.00 8.804      0.00    0.00    0.00    0.00    0.00
OF50.0   -18.502    0.00 8.804      0.00    0.00    0.00    0.00    0.00
OF52.0   -18.265    0.00 8.804      0.00    0.00    0.00    0.00    0.00
OF54.0   -18.029    0.00 8.804      0.00    0.00    0.00    0.00    0.00
OF56.0   -17.793    0.00 8.804      0.00    0.00    0.00    0.00    0.00
OF58.0   -17.557    0.00 8.804      0.00    0.00    0.00    0.00    0.00
OF60.0   -17.320    0.00 8.804      0.00    0.00    0.00    0.00    0.00
OF62.0   -17.084    0.00 8.804      0.00    0.00    0.00    0.00    0.00
OF64.0   -16.848    0.00 8.804      0.00    0.00    0.00    0.00    0.00
OF66.0   -16.635    0.00 8.804      0.00    0.00    0.00    0.00    0.00
OF68.0   -16.44     0.00 8.804      0.00    0.00    0.00    0.00    0.00
OF70.0   -16.244    0.00 8.804      0.00    0.00    0.00    0.00    0.00
OF72.0   -16.048    0.00 8.804      0.00    0.00    0.00    0.00    0.00
OF74.0   -15.852    0.00 8.804      0.00    0.00    0.00    0.00    0.00
OF76.0   -15.657    0.00 8.804      0.00    0.00    0.00    0.00    0.00
OF78.0   -15.568    0.00 8.804      0.00    0.00    0.00    0.00    0.00
OF80.0   -15.479    0.00 8.804      0.00    0.00    0.00    0.00    0.00
OF82.0   -15.39     0.00 8.804      0.00    0.00    0.00    0.00    0.00
OF84.0   -15.300    0.00 8.804      0.00    0.00    0.00    0.00    0.00
OF86.0   -15.211    0.00 8.804      0.00    0.00    0.00    0.00    0.00
OF88.0   -15.122    0.00 8.804      0.00    0.00    0.00    0.00    0.00
OF90.0   -15.033    0.00 8.804      0.00    0.00    0.00    0.00    0.00
OF92.0   -14.943    0.00 8.804      0.00    0.00    0.00    0.00    0.00
OF94.0   -14.854    0.00 8.804      0.00    0.00    0.00    0.00    0.00
OF96.0   -14.765    0.00 8.804      0.00    0.00    0.00    0.00    0.00
OF98.0   -14.676    0.00 8.804      0.00    0.00    0.00    0.00    0.00
OF100.0  -14.586    0.00 8.804      0.00    0.00    0.00    0.00    0.00
OF102.0  -14.497    0.00 8.804      0.00    0.00    0.00    0.00    0.00
OF104.0  -14.408    0.00 8.804      0.00    0.00    0.00    0.00    0.00
OF106.0  -14.318    0.00 8.804      0.00    0.00    0.00    0.00    0.00
OF108.0  -14.229    0.00 8.804      0.00    0.00    0.00    0.00    0.00
OF110.0  -14.140    0.00 8.804      0.00    0.00    0.00    0.00    0.00
OF112.0  -14.051    0.00 8.804      0.00    0.00    0.00    0.00    0.00
OF114.0  -4.9812    0.00 8.804      0.00    0.00    0.00    0.00    0.00
OF116.0  -4.9498    0.00 8.804      0.00    0.00    0.00    0.00    0.00
OF118.0  -4.9205    0.00 8.804      0.00    0.00    0.00    0.00    0.00
OF120.0  -4.9278    0.00 8.804      0.00    0.00    0.00    0.00    0.00
OF122.0  -4.9897    0.00 8.804      0.00    0.00    0.00    0.00    0.00
OF124.0  -5.0248    0.00 8.804      0.00    0.00    0.00    0.00    0.00
OF126.0  -5.0599    0.00 8.804      0.00    0.00    0.00    0.00    0.00
OF128.0  -5.0356    0.00 8.804      0.00    0.00    0.00    0.00    0.00
OF130.0  -4.9924    0.00 8.804      0.00    0.00    0.00    0.00    0.00
OF132.0  -4.9455    0.00 8.804      0.00    0.00    0.00    0.00    0.00
OF134.0  -4.984     0.00 8.804      0.00    0.00    0.00    0.00    0.00
OF136.0  -4.9861    0.00 8.804      0.00    0.00    0.00    0.00    0.00
OF138.0  -5.0535    0.00 8.8039     0.00    0.00    0.00    0.00    0.00
OF140.0  -5.0014    0.00 8.8039     0.00    0.00    0.00    0.00    0.00
OF142.0  -4.977     0.00 8.8039     0.00    0.00    0.00    0.00    0.00
OF144.0  -4.8337    0.00 8.8039     0.00    0.00    0.00    0.00    0.00
OF146.0  -4.7811    0.00 8.8039     0.00    0.00    0.00    0.00    0.00
OF148.0  -4.7195    0.00 8.8039     0.00    0.00    0.00    0.00    0.00
OF150.0  -4.6655    0.00 8.8039     0.00    0.00    0.00    0.00    0.00
OF152.0  -4.694     0.00 8.8039     0.00    0.00    0.00    0.00    0.00
OF154.0  -4.7482    0.00 8.8039     0.00    0.00    0.00    0.00    0.00
OF156.0  -4.7432    0.00 8.8039     0.00    0.00    0.00    0.00    0.00
OF158.0  -4.7591    0.00 8.8039     0.00    0.00    0.00    0.00    0.00
OF160.0  -4.7976    0.00 8.8039     0.00    0.00    0.00    0.00    0.00
OF162.0  -4.836     0.00 8.8039     0.00    0.00    0.00    0.00    0.00
OF164.0  -4.8744    0.00 8.8038     0.00    0.00    0.00    0.00    0.00
OF166.0  -4.9128    0.00 8.8038     0.00    0.00    0.00    0.00    0.00
OF168.0  -4.9308    0.00 8.8038     0.00    0.00    0.00    0.00    0.00
OF170.0  -4.94      0.00 8.8038     0.00    0.00    0.00    0.00    0.00
OF172.0  -4.9493    0.00 8.8038     0.00    0.00    0.00    0.00    0.00
OF174.0  -4.9585    0.00 8.8038     0.00    0.00    0.00    0.00    0.00
OF176.0  -4.9678    0.00 8.8038     0.00    0.00    0.00    0.00    0.00
OF178.0  -4.9761    0.00 8.8038     0.00    0.00    0.00    0.00    0.00
OF180.0  -5.0035    0.00 8.8038     0.00    0.00    0.00    0.00    0.00
OF182.0  -5.0309    0.00 8.8037     0.00    0.00    0.00    0.00    0.00
OF184.0  -5.0583    0.00 8.8037     0.00    0.00    0.00    0.00    0.00
OF186.0  -5.0857    0.00 8.8037     0.00    0.00    0.00    0.00    0.00
OF188.0  -5.1131    0.00 8.8037     0.00    0.00    0.00    0.00    0.00
OF190.0  -5.131     0.00 8.8037     0.00    0.00    0.00    0.00    0.00
OF192.0  -5.1414    0.00 8.8037     0.00    0.00    0.00    0.00    0.00
OF194.0  -5.0984    0.00 8.8036     0.00    0.00    0.00    0.00    0.00
OF196.0  -5.0628    0.00 8.8036     0.00    0.00    0.00    0.00    0.00
OF198.0  -5.0272    0.00 8.8036     0.00    0.00    0.00    0.00    0.00
OF200.0  -4.9791    0.00 8.8036     0.00    0.00    0.00    0.00    0.00
OF202.0  -4.92      0.00 8.8036     0.00    0.00    0.00    0.00    0.00
OF204.0  -4.8609    0.00 8.8036     0.00    0.00    0.00    0.00    0.00
OF206.0  -4.8018    0.00 8.8035     0.00    0.00    0.00    0.00    0.00
OF208.0  -4.8877    0.00 8.8035     0.00    0.00    0.00    0.00    0.00
OF210.0  -4.9884    0.00 8.8035     0.00    0.00    0.00    0.00    0.00
OF212.0  -4.9179    0.00 8.8035     0.00    0.00    0.00    0.00    0.00
OF214.0  -4.7687    0.00 8.8035     0.00    0.00    0.00    0.00    0.00
OF216.0  -4.6195    0.00 8.8035     0.00    0.00    0.00    0.00    0.00
OF218.0  -4.5322    0.00 8.8035     0.00    0.00    0.00    0.00    0.00
OF220.0  -4.6454    0.00 8.8034     0.00    0.00    0.00    0.00    0.00
OF222.0  -4.7771    0.00 8.8034     0.00    0.00    0.00    0.00    0.00
OF224.0  -4.834     0.00 8.8034     0.00    0.00    0.00    0.00    0.00
OF226.0  -5.1093    0.00 8.8034     0.00    0.00    0.00    0.00    0.00
OF228.0  -5.2584    0.00 8.8034     0.00    0.00    0.00    0.00    0.00
OF230.0  -5.2479    0.00 8.8034     0.00    0.00    0.00    0.00    0.00
OF232.0  -5.1751    0.00 8.8033     0.00    0.00    0.00    0.00    0.00
OF234.0  -5.1022    0.00 8.8033     0.00    0.00    0.00    0.00    0.00
OF236.0  -5.0293    0.00 8.8033     0.00    0.00    0.00    0.00    0.00
OF238.0  -5.0207    0.00 8.8033     0.00    0.00    0.00    0.00    0.00
OF240.0  -5.0598    0.00 8.8033     0.00    0.00    0.00    0.00    0.00
OF242.0  -5.0676    0.00 8.8033     0.00    0.00    0.00    0.00    0.00
OF244.0  -5.0895    0.00 8.8033     0.00    0.00    0.00    0.00    0.00
OF246.0  -5.0887    0.00 8.8032     0.00    0.00    0.00    0.00    0.00
OF248.0  -5.0818    0.00 8.8032     0.00    0.00    0.00    0.00    0.00
OF250.0  -5.0748    0.00 8.8032     0.00    0.00    0.00    0.00    0.00
OF252.0  -4.9679    0.00 8.8032     0.00    0.00    0.00    0.00    0.00
OF254.0  -4.8624    0.00 8.8032     0.00    0.00    0.00    0.00    0.00
OF256.0  -4.792     0.00 8.8032     0.00    0.00    0.00    0.00    0.00
OF258.0  -4.7216    0.00 8.8032     0.00    0.00    0.00    0.00    0.00
OF260.0  -4.6512    0.00 8.8031     0.00    0.00    0.00    0.00    0.00
OF262.0  -4.6678    0.00 8.8031     0.00    0.00    0.00    0.00    0.00
OF264.0  -4.7816    0.00 8.8031     0.00    0.00    0.00    0.00    0.00
OF266.0  -4.8954    0.00 8.8031     0.00    0.00    0.00    0.00    0.00
OF268.0  -5.0092    0.00 8.8031     0.00    0.00    0.00    0.00    0.00
OF270.0  -4.9838    0.00 8.8031     0.00    0.00    0.00    0.00    0.00
OF272.0  -4.9251    0.00 8.8031     0.00    0.00    0.00    0.00    0.00
OF274.0  -5.042     0.00 8.803      0.00    0.00    0.00    0.00    0.00
OF276.0  -5.0283    0.00 8.803      0.00    0.00    0.00    0.00    0.00
OF278.0  -5.0147    0.00 8.803      0.00    0.00    0.00    0.00    0.00
OF280.0  -5.001     0.00 8.803      0.00    0.00    0.00    0.00    0.00
OF282.0  -4.9466    0.00 8.803      0.00    0.00    0.00    0.00    0.00
OF284.0  -4.8847    0.00 8.803      0.00    0.00    0.00    0.00    0.00
OF286.0  -4.8659    0.00 8.803      0.00    0.00    0.00    0.00    0.00
OF288.0  -4.8715    0.00 8.8029     0.00    0.00    0.00    0.00    0.00
OF290.0  -4.8775    0.00 8.8029     0.00    0.00    0.00    0.00    0.00
OF292.0  -4.8836    0.00 8.803      0.00    0.00    0.00    0.00    0.00
OF294.0  -4.8896    0.00 8.803      0.00    0.00    0.00    0.00    0.00
OF296.0  -5.0271    0.00 8.8031     0.00    0.00    0.00    0.00    0.00
OF298.0  -4.9933    0.00 8.8032     0.00    0.00    0.00    0.00    0.00
OF300.0  -4.9788    0.00 8.8032     0.00    0.00    0.00    0.00    0.00
OF302.0  -4.9779    0.00 8.8033     0.00    0.00    0.00    0.00    0.00
OF304.0  -4.977     0.00 8.8034     0.00    0.00    0.00    0.00    0.00
OF306.0  -4.9794    0.00 8.8034     0.00    0.00    0.00    0.00    0.00
OF308.0  -4.9979    0.00 8.8035     0.00    0.00    0.00    0.00    0.00
OF310.0  -5.0164    0.00 8.8035     0.00    0.00    0.00    0.00    0.00
OF312.0  -5.0349    0.00 8.8036     0.00    0.00    0.00    0.00    0.00
OF314.0  -5.0534    0.00 8.8037     0.00    0.00    0.00    0.00    0.00
OF316.0  -5.0706    0.00 8.8037     0.00    0.00    0.00    0.00    0.00
OF318.0  -5.0336    0.00 8.8038     0.00    0.00    0.00    0.00    0.00
OF320.0  -4.9969    0.00 8.8039     0.00    0.00    0.00    0.00    0.00
OF322.0  -4.9731    0.00 8.8039     0.00    0.00    0.00    0.00    0.00
OF324.0  -4.9493    0.00 8.804      0.00    0.00    0.00    0.00    0.00
OF326.0  -4.9255    0.00 8.804      0.00    0.00    0.00    0.00    0.00
OF328.0  -4.9017    0.00 8.8041     0.00    0.00    0.00    0.00    0.00
OF330.0  -4.8779    0.00 8.8042     0.00    0.00    0.00    0.00    0.00
OF332.0  -4.8639    0.00 8.8042     0.00    0.00    0.00    0.00    0.00
OF334.0  -4.8613    0.00 8.8043     0.00    0.00    0.00    0.00    0.00
OF336.0  -4.8587    0.00 8.8043     0.00    0.00    0.00    0.00    0.00
OF338.0  -4.8561    0.00 8.8044     0.00    0.00    0.00    0.00    0.00
OF340.0  -4.8534    0.00 8.8045     0.00    0.00    0.00    0.00    0.00
OF342.0  -4.8509    0.00 8.8045     0.00    0.00    0.00    0.00    0.00
OF344.0  -4.8495    0.00 8.8046     0.00    0.00    0.00    0.00    0.00
OF346.0  -4.848     0.00 8.8047     0.00    0.00    0.00    0.00    0.00
OF348.0  -4.8444    0.00 8.8048     0.00    0.00    0.00    0.00    0.00
OF350.0  -4.8386    0.00 8.8048     0.00    0.00    0.00    0.00    0.00
OF352.0  -4.8388    0.00 8.8049     0.00    0.00    0.00    0.00    0.00
OF354.0  -4.726     0.00 8.805      0.00    0.00    0.00    0.00    0.00
OF356.0  -4.5826    0.00 8.8051     0.00    0.00    0.00    0.00    0.00
OF358.0  -4.3636    0.00 8.8052     0.00    0.00    0.00    0.00    0.00
OF360.0  -4.1816    0.00 8.8052     0.00    0.00    0.00    0.00    0.00
OF362.0  -4.0452    0.00 8.8053     0.00    0.00    0.00    0.00    0.00
OF364.0  -3.9276    0.00 8.8054     0.00    0.00    0.00    0.00    0.00
OF366.0  -3.6607    0.00 8.8055     0.00    0.00    0.00    0.00    0.00
OF368.0  -3.2594    0.00 8.8055     0.00    0.00    0.00    0.00    0.00
OF370.0  -3.043     0.00 8.8056     0.00    0.00    0.00    0.00    0.00
OF372.0  -2.8137    0.00 8.8057     0.00    0.00    0.00    0.00    0.00
OF374.0  -2.6174    0.00 8.8058     0.00    0.00    0.00    0.00    0.00
OF376.0  -2.5066    0.00 8.8058     0.00    0.00    0.00    0.00    0.00
OF378.0  -2.4043    0.00 8.8059     0.00    0.00    0.00    0.00    0.00
OF380.0  -1.9346    0.00 8.806      0.00    0.00    0.00    0.00    0.00
OF382.0  -1.5919    0.00 8.8061     0.00    0.00    0.00    0.00    0.00
OF384.0  -1.4236    0.00 8.8061     0.00    0.00    0.00    0.00    0.00
OF386.0  -1.2353    0.00 8.8062     0.00    0.00    0.00    0.00    0.00
OF388.0  -1.0081    0.00 8.8062     0.00    0.00    0.00    0.00    0.00
OF390.0  -0.7664    0.00 8.8062     0.00    0.00    0.00    0.00    0.00
OF392.0  -0.5117    0.00 8.8062     0.00    0.00    0.00    0.00    0.00
OF394.0  -0.2452    0.00 8.8062     0.00    0.00    0.00    0.00    0.00
IF396.0  0.0047     0.00 8.8062     0.00    0.00    0.00    0.00    0.00
IF398.0  0.2019     0.00 8.8062     0.00    0.00    0.00    0.00    0.00
IF400.0  0.4197     0.00 8.8062     0.00    0.00    0.00    0.00    0.00
IF402.0  0.6411     0.00 8.8062     0.00    0.00    0.00    0.00    0.00
IF404.0  0.845      0.00 8.8062     0.00    0.00    0.00    0.00    0.00
IF406.0  1.1227     0.00 8.8062     0.00    0.00    0.00    0.00    0.00
IF408.0  1.3168     0.00 8.8062     0.00    0.00    0.00    0.00    0.00
IF410.0  1.5317     0.00 8.8062     0.00    0.00    0.00    0.00    0.00
IF412.0  1.8909     0.00 8.8062     0.00    0.00    0.00    0.00    0.00
IF413.4  2.011      0.00 8.8063     0.00    0.00    0.00    0.00    0.00
IF416.7  2.3469     0.00 8.8194     0.00    0.00    0.00    0.00    0.00
IF419.9  2.9946     0.00 8.8264     0.00    0.00    0.00    0.00    0.00
IF423.2  3.2845     0.00 8.8507     0.00    0.00    0.00    0.00    0.00
IF426.5  3.3944     0.00 8.8784     0.00    0.00    0.00    0.00    0.00
IF429.8  3.6887     0.00 8.9025     0.00    0.00    0.00    0.00    0.00
IF433.1  4.2496     0.00 8.9234     0.00    0.00    0.00    0.00    0.00
IF436.4  4.7832     0.00 8.9507     0.00    0.00    0.00    0.00    0.00
IF439.6  5.0818     0.00 8.9898     0.00    0.00    0.00    0.00    0.00
IF442.9  5.6137     0.00 9.0208     0.00    0.00    0.00    0.00    0.00
IF446.2  6.2929     0.00 9.0481     0.00    0.00    0.00    0.00    0.00
IF449.5  7.251      0.00 9.2655     0.00    0.00    0.00    0.00    0.00
IF452.8  8.1924     0.00 9.5109     0.00    0.00    0.00    0.00    0.00
IF456.0  8.3928     0.00 9.6595     0.00    0.00    0.00    0.00    0.00
IF459.3  8.5605     0.00 9.677      0.00    0.00    0.00    0.00    0.00
IF462.0  9.0452     0.00 9.677      0.00    0.00    0.00    0.00    0.00
IF464.0  9.4034     0.00 9.677      0.00    0.00    0.00    0.00    0.00
IF466.0  9.6676     0.00 9.677      0.00    0.00    0.00    0.00    0.00
IF466.3  9.677      0.00 9.677      0.00    0.00    0.00    0.00    0.00
PS START(419662.1474,4842368.952)
PS END(419770.6124,4842545.4995)
ET
 
 
 
