header
IE0.0    -19.593       1       1 9.0068  6.2314  5         56.14   56.14
OF2.0    -19.556    0.00 9.0068     0.00    0.00    0.00    0.00    0.00
OF4.0    -19.518    0.00 9.0068     0.00    0.00    0.00    0.00    0.00
OF6.0    -19.481    0.00 9.0068     0.00    0.00    0.00    0.00    0.00
OF8.0    -19.441    0.00 9.0068     0.00    0.00    0.00    0.00    0.00
OF10.0   -19.399    0.00 9.0068     0.00    0.00    0.00    0.00    0.00
OF12.0   -19.357    0.00 9.0068     0.00    0.00    0.00    0.00    0.00
OF14.0   -19.314    0.00 9.0068     0.00    0.00    0.00    0.00    0.00
OF16.0   -19.272    0.00 9.0068     0.00    0.00    0.00    0.00    0.00
OF18.0   -19.230    0.00 9.0068     0.00    0.00    0.00    0.00    0.00
OF20.0   -19.188    0.00 9.0068     0.00    0.00    0.00    0.00    0.00
OF22.0   -19.145    0.00 9.0068     0.00    0.00    0.00    0.00    0.00
OF24.0   -19.103    0.00 9.0068     0.00    0.00    0.00    0.00    0.00
OF26.0   -19.061    0.00 9.0068     0.00    0.00    0.00    0.00    0.00
OF28.0   -19.018    0.00 9.0068     0.00    0.00    0.00    0.00    0.00
OF30.0   -18.976    0.00 9.0068     0.00    0.00    0.00    0.00    0.00
OF32.0   -18.934    0.00 9.0068     0.00    0.00    0.00    0.00    0.00
OF34.0   -18.891    0.00 9.0068     0.00    0.00    0.00    0.00    0.00
OF36.0   -18.849    0.00 9.0068     0.00    0.00    0.00    0.00    0.00
OF38.0   -18.807    0.00 9.0068     0.00    0.00    0.00    0.00    0.00
OF40.0   -18.764    0.00 9.0068     0.00    0.00    0.00    0.00    0.00
OF42.0   -18.722    0.00 9.0068     0.00    0.00    0.00    0.00    0.00
OF44.0   -18.680    0.00 9.0068     0.00    0.00    0.00    0.00    0.00
OF46.0   -18.638    0.00 9.0068     0.00    0.00    0.00    0.00    0.00
OF48.0   -18.595    0.00 9.0068     0.00    0.00    0.00    0.00    0.00
OF50.0   -18.553    0.00 9.0068     0.00    0.00    0.00    0.00    0.00
OF52.0   -18.511    0.00 9.0068     0.00    0.00    0.00    0.00    0.00
OF54.0   -18.468    0.00 9.0068     0.00    0.00    0.00    0.00    0.00
OF56.0   -18.426    0.00 9.0068     0.00    0.00    0.00    0.00    0.00
OF58.0   -18.384    0.00 9.0068     0.00    0.00    0.00    0.00    0.00
OF60.0   -18.341    0.00 9.0068     0.00    0.00    0.00    0.00    0.00
OF62.0   -18.299    0.00 9.0068     0.00    0.00    0.00    0.00    0.00
OF64.0   -18.257    0.00 9.0068     0.00    0.00    0.00    0.00    0.00
OF66.0   -18.214    0.00 9.0068     0.00    0.00    0.00    0.00    0.00
OF68.0   -18.172    0.00 9.0068     0.00    0.00    0.00    0.00    0.00
OF70.0   -18.130    0.00 9.0068     0.00    0.00    0.00    0.00    0.00
OF72.0   -18.087    0.00 9.0068     0.00    0.00    0.00    0.00    0.00
OF74.0   -18.045    0.00 9.0068     0.00    0.00    0.00    0.00    0.00
OF76.0   -18.003    0.00 9.0068     0.00    0.00    0.00    0.00    0.00
OF78.0   -17.961    0.00 9.0068     0.00    0.00    0.00    0.00    0.00
OF80.0   -17.918    0.00 9.0068     0.00    0.00    0.00    0.00    0.00
OF82.0   -17.876    0.00 9.0068     0.00    0.00    0.00    0.00    0.00
OF84.0   -17.834    0.00 9.0068     0.00    0.00    0.00    0.00    0.00
OF86.0   -17.791    0.00 9.0068     0.00    0.00    0.00    0.00    0.00
OF88.0   -17.749    0.00 9.0068     0.00    0.00    0.00    0.00    0.00
OF90.0   -17.707    0.00 9.0068     0.00    0.00    0.00    0.00    0.00
OF92.0   -17.664    0.00 9.0068     0.00    0.00    0.00    0.00    0.00
OF94.0   -17.622    0.00 9.0068     0.00    0.00    0.00    0.00    0.00
OF96.0   -17.580    0.00 9.0068     0.00    0.00    0.00    0.00    0.00
OF98.0   -17.537    0.00 9.0068     0.00    0.00    0.00    0.00    0.00
OF100.0  -17.495    0.00 9.0069     0.00    0.00    0.00    0.00    0.00
OF102.0  -17.453    0.00 9.0069     0.00    0.00    0.00    0.00    0.00
OF104.0  -17.411    0.00 9.0069     0.00    0.00    0.00    0.00    0.00
OF106.0  -17.368    0.00 9.0069     0.00    0.00    0.00    0.00    0.00
OF108.0  -17.326    0.00 9.0069     0.00    0.00    0.00    0.00    0.00
OF110.0  -17.284    0.00 9.007      0.00    0.00    0.00    0.00    0.00
OF112.0  -17.241    0.00 9.007      0.00    0.00    0.00    0.00    0.00
OF114.0  -17.199    0.00 9.007      0.00    0.00    0.00    0.00    0.00
OF116.0  -17.157    0.00 9.007      0.00    0.00    0.00    0.00    0.00
OF118.0  -17.114    0.00 9.007      0.00    0.00    0.00    0.00    0.00
OF120.0  -17.072    0.00 9.0071     0.00    0.00    0.00    0.00    0.00
OF122.0  -17.030    0.00 9.0071     0.00    0.00    0.00    0.00    0.00
OF124.0  -16.987    0.00 9.0071     0.00    0.00    0.00    0.00    0.00
OF126.0  -16.945    0.00 9.0071     0.00    0.00    0.00    0.00    0.00
OF128.0  -16.903    0.00 9.0071     0.00    0.00    0.00    0.00    0.00
OF130.0  -16.861    0.00 9.0072     0.00    0.00    0.00    0.00    0.00
OF132.0  -16.818    0.00 9.0072     0.00    0.00    0.00    0.00    0.00
OF134.0  -16.776    0.00 9.0072     0.00    0.00    0.00    0.00    0.00
OF136.0  -16.734    0.00 9.0071     0.00    0.00    0.00    0.00    0.00
OF138.0  -16.691    0.00 9.0071     0.00    0.00    0.00    0.00    0.00
OF140.0  -16.649    0.00 9.0071     0.00    0.00    0.00    0.00    0.00
OF142.0  -16.607    0.00 9.007      0.00    0.00    0.00    0.00    0.00
OF144.0  -16.564    0.00 9.007      0.00    0.00    0.00    0.00    0.00
OF146.0  -16.522    0.00 9.007      0.00    0.00    0.00    0.00    0.00
OF148.0  -16.480    0.00 9.0069     0.00    0.00    0.00    0.00    0.00
OF150.0  -16.437    0.00 9.0069     0.00    0.00    0.00    0.00    0.00
OF152.0  -16.395    0.00 9.0069     0.00    0.00    0.00    0.00    0.00
OF154.0  -16.353    0.00 9.0068     0.00    0.00    0.00    0.00    0.00
OF156.0  -16.310    0.00 9.0068     0.00    0.00    0.00    0.00    0.00
OF158.0  -16.268    0.00 9.0069     0.00    0.00    0.00    0.00    0.00
OF160.0  -16.225    0.00 9.0069     0.00    0.00    0.00    0.00    0.00
OF162.0  -16.181    0.00 9.0069     0.00    0.00    0.00    0.00    0.00
OF164.0  -16.137    0.00 9.007      0.00    0.00    0.00    0.00    0.00
OF166.0  -16.093    0.00 9.007      0.00    0.00    0.00    0.00    0.00
OF168.0  -16.048    0.00 9.007      0.00    0.00    0.00    0.00    0.00
OF170.0  -16.004    0.00 9.0071     0.00    0.00    0.00    0.00    0.00
OF172.0  -15.96     0.00 9.0071     0.00    0.00    0.00    0.00    0.00
OF174.0  -15.915    0.00 9.0071     0.00    0.00    0.00    0.00    0.00
OF176.0  -15.870    0.00 9.0072     0.00    0.00    0.00    0.00    0.00
OF178.0  -15.823    0.00 9.0072     0.00    0.00    0.00    0.00    0.00
OF180.0  -15.775    0.00 9.0072     0.00    0.00    0.00    0.00    0.00
OF182.0  -15.727    0.00 9.0073     0.00    0.00    0.00    0.00    0.00
OF184.0  -15.680    0.00 9.0073     0.00    0.00    0.00    0.00    0.00
OF186.0  -15.632    0.00 9.0073     0.00    0.00    0.00    0.00    0.00
OF188.0  -15.585    0.00 9.0074     0.00    0.00    0.00    0.00    0.00
OF190.0  -15.537    0.00 9.0074     0.00    0.00    0.00    0.00    0.00
OF192.0  -15.49     0.00 9.0074     0.00    0.00    0.00    0.00    0.00
OF194.0  -15.442    0.00 9.0075     0.00    0.00    0.00    0.00    0.00
OF196.0  -15.394    0.00 9.0075     0.00    0.00    0.00    0.00    0.00
OF198.0  -15.347    0.00 9.0075     0.00    0.00    0.00    0.00    0.00
OF200.0  -15.299    0.00 9.0076     0.00    0.00    0.00    0.00    0.00
OF202.0  -15.252    0.00 9.0076     0.00    0.00    0.00    0.00    0.00
OF204.0  -15.204    0.00 9.0076     0.00    0.00    0.00    0.00    0.00
OF206.0  -15.156    0.00 9.0076     0.00    0.00    0.00    0.00    0.00
OF208.0  -15.109    0.00 9.0077     0.00    0.00    0.00    0.00    0.00
OF210.0  -15.061    0.00 9.0077     0.00    0.00    0.00    0.00    0.00
OF212.0  -15.014    0.00 9.0077     0.00    0.00    0.00    0.00    0.00
OF214.0  -14.966    0.00 9.0078     0.00    0.00    0.00    0.00    0.00
OF216.0  -14.919    0.00 9.0078     0.00    0.00    0.00    0.00    0.00
OF218.0  -14.871    0.00 9.0078     0.00    0.00    0.00    0.00    0.00
OF220.0  -14.823    0.00 9.0079     0.00    0.00    0.00    0.00    0.00
OF222.0  -14.776    0.00 9.0079     0.00    0.00    0.00    0.00    0.00
OF224.0  -14.728    0.00 9.0079     0.00    0.00    0.00    0.00    0.00
OF226.0  -14.681    0.00 9.008      0.00    0.00    0.00    0.00    0.00
OF228.0  -14.633    0.00 9.008      0.00    0.00    0.00    0.00    0.00
OF230.0  -14.586    0.00 9.008      0.00    0.00    0.00    0.00    0.00
OF232.0  -14.538    0.00 9.0081     0.00    0.00    0.00    0.00    0.00
OF234.0  -14.490    0.00 9.0081     0.00    0.00    0.00    0.00    0.00
OF236.0  -14.443    0.00 9.0081     0.00    0.00    0.00    0.00    0.00
OF238.0  -14.395    0.00 9.0082     0.00    0.00    0.00    0.00    0.00
OF240.0  -14.348    0.00 9.0082     0.00    0.00    0.00    0.00    0.00
OF242.0  -14.300    0.00 9.0082     0.00    0.00    0.00    0.00    0.00
OF244.0  -14.252    0.00 9.0083     0.00    0.00    0.00    0.00    0.00
OF246.0  -14.205    0.00 9.0083     0.00    0.00    0.00    0.00    0.00
OF248.0  -5.6999    0.00 9.0083     0.00    0.00    0.00    0.00    0.00
OF250.0  -5.6781    0.00 9.0083     0.00    0.00    0.00    0.00    0.00
OF252.0  -5.6845    0.00 9.0084     0.00    0.00    0.00    0.00    0.00
OF254.0  -5.708     0.00 9.0084     0.00    0.00    0.00    0.00    0.00
OF256.0  -5.7316    0.00 9.0084     0.00    0.00    0.00    0.00    0.00
OF258.0  -5.7186    0.00 9.0084     0.00    0.00    0.00    0.00    0.00
OF260.0  -5.5857    0.00 9.0084     0.00    0.00    0.00    0.00    0.00
OF262.0  -5.3891    0.00 9.0084     0.00    0.00    0.00    0.00    0.00
OF264.0  -5.2179    0.00 9.0084     0.00    0.00    0.00    0.00    0.00
OF266.0  -5.2554    0.00 9.0084     0.00    0.00    0.00    0.00    0.00
OF268.0  -5.3103    0.00 9.0084     0.00    0.00    0.00    0.00    0.00
OF270.0  -5.3652    0.00 9.0084     0.00    0.00    0.00    0.00    0.00
OF272.0  -5.4201    0.00 9.0084     0.00    0.00    0.00    0.00    0.00
OF274.0  -5.4763    0.00 9.0085     0.00    0.00    0.00    0.00    0.00
OF276.0  -5.5182    0.00 9.0085     0.00    0.00    0.00    0.00    0.00
OF278.0  -5.503     0.00 9.0085     0.00    0.00    0.00    0.00    0.00
OF280.0  -5.4905    0.00 9.0085     0.00    0.00    0.00    0.00    0.00
OF282.0  -5.506     0.00 9.0085     0.00    0.00    0.00    0.00    0.00
OF284.0  -5.5155    0.00 9.0085     0.00    0.00    0.00    0.00    0.00
OF286.0  -5.5072    0.00 9.0085     0.00    0.00    0.00    0.00    0.00
OF288.0  -5.446     0.00 9.0085     0.00    0.00    0.00    0.00    0.00
OF290.0  -5.3944    0.00 9.0085     0.00    0.00    0.00    0.00    0.00
OF292.0  -5.4345    0.00 9.0085     0.00    0.00    0.00    0.00    0.00
OF294.0  -5.4746    0.00 9.0085     0.00    0.00    0.00    0.00    0.00
OF296.0  -5.5147    0.00 9.0085     0.00    0.00    0.00    0.00    0.00
OF298.0  -5.5548    0.00 9.0085     0.00    0.00    0.00    0.00    0.00
OF300.0  -5.5949    0.00 9.0085     0.00    0.00    0.00    0.00    0.00
OF302.0  -5.4995    0.00 9.0085     0.00    0.00    0.00    0.00    0.00
OF304.0  -5.3531    0.00 9.0086     0.00    0.00    0.00    0.00    0.00
OF306.0  -5.3469    0.00 9.0086     0.00    0.00    0.00    0.00    0.00
OF308.0  -5.3736    0.00 9.0086     0.00    0.00    0.00    0.00    0.00
OF310.0  -5.4002    0.00 9.0086     0.00    0.00    0.00    0.00    0.00
OF312.0  -5.4269    0.00 9.0086     0.00    0.00    0.00    0.00    0.00
OF314.0  -5.4535    0.00 9.0086     0.00    0.00    0.00    0.00    0.00
OF316.0  -5.4852    0.00 9.0086     0.00    0.00    0.00    0.00    0.00
OF318.0  -5.525     0.00 9.0086     0.00    0.00    0.00    0.00    0.00
OF320.0  -5.5647    0.00 9.0086     0.00    0.00    0.00    0.00    0.00
OF322.0  -5.6044    0.00 9.0086     0.00    0.00    0.00    0.00    0.00
OF324.0  -5.6442    0.00 9.0086     0.00    0.00    0.00    0.00    0.00
OF326.0  -5.6127    0.00 9.0086     0.00    0.00    0.00    0.00    0.00
OF328.0  -5.5477    0.00 9.0086     0.00    0.00    0.00    0.00    0.00
OF330.0  -5.5016    0.00 9.0086     0.00    0.00    0.00    0.00    0.00
OF332.0  -5.4699    0.00 9.0087     0.00    0.00    0.00    0.00    0.00
OF334.0  -5.5372    0.00 9.0087     0.00    0.00    0.00    0.00    0.00
OF336.0  -5.625     0.00 9.0087     0.00    0.00    0.00    0.00    0.00
OF338.0  -5.7128    0.00 9.0087     0.00    0.00    0.00    0.00    0.00
OF340.0  -5.6895    0.00 9.0087     0.00    0.00    0.00    0.00    0.00
OF342.0  -5.5935    0.00 9.0087     0.00    0.00    0.00    0.00    0.00
OF344.0  -5.4974    0.00 9.0087     0.00    0.00    0.00    0.00    0.00
OF346.0  -5.4014    0.00 9.0087     0.00    0.00    0.00    0.00    0.00
OF348.0  -5.4122    0.00 9.0087     0.00    0.00    0.00    0.00    0.00
OF350.0  -5.4281    0.00 9.0087     0.00    0.00    0.00    0.00    0.00
OF352.0  -5.4439    0.00 9.0087     0.00    0.00    0.00    0.00    0.00
OF354.0  -5.4102    0.00 9.0087     0.00    0.00    0.00    0.00    0.00
OF356.0  -5.3408    0.00 9.0087     0.00    0.00    0.00    0.00    0.00
OF358.0  -5.2714    0.00 9.0088     0.00    0.00    0.00    0.00    0.00
OF360.0  -5.202     0.00 9.0088     0.00    0.00    0.00    0.00    0.00
OF362.0  -5.1326    0.00 9.0088     0.00    0.00    0.00    0.00    0.00
OF364.0  -5.0632    0.00 9.0088     0.00    0.00    0.00    0.00    0.00
OF366.0  -4.9938    0.00 9.0088     0.00    0.00    0.00    0.00    0.00
OF368.0  -4.9244    0.00 9.0088     0.00    0.00    0.00    0.00    0.00
OF370.0  -4.855     0.00 9.0088     0.00    0.00    0.00    0.00    0.00
OF372.0  -4.7856    0.00 9.0088     0.00    0.00    0.00    0.00    0.00
OF374.0  -4.7162    0.00 9.0088     0.00    0.00    0.00    0.00    0.00
OF376.0  -4.6468    0.00 9.0088     0.00    0.00    0.00    0.00    0.00
OF378.0  -4.5774    0.00 9.0089     0.00    0.00    0.00    0.00    0.00
OF380.0  -4.508     0.00 9.0089     0.00    0.00    0.00    0.00    0.00
OF382.0  -4.4386    0.00 9.0089     0.00    0.00    0.00    0.00    0.00
OF384.0  -4.3692    0.00 9.0089     0.00    0.00    0.00    0.00    0.00
OF386.0  -4.2998    0.00 9.0089     0.00    0.00    0.00    0.00    0.00
OF388.0  -4.2304    0.00 9.0089     0.00    0.00    0.00    0.00    0.00
OF390.0  -4.161     0.00 9.0089     0.00    0.00    0.00    0.00    0.00
OF392.0  -4.0916    0.00 9.0089     0.00    0.00    0.00    0.00    0.00
OF394.0  -4.0222    0.00 9.0089     0.00    0.00    0.00    0.00    0.00
OF396.0  -3.9528    0.00 9.009      0.00    0.00    0.00    0.00    0.00
OF398.0  -3.8834    0.00 9.009      0.00    0.00    0.00    0.00    0.00
OF400.0  -3.814     0.00 9.009      0.00    0.00    0.00    0.00    0.00
OF402.0  -3.7446    0.00 9.009      0.00    0.00    0.00    0.00    0.00
OF404.0  -3.6752    0.00 9.009      0.00    0.00    0.00    0.00    0.00
OF406.0  -3.6058    0.00 9.009      0.00    0.00    0.00    0.00    0.00
OF408.0  -3.5364    0.00 9.009      0.00    0.00    0.00    0.00    0.00
OF410.0  -3.467     0.00 9.009      0.00    0.00    0.00    0.00    0.00
OF412.0  -3.5329    0.00 9.009      0.00    0.00    0.00    0.00    0.00
OF414.0  -3.6443    0.00 9.009      0.00    0.00    0.00    0.00    0.00
OF416.0  -3.7557    0.00 9.009      0.00    0.00    0.00    0.00    0.00
OF418.0  -3.8671    0.00 9.009      0.00    0.00    0.00    0.00    0.00
OF420.0  -3.9965    0.00 9.009      0.00    0.00    0.00    0.00    0.00
OF422.0  -4.1284    0.00 9.009      0.00    0.00    0.00    0.00    0.00
OF424.0  -4.2671    0.00 9.009      0.00    0.00    0.00    0.00    0.00
OF426.0  -4.4189    0.00 9.009      0.00    0.00    0.00    0.00    0.00
OF428.0  -4.5708    0.00 9.009      0.00    0.00    0.00    0.00    0.00
OF430.0  -4.6085    0.00 9.009      0.00    0.00    0.00    0.00    0.00
OF432.0  -4.4937    0.00 9.009      0.00    0.00    0.00    0.00    0.00
OF434.0  -4.4391    0.00 9.009      0.00    0.00    0.00    0.00    0.00
OF436.0  -4.336     0.00 9.009      0.00    0.00    0.00    0.00    0.00
OF438.0  -4.2329    0.00 9.009      0.00    0.00    0.00    0.00    0.00
OF440.0  -4.1298    0.00 9.009      0.00    0.00    0.00    0.00    0.00
OF442.0  -4.0267    0.00 9.009      0.00    0.00    0.00    0.00    0.00
OF444.0  -3.9236    0.00 9.009      0.00    0.00    0.00    0.00    0.00
OF446.0  -3.8205    0.00 9.009      0.00    0.00    0.00    0.00    0.00
OF448.0  -3.7174    0.00 9.009      0.00    0.00    0.00    0.00    0.00
OF450.0  -3.6364    0.00 9.009      0.00    0.00    0.00    0.00    0.00
OF452.0  -3.6594    0.00 9.009      0.00    0.00    0.00    0.00    0.00
OF454.0  -3.7462    0.00 9.009      0.00    0.00    0.00    0.00    0.00
OF456.0  -3.8214    0.00 9.009      0.00    0.00    0.00    0.00    0.00
OF458.0  -3.8991    0.00 9.009      0.00    0.00    0.00    0.00    0.00
OF460.0  -4.0037    0.00 9.009      0.00    0.00    0.00    0.00    0.00
OF462.0  -4.1082    0.00 9.009      0.00    0.00    0.00    0.00    0.00
OF464.0  -4.2127    0.00 9.009      0.00    0.00    0.00    0.00    0.00
OF466.0  -4.3173    0.00 9.009      0.00    0.00    0.00    0.00    0.00
OF468.0  -4.4218    0.00 9.009      0.00    0.00    0.00    0.00    0.00
OF470.0  -4.5263    0.00 9.009      0.00    0.00    0.00    0.00    0.00
OF472.0  -4.5221    0.00 9.009      0.00    0.00    0.00    0.00    0.00
OF474.0  -4.1901    0.00 9.009      0.00    0.00    0.00    0.00    0.00
OF476.0  -3.8582    0.00 9.009      0.00    0.00    0.00    0.00    0.00
OF478.0  -3.5262    0.00 9.009      0.00    0.00    0.00    0.00    0.00
OF480.0  -3.1943    0.00 9.009      0.00    0.00    0.00    0.00    0.00
OF482.0  -2.8623    0.00 9.009      0.00    0.00    0.00    0.00    0.00
OF484.0  -2.5304    0.00 9.009      0.00    0.00    0.00    0.00    0.00
OF486.0  -2.1984    0.00 9.009      0.00    0.00    0.00    0.00    0.00
OF488.0  -1.735     0.00 9.009      0.00    0.00    0.00    0.00    0.00
OF490.0  -1.428     0.00 9.009      0.00    0.00    0.00    0.00    0.00
OF492.0  -1.2985    0.00 9.009      0.00    0.00    0.00    0.00    0.00
OF494.0  -1.2232    0.00 9.009      0.00    0.00    0.00    0.00    0.00
OF496.0  -1.1479    0.00 9.009      0.00    0.00    0.00    0.00    0.00
OF498.0  -1.0726    0.00 9.009      0.00    0.00    0.00    0.00    0.00
OF500.0  -0.9973    0.00 9.009      0.00    0.00    0.00    0.00    0.00
OF502.0  -0.7567    0.00 9.009      0.00    0.00    0.00    0.00    0.00
OF504.0  -0.6133    0.00 9.009      0.00    0.00    0.00    0.00    0.00
OF506.0  -0.481     0.00 9.009      0.00    0.00    0.00    0.00    0.00
OF508.0  -0.3487    0.00 9.009      0.00    0.00    0.00    0.00    0.00
OF510.0  -0.2165    0.00 9.009      0.00    0.00    0.00    0.00    0.00
OF512.0  -0.0842    0.00 9.009      0.00    0.00    0.00    0.00    0.00
IF514.0  0.048      0.00 9.009      0.00    0.00    0.00    0.00    0.00
IF516.0  0.1803     0.00 9.009      0.00    0.00    0.00    0.00    0.00
IF518.0  0.3126     0.00 9.009      0.00    0.00    0.00    0.00    0.00
IF520.0  0.4448     0.00 9.009      0.00    0.00    0.00    0.00    0.00
IF522.0  0.5771     0.00 9.009      0.00    0.00    0.00    0.00    0.00
IF524.0  2.2813     0.00 9.009      0.00    0.00    0.00    0.00    0.00
IF526.0  2.7288     0.00 9.009      0.00    0.00    0.00    0.00    0.00
IF528.0  2.978      0.00 9.009      0.00    0.00    0.00    0.00    0.00
IF530.0  3.1452     0.00 9.009      0.00    0.00    0.00    0.00    0.00
IF532.0  3.2507     0.00 9.009      0.00    0.00    0.00    0.00    0.00
IF534.0  3.3562     0.00 9.009      0.00    0.00    0.00    0.00    0.00
IF536.0  3.4617     0.00 9.009      0.00    0.00    0.00    0.00    0.00
IF538.0  3.9891     0.00 9.009      0.00    0.00    0.00    0.00    0.00
IF540.0  4.784      0.00 9.009      0.00    0.00    0.00    0.00    0.00
IF542.0  5.4413     0.00 9.009      0.00    0.00    0.00    0.00    0.00
IF544.6  5.6404     0.00 9.0253     0.00    0.00    0.00    0.00    0.00
IF547.9  6.547      0.00 9.0721     0.00    0.00    0.00    0.00    0.00
IF551.2  7.9991     0.00 9.2841     0.00    0.00    0.00    0.00    0.00
IF554.0  9.0145     0.00 9.2841     0.00    0.00    0.00    0.00    0.00
IF554.5  9.2841     0.00 9.2841     0.00    0.00    0.00    0.00    0.00
PS START(419903.7913,4850728.3748)
PS END(420109.1804,4850819.9463)
ET
 
 
 
