header
IE0.0    -6.6854       1       1 8.8436  3.5577  4.2307    56.14   56.14
OF1.0    -6.6009    0.00 8.8436     0.00    0.00    0.00    0.00    0.00
OF2.0    -6.5169    0.00 8.8437     0.00    0.00    0.00    0.00    0.00
OF3.0    -6.4329    0.00 8.8437     0.00    0.00    0.00    0.00    0.00
OF4.0    -6.3488    0.00 8.8438     0.00    0.00    0.00    0.00    0.00
OF5.0    -6.2648    0.00 8.8439     0.00    0.00    0.00    0.00    0.00
OF6.0    -6.1808    0.00 8.8439     0.00    0.00    0.00    0.00    0.00
OF7.0    -6.0963    0.00 8.844      0.00    0.00    0.00    0.00    0.00
OF8.0    -6.0123    0.00 8.844      0.00    0.00    0.00    0.00    0.00
OF9.0    -5.9283    0.00 8.8441     0.00    0.00    0.00    0.00    0.00
OF10.0   -5.8443    0.00 8.8441     0.00    0.00    0.00    0.00    0.00
OF11.0   -5.7602    0.00 8.8442     0.00    0.00    0.00    0.00    0.00
OF12.0   -5.6762    0.00 8.8442     0.00    0.00    0.00    0.00    0.00
OF13.0   -5.5921    0.00 8.8443     0.00    0.00    0.00    0.00    0.00
OF14.0   -5.5077    0.00 8.8443     0.00    0.00    0.00    0.00    0.00
OF15.0   -5.4237    0.00 8.8444     0.00    0.00    0.00    0.00    0.00
OF16.0   -5.3397    0.00 8.8445     0.00    0.00    0.00    0.00    0.00
OF17.0   -5.2556    0.00 8.8445     0.00    0.00    0.00    0.00    0.00
OF18.0   -5.1716    0.00 8.8446     0.00    0.00    0.00    0.00    0.00
OF19.0   -5.0875    0.00 8.8446     0.00    0.00    0.00    0.00    0.00
OF20.0   -5.0035    0.00 8.8447     0.00    0.00    0.00    0.00    0.00
OF21.0   -4.9191    0.00 8.8447     0.00    0.00    0.00    0.00    0.00
OF22.0   -4.8351    0.00 8.8448     0.00    0.00    0.00    0.00    0.00
OF23.0   -4.7511    0.00 8.8448     0.00    0.00    0.00    0.00    0.00
OF24.0   -4.667     0.00 8.8449     0.00    0.00    0.00    0.00    0.00
OF25.0   -4.583     0.00 8.8449     0.00    0.00    0.00    0.00    0.00
OF26.0   -4.4989    0.00 8.845      0.00    0.00    0.00    0.00    0.00
OF27.0   -4.4145    0.00 8.845      0.00    0.00    0.00    0.00    0.00
OF28.0   -4.3305    0.00 8.8451     0.00    0.00    0.00    0.00    0.00
OF29.0   -4.2465    0.00 8.8452     0.00    0.00    0.00    0.00    0.00
OF30.0   -4.1624    0.00 8.8452     0.00    0.00    0.00    0.00    0.00
OF31.0   -4.0784    0.00 8.8453     0.00    0.00    0.00    0.00    0.00
OF32.0   -3.9943    0.00 8.8453     0.00    0.00    0.00    0.00    0.00
OF33.0   -3.9103    0.00 8.8454     0.00    0.00    0.00    0.00    0.00
OF34.0   -3.8259    0.00 8.8454     0.00    0.00    0.00    0.00    0.00
OF35.0   -3.7419    0.00 8.8455     0.00    0.00    0.00    0.00    0.00
OF36.0   -3.6578    0.00 8.8455     0.00    0.00    0.00    0.00    0.00
OF37.0   -3.5738    0.00 8.8456     0.00    0.00    0.00    0.00    0.00
OF38.0   -3.4898    0.00 8.8456     0.00    0.00    0.00    0.00    0.00
OF39.0   -3.4057    0.00 8.8457     0.00    0.00    0.00    0.00    0.00
OF40.0   -3.3217    0.00 8.8458     0.00    0.00    0.00    0.00    0.00
OF41.0   -3.2373    0.00 8.8458     0.00    0.00    0.00    0.00    0.00
OF42.0   -3.1532    0.00 8.8459     0.00    0.00    0.00    0.00    0.00
OF43.0   -3.0692    0.00 8.8459     0.00    0.00    0.00    0.00    0.00
OF44.0   -2.9852    0.00 8.846      0.00    0.00    0.00    0.00    0.00
OF45.0   -2.9012    0.00 8.846      0.00    0.00    0.00    0.00    0.00
OF46.0   -2.8171    0.00 8.8461     0.00    0.00    0.00    0.00    0.00
OF47.0   -2.7327    0.00 8.8461     0.00    0.00    0.00    0.00    0.00
OF48.0   -2.6487    0.00 8.8462     0.00    0.00    0.00    0.00    0.00
OF49.0   -2.5646    0.00 8.8462     0.00    0.00    0.00    0.00    0.00
OF50.0   -2.4806    0.00 8.8463     0.00    0.00    0.00    0.00    0.00
OF51.0   -2.3966    0.00 8.8464     0.00    0.00    0.00    0.00    0.00
OF52.0   -2.3125    0.00 8.8464     0.00    0.00    0.00    0.00    0.00
OF53.0   -2.2285    0.00 8.8465     0.00    0.00    0.00    0.00    0.00
OF54.0   -2.1441    0.00 8.8465     0.00    0.00    0.00    0.00    0.00
OF55.0   -2.0601    0.00 8.8466     0.00    0.00    0.00    0.00    0.00
OF56.0   -1.976     0.00 8.8466     0.00    0.00    0.00    0.00    0.00
OF57.0   -1.892     0.00 8.8467     0.00    0.00    0.00    0.00    0.00
OF58.0   -1.8079    0.00 8.8467     0.00    0.00    0.00    0.00    0.00
OF59.0   -1.7239    0.00 8.8468     0.00    0.00    0.00    0.00    0.00
OF60.0   -1.6399    0.00 8.8468     0.00    0.00    0.00    0.00    0.00
OF61.0   -1.5555    0.00 8.8469     0.00    0.00    0.00    0.00    0.00
OF62.0   -1.4714    0.00 8.847      0.00    0.00    0.00    0.00    0.00
OF63.0   -1.3874    0.00 8.847      0.00    0.00    0.00    0.00    0.00
OF64.0   -1.3033    0.00 8.8471     0.00    0.00    0.00    0.00    0.00
OF65.0   -1.2193    0.00 8.8471     0.00    0.00    0.00    0.00    0.00
OF66.0   -1.1353    0.00 8.8472     0.00    0.00    0.00    0.00    0.00
OF67.0   -1.0512    0.00 8.8472     0.00    0.00    0.00    0.00    0.00
OF68.0   -0.9540    0.00 8.8473     0.00    0.00    0.00    0.00    0.00
OF69.0   -0.8533    0.00 8.8473     0.00    0.00    0.00    0.00    0.00
OF70.0   -0.7528    0.00 8.8474     0.00    0.00    0.00    0.00    0.00
OF71.0   -0.6521    0.00 8.8474     0.00    0.00    0.00    0.00    0.00
OF72.0   -0.5514    0.00 8.8475     0.00    0.00    0.00    0.00    0.00
OF73.0   -0.4509    0.00 8.8476     0.00    0.00    0.00    0.00    0.00
OF74.0   -0.3497    0.00 8.8476     0.00    0.00    0.00    0.00    0.00
OF75.0   -0.2492    0.00 8.8477     0.00    0.00    0.00    0.00    0.00
OF76.0   -0.1485    0.00 8.8477     0.00    0.00    0.00    0.00    0.00
OF77.0   -0.0478    0.00 8.8478     0.00    0.00    0.00    0.00    0.00
IF78.0   0.05259    0.00 8.8478     0.00    0.00    0.00    0.00    0.00
IF79.0   0.10419    0.00 8.8478     0.00    0.00    0.00    0.00    0.00
IF80.0   0.13298    0.00 8.8478     0.00    0.00    0.00    0.00    0.00
IF81.0   0.16214    0.00 8.8478     0.00    0.00    0.00    0.00    0.00
IF82.0   0.19388    0.00 8.8479     0.00    0.00    0.00    0.00    0.00
IF83.0   0.29038    0.00 8.8479     0.00    0.00    0.00    0.00    0.00
IF84.0   0.38688    0.00 8.848      0.00    0.00    0.00    0.00    0.00
IF85.0   0.48338    0.00 8.848      0.00    0.00    0.00    0.00    0.00
IF86.0   0.57988    0.00 8.8481     0.00    0.00    0.00    0.00    0.00
IF87.0   0.67638    0.00 8.8481     0.00    0.00    0.00    0.00    0.00
IF88.0   0.77326    0.00 8.8482     0.00    0.00    0.00    0.00    0.00
IF89.0   0.86976    0.00 8.8482     0.00    0.00    0.00    0.00    0.00
IF90.0   0.96626    0.00 8.8483     0.00    0.00    0.00    0.00    0.00
IF91.0   1.0628     0.00 8.8484     0.00    0.00    0.00    0.00    0.00
IF92.0   1.1593     0.00 8.8484     0.00    0.00    0.00    0.00    0.00
IF93.0   1.2558     0.00 8.8485     0.00    0.00    0.00    0.00    0.00
IF94.0   1.3526     0.00 8.8485     0.00    0.00    0.00    0.00    0.00
IF95.0   1.4491     0.00 8.8486     0.00    0.00    0.00    0.00    0.00
IF96.0   1.5456     0.00 8.8486     0.00    0.00    0.00    0.00    0.00
IF97.0   1.6421     0.00 8.8487     0.00    0.00    0.00    0.00    0.00
IF98.0   1.7386     0.00 8.8487     0.00    0.00    0.00    0.00    0.00
IF99.0   1.8351     0.00 8.8488     0.00    0.00    0.00    0.00    0.00
IF100.0  1.9316     0.00 8.8489     0.00    0.00    0.00    0.00    0.00
IF101.0  2.0285     0.00 8.8489     0.00    0.00    0.00    0.00    0.00
IF102.0  2.125      0.00 8.849      0.00    0.00    0.00    0.00    0.00
IF103.0  2.2215     0.00 8.849      0.00    0.00    0.00    0.00    0.00
IF104.0  2.318      0.00 8.8491     0.00    0.00    0.00    0.00    0.00
IF105.0  2.4145     0.00 8.8491     0.00    0.00    0.00    0.00    0.00
IF106.0  2.511      0.00 8.8492     0.00    0.00    0.00    0.00    0.00
IF107.0  2.6075     0.00 8.8492     0.00    0.00    0.00    0.00    0.00
IF108.0  2.7044     0.00 8.8493     0.00    0.00    0.00    0.00    0.00
IF109.0  2.8009     0.00 8.8494     0.00    0.00    0.00    0.00    0.00
IF110.0  2.8974     0.00 8.8494     0.00    0.00    0.00    0.00    0.00
IF111.0  2.9939     0.00 8.8495     0.00    0.00    0.00    0.00    0.00
IF112.0  6.2894     0.00 8.8495     0.00    0.00    0.00    0.00    0.00
IF118.1  7.9381     0.00 8.9616     0.00    0.00    0.00    0.00    0.00
IF121.4  7.983      0.00 9.0637     0.00    0.00    0.00    0.00    0.00
IF124.7  8.0278     0.00 9.0706     0.00    0.00    0.00    0.00    0.00
IF128.0  8.0727     0.00 9.084      0.00    0.00    0.00    0.00    0.00
IF131.2  8.0301     0.00 9.0952     0.00    0.00    0.00    0.00    0.00
IF134.5  7.9096     0.00 9.1006     0.00    0.00    0.00    0.00    0.00
IF137.8  7.789      0.00 9.103      0.00    0.00    0.00    0.00    0.00
IF141.1  7.6685     0.00 9.1041     0.00    0.00    0.00    0.00    0.00
IF144.4  7.626      0.00 9.1044     0.00    0.00    0.00    0.00    0.00
IF147.6  7.6142     0.00 9.1044     0.00    0.00    0.00    0.00    0.00
IF150.9  7.6023     0.00 9.1046     0.00    0.00    0.00    0.00    0.00
IF154.2  7.6403     0.00 9.1044     0.00    0.00    0.00    0.00    0.00
IF157.5  7.7028     0.00 9.1041     0.00    0.00    0.00    0.00    0.00
IF160.8  7.7653     0.00 9.1039     0.00    0.00    0.00    0.00    0.00
IF164.0  7.8278     0.00 9.1038     0.00    0.00    0.00    0.00    0.00
IF167.3  7.8903     0.00 9.1037     0.00    0.00    0.00    0.00    0.00
IF170.6  7.7742     0.00 9.1047     0.00    0.00    0.00    0.00    0.00
IF173.9  7.6478     0.00 9.1052     0.00    0.00    0.00    0.00    0.00
IF177.2  7.5215     0.00 9.1057     0.00    0.00    0.00    0.00    0.00
IF180.4  7.3951     0.00 9.1061     0.00    0.00    0.00    0.00    0.00
IF183.7  7.2687     0.00 9.1064     0.00    0.00    0.00    0.00    0.00
IF187.0  7.1424     0.00 9.1066     0.00    0.00    0.00    0.00    0.00
IF190.3  7.016      0.00 9.1068     0.00    0.00    0.00    0.00    0.00
IF193.6  6.9501     0.00 9.1069     0.00    0.00    0.00    0.00    0.00
IF196.8  6.8884     0.00 9.107      0.00    0.00    0.00    0.00    0.00
IF200.1  6.8266     0.00 9.107      0.00    0.00    0.00    0.00    0.00
IF203.4  6.7649     0.00 9.107      0.00    0.00    0.00    0.00    0.00
IF206.7  6.7031     0.00 9.1071     0.00    0.00    0.00    0.00    0.00
IF210.0  6.6606     0.00 9.1071     0.00    0.00    0.00    0.00    0.00
IF213.3  6.7324     0.00 9.1069     0.00    0.00    0.00    0.00    0.00
IF216.5  6.8041     0.00 9.1068     0.00    0.00    0.00    0.00    0.00
IF219.8  6.6005     0.00 9.107      0.00    0.00    0.00    0.00    0.00
IF223.1  6.519      0.00 9.1071     0.00    0.00    0.00    0.00    0.00
IF226.4  6.4816     0.00 9.1071     0.00    0.00    0.00    0.00    0.00
IF229.7  6.4443     0.00 9.1071     0.00    0.00    0.00    0.00    0.00
IF232.9  6.4069     0.00 9.1071     0.00    0.00    0.00    0.00    0.00
IF236.2  6.3696     0.00 9.1071     0.00    0.00    0.00    0.00    0.00
IF239.5  6.3389     0.00 9.1071     0.00    0.00    0.00    0.00    0.00
IF242.8  6.3126     0.00 9.1071     0.00    0.00    0.00    0.00    0.00
IF246.1  6.2862     0.00 9.1071     0.00    0.00    0.00    0.00    0.00
IF249.3  6.2598     0.00 9.1071     0.00    0.00    0.00    0.00    0.00
IF252.6  6.2335     0.00 9.1071     0.00    0.00    0.00    0.00    0.00
IF255.9  6.2071     0.00 9.1071     0.00    0.00    0.00    0.00    0.00
IF259.2  6.1807     0.00 9.107      0.00    0.00    0.00    0.00    0.00
IF262.5  6.1625     0.00 9.107      0.00    0.00    0.00    0.00    0.00
IF265.7  6.1933     0.00 9.107      0.00    0.00    0.00    0.00    0.00
IF269.0  6.224      0.00 9.1069     0.00    0.00    0.00    0.00    0.00
IF272.3  6.2548     0.00 9.1068     0.00    0.00    0.00    0.00    0.00
IF275.6  6.2855     0.00 9.1068     0.00    0.00    0.00    0.00    0.00
IF278.9  6.4987     0.00 9.1065     0.00    0.00    0.00    0.00    0.00
IF282.2  6.7379     0.00 9.1061     0.00    0.00    0.00    0.00    0.00
IF285.4  6.9771     0.00 9.1056     0.00    0.00    0.00    0.00    0.00
IF288.7  7.2163     0.00 9.105      0.00    0.00    0.00    0.00    0.00
IF292.0  7.2676     0.00 9.1048     0.00    0.00    0.00    0.00    0.00
IF295.3  7.2597     0.00 9.1047     0.00    0.00    0.00    0.00    0.00
IF298.6  7.2518     0.00 9.1048     0.00    0.00    0.00    0.00    0.00
IF301.8  7.2439     0.00 9.1047     0.00    0.00    0.00    0.00    0.00
IF305.1  7.2797     0.00 9.1045     0.00    0.00    0.00    0.00    0.00
IF308.4  7.504      0.00 9.1038     0.00    0.00    0.00    0.00    0.00
IF311.7  7.7282     0.00 9.1031     0.00    0.00    0.00    0.00    0.00
IF315.0  7.9525     0.00 9.1035     0.00    0.00    0.00    0.00    0.00
IF318.2  8.3074     0.00 9.1072     0.00    0.00    0.00    0.00    0.00
IF321.5  8.7778     0.00 9.1276     0.00    0.00    0.00    0.00    0.00
IF324.0  9.1276     0.00 9.1276     0.00    0.00    0.00    0.00    0.00
PS START(420216.3981,4844328.0166)
PS END(420152.3662,4844156.8746)
ET
 
 
 
