header
IE0.0    -9.1547       1       1 8.8664  11.6851 13.5476   56.14   56.14
OF2.0    -9.0043    0.00 8.8664     0.00    0.00    0.00    0.00    0.00
OF78.0   -10.245    0.00 8.8665     0.00    0.00    0.00    0.00    0.00
OF80.0   -10.296    0.00 8.8665     0.00    0.00    0.00    0.00    0.00
OF82.0   -10.346    0.00 8.8665     0.00    0.00    0.00    0.00    0.00
OF84.0   -10.397    0.00 8.8665     0.00    0.00    0.00    0.00    0.00
OF86.0   -10.448    0.00 8.8665     0.00    0.00    0.00    0.00    0.00
OF88.0   -10.498    0.00 8.8665     0.00    0.00    0.00    0.00    0.00
OF92.0   -10.430    0.00 8.8666     0.00    0.00    0.00    0.00    0.00
OF94.0   -10.370    0.00 8.8666     0.00    0.00    0.00    0.00    0.00
OF98.0   -10.250    0.00 8.8666     0.00    0.00    0.00    0.00    0.00
OF100.0  -10.190    0.00 8.8666     0.00    0.00    0.00    0.00    0.00
OF104.0  -10.070    0.00 8.8666     0.00    0.00    0.00    0.00    0.00
OF106.0  -10.010    0.00 8.8666     0.00    0.00    0.00    0.00    0.00
OF110.0  -9.8902    0.00 8.8666     0.00    0.00    0.00    0.00    0.00
OF184.0  -10.085    0.00 8.8667     0.00    0.00    0.00    0.00    0.00
OF186.0  -10.092    0.00 8.8667     0.00    0.00    0.00    0.00    0.00
OF190.0  -10.095    0.00 8.8667     0.00    0.00    0.00    0.00    0.00
OF192.0  -10.077    0.00 8.8667     0.00    0.00    0.00    0.00    0.00
OF196.0  -10.041    0.00 8.8667     0.00    0.00    0.00    0.00    0.00
OF198.0  -10.022    0.00 8.8668     0.00    0.00    0.00    0.00    0.00
OF202.0  -9.9867    0.00 8.8668     0.00    0.00    0.00    0.00    0.00
OF204.0  -9.9685    0.00 8.8668     0.00    0.00    0.00    0.00    0.00
OF210.0  -9.9142    0.00 8.8668     0.00    0.00    0.00    0.00    0.00
OF278.0  -10.140    0.00 8.8669     0.00    0.00    0.00    0.00    0.00
OF280.0  -10.227    0.00 8.8669     0.00    0.00    0.00    0.00    0.00
OF282.0  -10.314    0.00 8.8669     0.00    0.00    0.00    0.00    0.00
OF284.0  -10.402    0.00 8.8669     0.00    0.00    0.00    0.00    0.00
OF286.0  -10.489    0.00 8.8669     0.00    0.00    0.00    0.00    0.00
OF288.0  -10.576    0.00 8.867      0.00    0.00    0.00    0.00    0.00
OF290.0  -10.663    0.00 8.867      0.00    0.00    0.00    0.00    0.00
OF292.0  -10.751    0.00 8.867      0.00    0.00    0.00    0.00    0.00
OF294.0  -10.763    0.00 8.867      0.00    0.00    0.00    0.00    0.00
OF296.0  -10.765    0.00 8.867      0.00    0.00    0.00    0.00    0.00
OF298.0  -10.767    0.00 8.867      0.00    0.00    0.00    0.00    0.00
OF300.0  -10.769    0.00 8.867      0.00    0.00    0.00    0.00    0.00
OF302.0  -10.771    0.00 8.8671     0.00    0.00    0.00    0.00    0.00
OF304.0  -10.773    0.00 8.8671     0.00    0.00    0.00    0.00    0.00
OF306.0  -10.775    0.00 8.8671     0.00    0.00    0.00    0.00    0.00
OF308.0  -10.777    0.00 8.8671     0.00    0.00    0.00    0.00    0.00
OF310.0  -10.779    0.00 8.8671     0.00    0.00    0.00    0.00    0.00
OF312.0  -10.781    0.00 8.8671     0.00    0.00    0.00    0.00    0.00
OF314.0  -10.783    0.00 8.8671     0.00    0.00    0.00    0.00    0.00
OF316.0  -10.785    0.00 8.8672     0.00    0.00    0.00    0.00    0.00
OF318.0  -10.787    0.00 8.8672     0.00    0.00    0.00    0.00    0.00
OF320.0  -10.789    0.00 8.8672     0.00    0.00    0.00    0.00    0.00
OF322.0  -10.791    0.00 8.8672     0.00    0.00    0.00    0.00    0.00
OF324.0  -10.793    0.00 8.8672     0.00    0.00    0.00    0.00    0.00
OF326.0  -10.795    0.00 8.8672     0.00    0.00    0.00    0.00    0.00
OF328.0  -10.797    0.00 8.8672     0.00    0.00    0.00    0.00    0.00
OF330.0  -10.799    0.00 8.8672     0.00    0.00    0.00    0.00    0.00
OF332.0  -10.801    0.00 8.8673     0.00    0.00    0.00    0.00    0.00
OF334.0  -10.803    0.00 8.8673     0.00    0.00    0.00    0.00    0.00
OF336.0  -10.805    0.00 8.8673     0.00    0.00    0.00    0.00    0.00
OF338.0  -10.806    0.00 8.8673     0.00    0.00    0.00    0.00    0.00
OF340.0  -10.808    0.00 8.8673     0.00    0.00    0.00    0.00    0.00
OF342.0  -10.810    0.00 8.8673     0.00    0.00    0.00    0.00    0.00
OF344.0  -10.812    0.00 8.8673     0.00    0.00    0.00    0.00    0.00
OF346.0  -10.814    0.00 8.8674     0.00    0.00    0.00    0.00    0.00
OF348.0  -10.816    0.00 8.8674     0.00    0.00    0.00    0.00    0.00
OF350.0  -10.818    0.00 8.8674     0.00    0.00    0.00    0.00    0.00
OF352.0  -10.820    0.00 8.8674     0.00    0.00    0.00    0.00    0.00
OF354.0  -10.822    0.00 8.8674     0.00    0.00    0.00    0.00    0.00
OF356.0  -10.824    0.00 8.8674     0.00    0.00    0.00    0.00    0.00
OF358.0  -10.826    0.00 8.8674     0.00    0.00    0.00    0.00    0.00
OF360.0  -10.828    0.00 8.8674     0.00    0.00    0.00    0.00    0.00
OF362.0  -10.830    0.00 8.8675     0.00    0.00    0.00    0.00    0.00
OF364.0  -10.843    0.00 8.8675     0.00    0.00    0.00    0.00    0.00
OF366.0  -10.909    0.00 8.8675     0.00    0.00    0.00    0.00    0.00
OF368.0  -10.974    0.00 8.8675     0.00    0.00    0.00    0.00    0.00
OF370.0  -11.040    0.00 8.8675     0.00    0.00    0.00    0.00    0.00
OF372.0  -11.105    0.00 8.8675     0.00    0.00    0.00    0.00    0.00
OF374.0  -11.171    0.00 8.8675     0.00    0.00    0.00    0.00    0.00
OF376.0  -11.236    0.00 8.8676     0.00    0.00    0.00    0.00    0.00
OF378.0  -11.261    0.00 8.8676     0.00    0.00    0.00    0.00    0.00
OF380.0  -11.164    0.00 8.8676     0.00    0.00    0.00    0.00    0.00
OF382.0  -11.068    0.00 8.8676     0.00    0.00    0.00    0.00    0.00
OF384.0  -10.972    0.00 8.8676     0.00    0.00    0.00    0.00    0.00
OF386.0  -10.876    0.00 8.8676     0.00    0.00    0.00    0.00    0.00
OF388.0  -10.779    0.00 8.8677     0.00    0.00    0.00    0.00    0.00
OF392.0  -10.587    0.00 8.8677     0.00    0.00    0.00    0.00    0.00
OF394.0  -10.490    0.00 8.8677     0.00    0.00    0.00    0.00    0.00
OF396.0  -10.47     0.00 8.8677     0.00    0.00    0.00    0.00    0.00
OF398.0  -10.493    0.00 8.8678     0.00    0.00    0.00    0.00    0.00
OF400.0  -10.517    0.00 8.8678     0.00    0.00    0.00    0.00    0.00
OF402.0  -10.541    0.00 8.8678     0.00    0.00    0.00    0.00    0.00
OF404.0  -10.565    0.00 8.8678     0.00    0.00    0.00    0.00    0.00
OF406.0  -10.589    0.00 8.8678     0.00    0.00    0.00    0.00    0.00
OF408.0  -10.613    0.00 8.8679     0.00    0.00    0.00    0.00    0.00
OF410.0  -10.637    0.00 8.8679     0.00    0.00    0.00    0.00    0.00
OF412.0  -10.660    0.00 8.8679     0.00    0.00    0.00    0.00    0.00
OF414.0  -10.684    0.00 8.8679     0.00    0.00    0.00    0.00    0.00
OF416.0  -10.708    0.00 8.8679     0.00    0.00    0.00    0.00    0.00
OF418.0  -10.732    0.00 8.868      0.00    0.00    0.00    0.00    0.00
OF420.0  -10.756    0.00 8.868      0.00    0.00    0.00    0.00    0.00
OF422.0  -10.780    0.00 8.868      0.00    0.00    0.00    0.00    0.00
OF424.0  -10.804    0.00 8.868      0.00    0.00    0.00    0.00    0.00
OF426.0  -10.827    0.00 8.8681     0.00    0.00    0.00    0.00    0.00
OF428.0  -10.851    0.00 8.8681     0.00    0.00    0.00    0.00    0.00
OF430.0  -10.875    0.00 8.8681     0.00    0.00    0.00    0.00    0.00
OF432.0  -10.899    0.00 8.8681     0.00    0.00    0.00    0.00    0.00
OF434.0  -10.923    0.00 8.8681     0.00    0.00    0.00    0.00    0.00
OF436.0  -10.947    0.00 8.8682     0.00    0.00    0.00    0.00    0.00
OF438.0  -10.970    0.00 8.8682     0.00    0.00    0.00    0.00    0.00
OF440.0  -10.994    0.00 8.8682     0.00    0.00    0.00    0.00    0.00
OF442.0  -11.018    0.00 8.8682     0.00    0.00    0.00    0.00    0.00
OF444.0  -11.042    0.00 8.8682     0.00    0.00    0.00    0.00    0.00
OF446.0  -11.066    0.00 8.8683     0.00    0.00    0.00    0.00    0.00
OF448.0  -11.090    0.00 8.8683     0.00    0.00    0.00    0.00    0.00
OF450.0  -11.114    0.00 8.8683     0.00    0.00    0.00    0.00    0.00
OF452.0  -11.137    0.00 8.8683     0.00    0.00    0.00    0.00    0.00
OF454.0  -11.161    0.00 8.8683     0.00    0.00    0.00    0.00    0.00
OF456.0  -11.185    0.00 8.8684     0.00    0.00    0.00    0.00    0.00
OF458.0  -11.209    0.00 8.8684     0.00    0.00    0.00    0.00    0.00
OF460.0  -11.233    0.00 8.8684     0.00    0.00    0.00    0.00    0.00
OF462.0  -11.257    0.00 8.8684     0.00    0.00    0.00    0.00    0.00
OF464.0  -11.281    0.00 8.8685     0.00    0.00    0.00    0.00    0.00
OF466.0  -11.304    0.00 8.8685     0.00    0.00    0.00    0.00    0.00
OF468.0  -11.328    0.00 8.8685     0.00    0.00    0.00    0.00    0.00
OF470.0  -11.352    0.00 8.8686     0.00    0.00    0.00    0.00    0.00
OF472.0  -11.376    0.00 8.8686     0.00    0.00    0.00    0.00    0.00
OF474.0  -11.400    0.00 8.8686     0.00    0.00    0.00    0.00    0.00
OF476.0  -11.489    0.00 8.8686     0.00    0.00    0.00    0.00    0.00
OF478.0  -11.578    0.00 8.8687     0.00    0.00    0.00    0.00    0.00
OF480.0  -11.668    0.00 8.8687     0.00    0.00    0.00    0.00    0.00
OF482.0  -11.758    0.00 8.8687     0.00    0.00    0.00    0.00    0.00
OF484.0  -11.848    0.00 8.8687     0.00    0.00    0.00    0.00    0.00
OF486.0  -11.938    0.00 8.8688     0.00    0.00    0.00    0.00    0.00
OF488.0  -11.985    0.00 8.8688     0.00    0.00    0.00    0.00    0.00
OF490.0  -11.985    0.00 8.8688     0.00    0.00    0.00    0.00    0.00
OF492.0  -11.984    0.00 8.8688     0.00    0.00    0.00    0.00    0.00
OF494.0  -11.983    0.00 8.8689     0.00    0.00    0.00    0.00    0.00
OF496.0  -11.982    0.00 8.8689     0.00    0.00    0.00    0.00    0.00
OF498.0  -11.982    0.00 8.8689     0.00    0.00    0.00    0.00    0.00
OF500.0  -11.981    0.00 8.8689     0.00    0.00    0.00    0.00    0.00
OF502.0  -11.980    0.00 8.869      0.00    0.00    0.00    0.00    0.00
OF504.0  -11.980    0.00 8.869      0.00    0.00    0.00    0.00    0.00
OF506.0  -11.979    0.00 8.869      0.00    0.00    0.00    0.00    0.00
OF508.0  -11.978    0.00 8.869      0.00    0.00    0.00    0.00    0.00
OF510.0  -11.978    0.00 8.8691     0.00    0.00    0.00    0.00    0.00
OF512.0  -11.977    0.00 8.8691     0.00    0.00    0.00    0.00    0.00
OF514.0  -11.976    0.00 8.8691     0.00    0.00    0.00    0.00    0.00
OF516.0  -11.976    0.00 8.8691     0.00    0.00    0.00    0.00    0.00
OF518.0  -11.975    0.00 8.8692     0.00    0.00    0.00    0.00    0.00
OF520.0  -11.974    0.00 8.8692     0.00    0.00    0.00    0.00    0.00
OF522.0  -11.974    0.00 8.8692     0.00    0.00    0.00    0.00    0.00
OF524.0  -11.973    0.00 8.8692     0.00    0.00    0.00    0.00    0.00
OF526.0  -11.972    0.00 8.8693     0.00    0.00    0.00    0.00    0.00
OF528.0  -11.972    0.00 8.8693     0.00    0.00    0.00    0.00    0.00
OF530.0  -11.971    0.00 8.8693     0.00    0.00    0.00    0.00    0.00
OF532.0  -11.970    0.00 8.8693     0.00    0.00    0.00    0.00    0.00
OF534.0  -11.97     0.00 8.8693     0.00    0.00    0.00    0.00    0.00
OF536.0  -11.969    0.00 8.8693     0.00    0.00    0.00    0.00    0.00
OF538.0  -11.968    0.00 8.8694     0.00    0.00    0.00    0.00    0.00
OF540.0  -11.967    0.00 8.8694     0.00    0.00    0.00    0.00    0.00
OF542.0  -11.967    0.00 8.8694     0.00    0.00    0.00    0.00    0.00
OF544.0  -11.966    0.00 8.8694     0.00    0.00    0.00    0.00    0.00
OF546.0  -11.965    0.00 8.8694     0.00    0.00    0.00    0.00    0.00
OF548.0  -11.965    0.00 8.8694     0.00    0.00    0.00    0.00    0.00
OF550.0  -11.964    0.00 8.8694     0.00    0.00    0.00    0.00    0.00
OF552.0  -11.963    0.00 8.8695     0.00    0.00    0.00    0.00    0.00
OF554.0  -11.963    0.00 8.8695     0.00    0.00    0.00    0.00    0.00
OF556.0  -11.962    0.00 8.8695     0.00    0.00    0.00    0.00    0.00
OF558.0  -11.961    0.00 8.8695     0.00    0.00    0.00    0.00    0.00
OF560.0  -11.961    0.00 8.8695     0.00    0.00    0.00    0.00    0.00
OF562.0  -11.973    0.00 8.8695     0.00    0.00    0.00    0.00    0.00
OF564.0  -12.025    0.00 8.8696     0.00    0.00    0.00    0.00    0.00
OF566.0  -12.077    0.00 8.8696     0.00    0.00    0.00    0.00    0.00
OF568.0  -12.130    0.00 8.8696     0.00    0.00    0.00    0.00    0.00
OF570.0  -12.182    0.00 8.8696     0.00    0.00    0.00    0.00    0.00
OF572.0  -12.234    0.00 8.8696     0.00    0.00    0.00    0.00    0.00
OF574.0  -12.286    0.00 8.8696     0.00    0.00    0.00    0.00    0.00
OF576.0  -12.339    0.00 8.8696     0.00    0.00    0.00    0.00    0.00
OF578.0  -12.391    0.00 8.8697     0.00    0.00    0.00    0.00    0.00
OF580.0  -12.443    0.00 8.8697     0.00    0.00    0.00    0.00    0.00
OF582.0  -12.495    0.00 8.8697     0.00    0.00    0.00    0.00    0.00
OF584.0  -12.547    0.00 8.8697     0.00    0.00    0.00    0.00    0.00
OF586.0  -12.6      0.00 8.8697     0.00    0.00    0.00    0.00    0.00
OF588.0  -12.652    0.00 8.8697     0.00    0.00    0.00    0.00    0.00
OF590.0  -12.704    0.00 8.8697     0.00    0.00    0.00    0.00    0.00
OF592.0  -12.756    0.00 8.8698     0.00    0.00    0.00    0.00    0.00
OF594.0  -12.808    0.00 8.8698     0.00    0.00    0.00    0.00    0.00
OF596.0  -12.861    0.00 8.8698     0.00    0.00    0.00    0.00    0.00
OF598.0  -12.913    0.00 8.8698     0.00    0.00    0.00    0.00    0.00
OF600.0  -12.965    0.00 8.8698     0.00    0.00    0.00    0.00    0.00
OF602.0  -13.017    0.00 8.8698     0.00    0.00    0.00    0.00    0.00
OF604.0  -13.069    0.00 8.8699     0.00    0.00    0.00    0.00    0.00
OF606.0  -13.122    0.00 8.8699     0.00    0.00    0.00    0.00    0.00
OF608.0  -13.139    0.00 8.8699     0.00    0.00    0.00    0.00    0.00
OF610.0  -13.145    0.00 8.8699     0.00    0.00    0.00    0.00    0.00
OF612.0  -13.152    0.00 8.8699     0.00    0.00    0.00    0.00    0.00
OF614.0  -13.158    0.00 8.87       0.00    0.00    0.00    0.00    0.00
OF616.0  -13.164    0.00 8.87       0.00    0.00    0.00    0.00    0.00
OF618.0  -13.170    0.00 8.87       0.00    0.00    0.00    0.00    0.00
OF620.0  -13.177    0.00 8.87       0.00    0.00    0.00    0.00    0.00
OF622.0  -13.183    0.00 8.8701     0.00    0.00    0.00    0.00    0.00
OF624.0  -13.189    0.00 8.8701     0.00    0.00    0.00    0.00    0.00
OF626.0  -13.196    0.00 8.8701     0.00    0.00    0.00    0.00    0.00
OF628.0  -13.202    0.00 8.8701     0.00    0.00    0.00    0.00    0.00
OF630.0  -13.208    0.00 8.8702     0.00    0.00    0.00    0.00    0.00
OF632.0  -13.215    0.00 8.8702     0.00    0.00    0.00    0.00    0.00
OF634.0  -13.221    0.00 8.8702     0.00    0.00    0.00    0.00    0.00
OF636.0  -13.227    0.00 8.8702     0.00    0.00    0.00    0.00    0.00
OF638.0  -13.233    0.00 8.8702     0.00    0.00    0.00    0.00    0.00
OF640.0  -13.240    0.00 8.8702     0.00    0.00    0.00    0.00    0.00
OF642.0  -13.246    0.00 8.8702     0.00    0.00    0.00    0.00    0.00
OF644.0  -13.252    0.00 8.8702     0.00    0.00    0.00    0.00    0.00
OF646.0  -13.259    0.00 8.8702     0.00    0.00    0.00    0.00    0.00
OF648.0  -13.265    0.00 8.8702     0.00    0.00    0.00    0.00    0.00
OF650.0  -13.271    0.00 8.8702     0.00    0.00    0.00    0.00    0.00
OF652.0  -13.277    0.00 8.8702     0.00    0.00    0.00    0.00    0.00
OF654.0  -13.284    0.00 8.8702     0.00    0.00    0.00    0.00    0.00
OF656.0  -13.290    0.00 8.8702     0.00    0.00    0.00    0.00    0.00
OF658.0  -13.296    0.00 8.8702     0.00    0.00    0.00    0.00    0.00
OF660.0  -13.346    0.00 8.8702     0.00    0.00    0.00    0.00    0.00
OF662.0  -13.404    0.00 8.8702     0.00    0.00    0.00    0.00    0.00
OF664.0  -13.461    0.00 8.8702     0.00    0.00    0.00    0.00    0.00
OF666.0  -13.519    0.00 8.8702     0.00    0.00    0.00    0.00    0.00
OF668.0  -13.577    0.00 8.8702     0.00    0.00    0.00    0.00    0.00
OF670.0  -13.634    0.00 8.8702     0.00    0.00    0.00    0.00    0.00
OF672.0  -13.692    0.00 8.8702     0.00    0.00    0.00    0.00    0.00
OF674.0  -13.750    0.00 8.8702     0.00    0.00    0.00    0.00    0.00
OF676.0  -13.807    0.00 8.8702     0.00    0.00    0.00    0.00    0.00
OF678.0  -13.865    0.00 8.8702     0.00    0.00    0.00    0.00    0.00
OF680.0  -13.923    0.00 8.8703     0.00    0.00    0.00    0.00    0.00
OF682.0  -13.981    0.00 8.8703     0.00    0.00    0.00    0.00    0.00
OF684.0  -14.038    0.00 8.8703     0.00    0.00    0.00    0.00    0.00
OF686.0  -14.096    0.00 8.8703     0.00    0.00    0.00    0.00    0.00
OF688.0  -14.154    0.00 8.8703     0.00    0.00    0.00    0.00    0.00
OF690.0  -14.211    0.00 8.8703     0.00    0.00    0.00    0.00    0.00
OF692.0  -14.269    0.00 8.8703     0.00    0.00    0.00    0.00    0.00
OF694.0  -14.327    0.00 8.8703     0.00    0.00    0.00    0.00    0.00
OF696.0  -14.384    0.00 8.8703     0.00    0.00    0.00    0.00    0.00
OF698.0  -14.442    0.00 8.8703     0.00    0.00    0.00    0.00    0.00
OF700.0  -14.500    0.00 8.8703     0.00    0.00    0.00    0.00    0.00
OF702.0  -14.558    0.00 8.8703     0.00    0.00    0.00    0.00    0.00
OF704.0  -14.562    0.00 8.8703     0.00    0.00    0.00    0.00    0.00
OF706.0  -14.555    0.00 8.8703     0.00    0.00    0.00    0.00    0.00
OF708.0  -14.547    0.00 8.8703     0.00    0.00    0.00    0.00    0.00
OF710.0  -14.540    0.00 8.8703     0.00    0.00    0.00    0.00    0.00
OF712.0  -14.532    0.00 8.8703     0.00    0.00    0.00    0.00    0.00
OF714.0  -14.525    0.00 8.8703     0.00    0.00    0.00    0.00    0.00
OF716.0  -14.518    0.00 8.8703     0.00    0.00    0.00    0.00    0.00
OF718.0  -14.510    0.00 8.8703     0.00    0.00    0.00    0.00    0.00
OF720.0  -14.503    0.00 8.8703     0.00    0.00    0.00    0.00    0.00
OF722.0  -14.495    0.00 8.8704     0.00    0.00    0.00    0.00    0.00
OF724.0  -14.488    0.00 8.8704     0.00    0.00    0.00    0.00    0.00
OF726.0  -14.481    0.00 8.8704     0.00    0.00    0.00    0.00    0.00
OF728.0  -14.473    0.00 8.8704     0.00    0.00    0.00    0.00    0.00
OF730.0  -14.466    0.00 8.8704     0.00    0.00    0.00    0.00    0.00
OF732.0  -14.458    0.00 8.8704     0.00    0.00    0.00    0.00    0.00
OF734.0  -14.451    0.00 8.8704     0.00    0.00    0.00    0.00    0.00
OF736.0  -14.443    0.00 8.8704     0.00    0.00    0.00    0.00    0.00
OF738.0  -14.436    0.00 8.8704     0.00    0.00    0.00    0.00    0.00
OF740.0  -14.429    0.00 8.8704     0.00    0.00    0.00    0.00    0.00
OF742.0  -14.421    0.00 8.8704     0.00    0.00    0.00    0.00    0.00
OF744.0  -14.414    0.00 8.8704     0.00    0.00    0.00    0.00    0.00
OF746.0  -14.406    0.00 8.8705     0.00    0.00    0.00    0.00    0.00
OF748.0  -14.399    0.00 8.8706     0.00    0.00    0.00    0.00    0.00
OF750.0  -14.392    0.00 8.8707     0.00    0.00    0.00    0.00    0.00
OF754.0  -14.377    0.00 8.8709     0.00    0.00    0.00    0.00    0.00
IF947.1  8.8759     0.00 8.8759     0.00    0.00    0.00    0.00    0.00
PS START(425504.9597,4849059.7096)
PS END(425636.8159,4849496.7029)
ET
 
 
 
