header
IE0.0    -67.677       1       1 8.874   2.321   2.202     56.14   56.14
OF1.0    -67.658    0.00 8.874      0.00    0.00    0.00    0.00    0.00
OF2.0    -67.639    0.00 8.874      0.00    0.00    0.00    0.00    0.00
OF3.0    -67.621    0.00 8.874      0.00    0.00    0.00    0.00    0.00
OF4.0    -67.602    0.00 8.874      0.00    0.00    0.00    0.00    0.00
OF5.0    -67.584    0.00 8.874      0.00    0.00    0.00    0.00    0.00
OF6.0    -67.565    0.00 8.874      0.00    0.00    0.00    0.00    0.00
OF7.0    -67.547    0.00 8.8741     0.00    0.00    0.00    0.00    0.00
OF8.0    -67.528    0.00 8.8741     0.00    0.00    0.00    0.00    0.00
OF9.0    -67.51     0.00 8.8741     0.00    0.00    0.00    0.00    0.00
OF10.0   -67.491    0.00 8.8741     0.00    0.00    0.00    0.00    0.00
OF11.0   -67.420    0.00 8.8741     0.00    0.00    0.00    0.00    0.00
OF12.0   -67.340    0.00 8.8741     0.00    0.00    0.00    0.00    0.00
OF13.0   -67.260    0.00 8.8741     0.00    0.00    0.00    0.00    0.00
OF14.0   -67.181    0.00 8.8741     0.00    0.00    0.00    0.00    0.00
OF15.0   -67.101    0.00 8.8741     0.00    0.00    0.00    0.00    0.00
OF16.0   -67.021    0.00 8.8741     0.00    0.00    0.00    0.00    0.00
OF17.0   -66.941    0.00 8.8741     0.00    0.00    0.00    0.00    0.00
OF18.0   -66.861    0.00 8.8742     0.00    0.00    0.00    0.00    0.00
OF19.0   -66.781    0.00 8.8742     0.00    0.00    0.00    0.00    0.00
OF20.0   -66.702    0.00 8.8742     0.00    0.00    0.00    0.00    0.00
OF21.0   -66.622    0.00 8.8742     0.00    0.00    0.00    0.00    0.00
OF22.0   -66.542    0.00 8.8742     0.00    0.00    0.00    0.00    0.00
OF23.0   -66.462    0.00 8.8742     0.00    0.00    0.00    0.00    0.00
OF24.0   -66.382    0.00 8.8742     0.00    0.00    0.00    0.00    0.00
OF25.0   -66.302    0.00 8.8742     0.00    0.00    0.00    0.00    0.00
OF26.0   -66.223    0.00 8.8742     0.00    0.00    0.00    0.00    0.00
OF27.0   -66.143    0.00 8.8742     0.00    0.00    0.00    0.00    0.00
OF28.0   -66.063    0.00 8.8742     0.00    0.00    0.00    0.00    0.00
OF29.0   -65.983    0.00 8.8742     0.00    0.00    0.00    0.00    0.00
OF30.0   -65.903    0.00 8.8742     0.00    0.00    0.00    0.00    0.00
OF31.0   -65.823    0.00 8.8743     0.00    0.00    0.00    0.00    0.00
OF32.0   -65.744    0.00 8.8743     0.00    0.00    0.00    0.00    0.00
OF33.0   -65.664    0.00 8.8743     0.00    0.00    0.00    0.00    0.00
OF34.0   -65.584    0.00 8.8743     0.00    0.00    0.00    0.00    0.00
OF35.0   -65.504    0.00 8.8743     0.00    0.00    0.00    0.00    0.00
OF36.0   -65.424    0.00 8.8743     0.00    0.00    0.00    0.00    0.00
OF37.0   -65.345    0.00 8.8743     0.00    0.00    0.00    0.00    0.00
OF38.0   -65.265    0.00 8.8743     0.00    0.00    0.00    0.00    0.00
OF39.0   -65.185    0.00 8.8743     0.00    0.00    0.00    0.00    0.00
OF40.0   -65.105    0.00 8.8743     0.00    0.00    0.00    0.00    0.00
OF41.0   -65.025    0.00 8.8743     0.00    0.00    0.00    0.00    0.00
OF42.0   -64.946    0.00 8.8743     0.00    0.00    0.00    0.00    0.00
OF43.0   -64.866    0.00 8.8744     0.00    0.00    0.00    0.00    0.00
OF44.0   -64.786    0.00 8.8744     0.00    0.00    0.00    0.00    0.00
OF45.0   -64.706    0.00 8.8744     0.00    0.00    0.00    0.00    0.00
OF46.0   -64.626    0.00 8.8744     0.00    0.00    0.00    0.00    0.00
OF47.0   -64.546    0.00 8.8744     0.00    0.00    0.00    0.00    0.00
OF48.0   -64.466    0.00 8.8744     0.00    0.00    0.00    0.00    0.00
OF49.0   -64.387    0.00 8.8744     0.00    0.00    0.00    0.00    0.00
OF50.0   -64.307    0.00 8.8744     0.00    0.00    0.00    0.00    0.00
OF51.0   -64.227    0.00 8.8744     0.00    0.00    0.00    0.00    0.00
OF52.0   -64.147    0.00 8.8744     0.00    0.00    0.00    0.00    0.00
OF53.0   -64.067    0.00 8.8744     0.00    0.00    0.00    0.00    0.00
OF54.0   -63.988    0.00 8.8744     0.00    0.00    0.00    0.00    0.00
OF55.0   -63.908    0.00 8.8745     0.00    0.00    0.00    0.00    0.00
OF56.0   -63.828    0.00 8.8745     0.00    0.00    0.00    0.00    0.00
OF57.0   -63.748    0.00 8.8745     0.00    0.00    0.00    0.00    0.00
OF58.0   -63.668    0.00 8.8745     0.00    0.00    0.00    0.00    0.00
OF59.0   -63.588    0.00 8.8745     0.00    0.00    0.00    0.00    0.00
OF60.0   -63.509    0.00 8.8745     0.00    0.00    0.00    0.00    0.00
OF61.0   -63.429    0.00 8.8745     0.00    0.00    0.00    0.00    0.00
OF62.0   -63.349    0.00 8.8745     0.00    0.00    0.00    0.00    0.00
OF63.0   -63.269    0.00 8.8745     0.00    0.00    0.00    0.00    0.00
OF64.0   -63.190    0.00 8.8745     0.00    0.00    0.00    0.00    0.00
OF65.0   -63.110    0.00 8.8745     0.00    0.00    0.00    0.00    0.00
OF66.0   -63.030    0.00 8.8745     0.00    0.00    0.00    0.00    0.00
OF67.0   -62.950    0.00 8.8745     0.00    0.00    0.00    0.00    0.00
OF68.0   -62.870    0.00 8.8746     0.00    0.00    0.00    0.00    0.00
OF69.0   -62.790    0.00 8.8746     0.00    0.00    0.00    0.00    0.00
OF70.0   -62.711    0.00 8.8746     0.00    0.00    0.00    0.00    0.00
OF71.0   -62.631    0.00 8.8746     0.00    0.00    0.00    0.00    0.00
OF72.0   -62.551    0.00 8.8746     0.00    0.00    0.00    0.00    0.00
OF73.0   -62.471    0.00 8.8746     0.00    0.00    0.00    0.00    0.00
OF74.0   -62.391    0.00 8.8746     0.00    0.00    0.00    0.00    0.00
OF75.0   -62.311    0.00 8.8746     0.00    0.00    0.00    0.00    0.00
OF76.0   -62.232    0.00 8.8746     0.00    0.00    0.00    0.00    0.00
OF77.0   -62.152    0.00 8.8746     0.00    0.00    0.00    0.00    0.00
OF78.0   -62.072    0.00 8.8746     0.00    0.00    0.00    0.00    0.00
OF79.0   -61.963    0.00 8.8746     0.00    0.00    0.00    0.00    0.00
OF80.0   -61.828    0.00 8.8746     0.00    0.00    0.00    0.00    0.00
OF81.0   -61.693    0.00 8.8746     0.00    0.00    0.00    0.00    0.00
OF82.0   -61.558    0.00 8.8746     0.00    0.00    0.00    0.00    0.00
OF83.0   -61.423    0.00 8.8747     0.00    0.00    0.00    0.00    0.00
OF84.0   -61.288    0.00 8.8747     0.00    0.00    0.00    0.00    0.00
OF85.0   -61.153    0.00 8.8747     0.00    0.00    0.00    0.00    0.00
OF86.0   -61.018    0.00 8.8747     0.00    0.00    0.00    0.00    0.00
OF87.0   -60.883    0.00 8.8747     0.00    0.00    0.00    0.00    0.00
OF88.0   -60.747    0.00 8.8747     0.00    0.00    0.00    0.00    0.00
OF89.0   -60.612    0.00 8.8747     0.00    0.00    0.00    0.00    0.00
OF90.0   -60.477    0.00 8.8747     0.00    0.00    0.00    0.00    0.00
OF91.0   -60.342    0.00 8.8747     0.00    0.00    0.00    0.00    0.00
OF92.0   -60.207    0.00 8.8747     0.00    0.00    0.00    0.00    0.00
OF93.0   -60.072    0.00 8.8747     0.00    0.00    0.00    0.00    0.00
OF94.0   -59.937    0.00 8.8747     0.00    0.00    0.00    0.00    0.00
OF95.0   -59.801    0.00 8.8747     0.00    0.00    0.00    0.00    0.00
OF96.0   -59.666    0.00 8.8747     0.00    0.00    0.00    0.00    0.00
OF97.0   -59.531    0.00 8.8747     0.00    0.00    0.00    0.00    0.00
OF98.0   -59.396    0.00 8.8747     0.00    0.00    0.00    0.00    0.00
OF99.0   -59.261    0.00 8.8747     0.00    0.00    0.00    0.00    0.00
OF100.0  -59.126    0.00 8.8747     0.00    0.00    0.00    0.00    0.00
OF101.0  -58.991    0.00 8.8747     0.00    0.00    0.00    0.00    0.00
OF102.0  -58.855    0.00 8.8747     0.00    0.00    0.00    0.00    0.00
OF103.0  -58.720    0.00 8.8747     0.00    0.00    0.00    0.00    0.00
OF104.0  -58.585    0.00 8.8747     0.00    0.00    0.00    0.00    0.00
OF105.0  -58.450    0.00 8.8747     0.00    0.00    0.00    0.00    0.00
OF106.0  -58.315    0.00 8.8747     0.00    0.00    0.00    0.00    0.00
OF107.0  -58.180    0.00 8.8747     0.00    0.00    0.00    0.00    0.00
OF108.0  -58.045    0.00 8.8747     0.00    0.00    0.00    0.00    0.00
OF109.0  -57.909    0.00 8.8747     0.00    0.00    0.00    0.00    0.00
OF110.0  -57.774    0.00 8.8747     0.00    0.00    0.00    0.00    0.00
OF111.0  -57.639    0.00 8.8747     0.00    0.00    0.00    0.00    0.00
OF112.0  -57.504    0.00 8.8747     0.00    0.00    0.00    0.00    0.00
OF113.0  -57.369    0.00 8.8747     0.00    0.00    0.00    0.00    0.00
OF114.0  -57.234    0.00 8.8747     0.00    0.00    0.00    0.00    0.00
OF115.0  -57.099    0.00 8.8747     0.00    0.00    0.00    0.00    0.00
OF116.0  -56.963    0.00 8.8747     0.00    0.00    0.00    0.00    0.00
OF117.0  -56.828    0.00 8.8747     0.00    0.00    0.00    0.00    0.00
OF118.0  -56.693    0.00 8.8747     0.00    0.00    0.00    0.00    0.00
OF119.0  -56.558    0.00 8.8747     0.00    0.00    0.00    0.00    0.00
OF120.0  -56.423    0.00 8.8747     0.00    0.00    0.00    0.00    0.00
OF121.0  -56.288    0.00 8.8747     0.00    0.00    0.00    0.00    0.00
OF122.0  -56.153    0.00 8.8748     0.00    0.00    0.00    0.00    0.00
OF123.0  -56.017    0.00 8.8748     0.00    0.00    0.00    0.00    0.00
OF124.0  -55.882    0.00 8.8748     0.00    0.00    0.00    0.00    0.00
OF125.0  -55.747    0.00 8.8748     0.00    0.00    0.00    0.00    0.00
OF126.0  -55.612    0.00 8.8748     0.00    0.00    0.00    0.00    0.00
OF127.0  -55.477    0.00 8.8748     0.00    0.00    0.00    0.00    0.00
OF128.0  -55.342    0.00 8.8748     0.00    0.00    0.00    0.00    0.00
OF129.0  -55.207    0.00 8.8748     0.00    0.00    0.00    0.00    0.00
OF130.0  -55.072    0.00 8.8748     0.00    0.00    0.00    0.00    0.00
OF131.0  -54.936    0.00 8.8748     0.00    0.00    0.00    0.00    0.00
OF132.0  -54.801    0.00 8.8748     0.00    0.00    0.00    0.00    0.00
OF133.0  -54.666    0.00 8.8748     0.00    0.00    0.00    0.00    0.00
OF134.0  -54.531    0.00 8.8748     0.00    0.00    0.00    0.00    0.00
OF135.0  -54.396    0.00 8.8748     0.00    0.00    0.00    0.00    0.00
OF136.0  -54.261    0.00 8.8748     0.00    0.00    0.00    0.00    0.00
OF137.0  -54.126    0.00 8.8748     0.00    0.00    0.00    0.00    0.00
OF138.0  -53.990    0.00 8.8748     0.00    0.00    0.00    0.00    0.00
OF139.0  -53.855    0.00 8.8748     0.00    0.00    0.00    0.00    0.00
OF140.0  -53.720    0.00 8.8748     0.00    0.00    0.00    0.00    0.00
OF141.0  -53.585    0.00 8.8748     0.00    0.00    0.00    0.00    0.00
OF142.0  -53.450    0.00 8.8748     0.00    0.00    0.00    0.00    0.00
OF143.0  -53.315    0.00 8.8748     0.00    0.00    0.00    0.00    0.00
OF144.0  -53.180    0.00 8.8748     0.00    0.00    0.00    0.00    0.00
OF145.0  -53.044    0.00 8.8748     0.00    0.00    0.00    0.00    0.00
OF146.0  -52.909    0.00 8.8748     0.00    0.00    0.00    0.00    0.00
OF147.0  -52.774    0.00 8.8748     0.00    0.00    0.00    0.00    0.00
OF148.0  -52.639    0.00 8.8748     0.00    0.00    0.00    0.00    0.00
OF149.0  -52.504    0.00 8.8748     0.00    0.00    0.00    0.00    0.00
OF150.0  -52.369    0.00 8.8748     0.00    0.00    0.00    0.00    0.00
OF151.0  -52.234    0.00 8.8748     0.00    0.00    0.00    0.00    0.00
OF152.0  -52.098    0.00 8.8748     0.00    0.00    0.00    0.00    0.00
OF153.0  -51.963    0.00 8.8748     0.00    0.00    0.00    0.00    0.00
OF154.0  -51.828    0.00 8.8748     0.00    0.00    0.00    0.00    0.00
OF155.0  -51.693    0.00 8.8748     0.00    0.00    0.00    0.00    0.00
OF156.0  -51.558    0.00 8.8748     0.00    0.00    0.00    0.00    0.00
OF157.0  -51.423    0.00 8.8748     0.00    0.00    0.00    0.00    0.00
OF158.0  -51.288    0.00 8.8748     0.00    0.00    0.00    0.00    0.00
OF159.0  -51.152    0.00 8.8748     0.00    0.00    0.00    0.00    0.00
OF160.0  -51.017    0.00 8.8748     0.00    0.00    0.00    0.00    0.00
OF161.0  -50.882    0.00 8.8749     0.00    0.00    0.00    0.00    0.00
OF162.0  -50.747    0.00 8.8749     0.00    0.00    0.00    0.00    0.00
OF163.0  -50.612    0.00 8.8749     0.00    0.00    0.00    0.00    0.00
OF164.0  -50.477    0.00 8.8749     0.00    0.00    0.00    0.00    0.00
OF165.0  -50.342    0.00 8.8749     0.00    0.00    0.00    0.00    0.00
OF166.0  -50.207    0.00 8.8749     0.00    0.00    0.00    0.00    0.00
OF167.0  -50.071    0.00 8.8749     0.00    0.00    0.00    0.00    0.00
OF168.0  -49.936    0.00 8.8749     0.00    0.00    0.00    0.00    0.00
OF169.0  -49.801    0.00 8.8749     0.00    0.00    0.00    0.00    0.00
OF170.0  -49.666    0.00 8.8749     0.00    0.00    0.00    0.00    0.00
OF171.0  -49.531    0.00 8.8749     0.00    0.00    0.00    0.00    0.00
OF172.0  -49.396    0.00 8.8749     0.00    0.00    0.00    0.00    0.00
OF173.0  -49.261    0.00 8.8749     0.00    0.00    0.00    0.00    0.00
OF174.0  -49.126    0.00 8.8749     0.00    0.00    0.00    0.00    0.00
OF175.0  -48.990    0.00 8.8749     0.00    0.00    0.00    0.00    0.00
OF176.0  -48.855    0.00 8.8749     0.00    0.00    0.00    0.00    0.00
OF177.0  -48.720    0.00 8.8749     0.00    0.00    0.00    0.00    0.00
OF178.0  -48.585    0.00 8.8749     0.00    0.00    0.00    0.00    0.00
OF179.0  -48.450    0.00 8.8749     0.00    0.00    0.00    0.00    0.00
OF180.0  -48.315    0.00 8.8749     0.00    0.00    0.00    0.00    0.00
OF181.0  -48.180    0.00 8.8749     0.00    0.00    0.00    0.00    0.00
OF182.0  -48.044    0.00 8.8749     0.00    0.00    0.00    0.00    0.00
OF183.0  -47.909    0.00 8.8749     0.00    0.00    0.00    0.00    0.00
OF184.0  -47.774    0.00 8.8749     0.00    0.00    0.00    0.00    0.00
OF185.0  -47.639    0.00 8.8749     0.00    0.00    0.00    0.00    0.00
OF186.0  -47.504    0.00 8.8749     0.00    0.00    0.00    0.00    0.00
OF187.0  -47.369    0.00 8.8749     0.00    0.00    0.00    0.00    0.00
OF188.0  -47.234    0.00 8.8749     0.00    0.00    0.00    0.00    0.00
OF189.0  -47.098    0.00 8.8749     0.00    0.00    0.00    0.00    0.00
OF190.0  -46.963    0.00 8.8749     0.00    0.00    0.00    0.00    0.00
OF191.0  -46.828    0.00 8.8749     0.00    0.00    0.00    0.00    0.00
OF192.0  -46.693    0.00 8.8749     0.00    0.00    0.00    0.00    0.00
OF193.0  -46.558    0.00 8.8749     0.00    0.00    0.00    0.00    0.00
OF194.0  -46.423    0.00 8.8749     0.00    0.00    0.00    0.00    0.00
OF195.0  -46.288    0.00 8.8749     0.00    0.00    0.00    0.00    0.00
OF196.0  -46.153    0.00 8.8749     0.00    0.00    0.00    0.00    0.00
OF197.0  -46.018    0.00 8.8749     0.00    0.00    0.00    0.00    0.00
OF198.0  -45.882    0.00 8.8749     0.00    0.00    0.00    0.00    0.00
OF199.0  -45.747    0.00 8.8749     0.00    0.00    0.00    0.00    0.00
OF200.0  -45.612    0.00 8.875      0.00    0.00    0.00    0.00    0.00
OF201.0  -45.477    0.00 8.875      0.00    0.00    0.00    0.00    0.00
OF202.0  -45.342    0.00 8.875      0.00    0.00    0.00    0.00    0.00
OF203.0  -45.207    0.00 8.875      0.00    0.00    0.00    0.00    0.00
OF204.0  -45.072    0.00 8.875      0.00    0.00    0.00    0.00    0.00
OF205.0  -44.937    0.00 8.875      0.00    0.00    0.00    0.00    0.00
OF206.0  -44.801    0.00 8.875      0.00    0.00    0.00    0.00    0.00
OF207.0  -44.666    0.00 8.875      0.00    0.00    0.00    0.00    0.00
OF208.0  -44.531    0.00 8.875      0.00    0.00    0.00    0.00    0.00
OF209.0  -44.396    0.00 8.875      0.00    0.00    0.00    0.00    0.00
OF210.0  -44.261    0.00 8.875      0.00    0.00    0.00    0.00    0.00
OF211.0  -44.126    0.00 8.875      0.00    0.00    0.00    0.00    0.00
OF212.0  -43.991    0.00 8.875      0.00    0.00    0.00    0.00    0.00
OF213.0  -43.855    0.00 8.875      0.00    0.00    0.00    0.00    0.00
OF214.0  -43.720    0.00 8.875      0.00    0.00    0.00    0.00    0.00
OF215.0  -43.585    0.00 8.875      0.00    0.00    0.00    0.00    0.00
OF216.0  -43.450    0.00 8.875      0.00    0.00    0.00    0.00    0.00
OF217.0  -43.315    0.00 8.875      0.00    0.00    0.00    0.00    0.00
OF218.0  -43.180    0.00 8.875      0.00    0.00    0.00    0.00    0.00
OF219.0  -43.045    0.00 8.875      0.00    0.00    0.00    0.00    0.00
OF220.0  -42.909    0.00 8.875      0.00    0.00    0.00    0.00    0.00
OF221.0  -42.774    0.00 8.875      0.00    0.00    0.00    0.00    0.00
OF222.0  -42.639    0.00 8.875      0.00    0.00    0.00    0.00    0.00
OF223.0  -42.504    0.00 8.875      0.00    0.00    0.00    0.00    0.00
OF224.0  -42.369    0.00 8.875      0.00    0.00    0.00    0.00    0.00
OF225.0  -42.234    0.00 8.875      0.00    0.00    0.00    0.00    0.00
OF226.0  -42.099    0.00 8.875      0.00    0.00    0.00    0.00    0.00
OF227.0  -41.964    0.00 8.875      0.00    0.00    0.00    0.00    0.00
OF228.0  -41.829    0.00 8.875      0.00    0.00    0.00    0.00    0.00
OF229.0  -41.693    0.00 8.875      0.00    0.00    0.00    0.00    0.00
OF230.0  -41.558    0.00 8.875      0.00    0.00    0.00    0.00    0.00
OF231.0  -41.423    0.00 8.875      0.00    0.00    0.00    0.00    0.00
OF232.0  -41.288    0.00 8.875      0.00    0.00    0.00    0.00    0.00
OF233.0  -41.153    0.00 8.875      0.00    0.00    0.00    0.00    0.00
OF234.0  -41.018    0.00 8.875      0.00    0.00    0.00    0.00    0.00
OF235.0  -40.883    0.00 8.875      0.00    0.00    0.00    0.00    0.00
OF236.0  -40.747    0.00 8.875      0.00    0.00    0.00    0.00    0.00
OF237.0  -40.612    0.00 8.875      0.00    0.00    0.00    0.00    0.00
OF238.0  -40.477    0.00 8.875      0.00    0.00    0.00    0.00    0.00
OF239.0  -40.342    0.00 8.8751     0.00    0.00    0.00    0.00    0.00
OF240.0  -40.207    0.00 8.8751     0.00    0.00    0.00    0.00    0.00
OF241.0  -40.072    0.00 8.8751     0.00    0.00    0.00    0.00    0.00
OF242.0  -39.937    0.00 8.8751     0.00    0.00    0.00    0.00    0.00
OF243.0  -39.802    0.00 8.8751     0.00    0.00    0.00    0.00    0.00
OF244.0  -39.666    0.00 8.8751     0.00    0.00    0.00    0.00    0.00
OF245.0  -39.531    0.00 8.8751     0.00    0.00    0.00    0.00    0.00
OF246.0  -39.396    0.00 8.8751     0.00    0.00    0.00    0.00    0.00
OF247.0  -39.262    0.00 8.8751     0.00    0.00    0.00    0.00    0.00
OF248.0  -39.128    0.00 8.8751     0.00    0.00    0.00    0.00    0.00
OF249.0  -38.994    0.00 8.8751     0.00    0.00    0.00    0.00    0.00
OF250.0  -38.827    0.00 8.8751     0.00    0.00    0.00    0.00    0.00
OF251.0  -38.656    0.00 8.8751     0.00    0.00    0.00    0.00    0.00
OF252.0  -38.521    0.00 8.8751     0.00    0.00    0.00    0.00    0.00
OF253.0  -38.386    0.00 8.8751     0.00    0.00    0.00    0.00    0.00
OF254.0  -38.251    0.00 8.8751     0.00    0.00    0.00    0.00    0.00
OF255.0  -38.116    0.00 8.8751     0.00    0.00    0.00    0.00    0.00
OF256.0  -37.981    0.00 8.8751     0.00    0.00    0.00    0.00    0.00
OF257.0  -37.846    0.00 8.8751     0.00    0.00    0.00    0.00    0.00
OF258.0  -37.710    0.00 8.8751     0.00    0.00    0.00    0.00    0.00
OF259.0  -37.575    0.00 8.8751     0.00    0.00    0.00    0.00    0.00
OF260.0  -37.440    0.00 8.8751     0.00    0.00    0.00    0.00    0.00
OF261.0  -37.305    0.00 8.8751     0.00    0.00    0.00    0.00    0.00
OF262.0  -37.170    0.00 8.8751     0.00    0.00    0.00    0.00    0.00
OF263.0  -37.035    0.00 8.8751     0.00    0.00    0.00    0.00    0.00
OF264.0  -36.900    0.00 8.8751     0.00    0.00    0.00    0.00    0.00
OF265.0  -36.764    0.00 8.8751     0.00    0.00    0.00    0.00    0.00
OF266.0  -36.629    0.00 8.8751     0.00    0.00    0.00    0.00    0.00
OF267.0  -36.494    0.00 8.8751     0.00    0.00    0.00    0.00    0.00
OF268.0  -36.359    0.00 8.8751     0.00    0.00    0.00    0.00    0.00
OF269.0  -36.224    0.00 8.8751     0.00    0.00    0.00    0.00    0.00
OF270.0  -36.089    0.00 8.8751     0.00    0.00    0.00    0.00    0.00
OF271.0  -35.954    0.00 8.8751     0.00    0.00    0.00    0.00    0.00
OF272.0  -35.819    0.00 8.8751     0.00    0.00    0.00    0.00    0.00
OF273.0  -35.684    0.00 8.8751     0.00    0.00    0.00    0.00    0.00
OF274.0  -35.548    0.00 8.8751     0.00    0.00    0.00    0.00    0.00
OF275.0  -35.413    0.00 8.8751     0.00    0.00    0.00    0.00    0.00
OF276.0  -35.278    0.00 8.8751     0.00    0.00    0.00    0.00    0.00
OF277.0  -35.143    0.00 8.8751     0.00    0.00    0.00    0.00    0.00
OF278.0  -35.008    0.00 8.8751     0.00    0.00    0.00    0.00    0.00
OF279.0  -34.873    0.00 8.8751     0.00    0.00    0.00    0.00    0.00
OF280.0  -34.738    0.00 8.8752     0.00    0.00    0.00    0.00    0.00
OF281.0  -34.603    0.00 8.8752     0.00    0.00    0.00    0.00    0.00
OF282.0  -34.468    0.00 8.8752     0.00    0.00    0.00    0.00    0.00
OF283.0  -34.333    0.00 8.8752     0.00    0.00    0.00    0.00    0.00
OF284.0  -34.198    0.00 8.8752     0.00    0.00    0.00    0.00    0.00
OF285.0  -34.062    0.00 8.8752     0.00    0.00    0.00    0.00    0.00
OF286.0  -33.927    0.00 8.8752     0.00    0.00    0.00    0.00    0.00
OF287.0  -33.792    0.00 8.8752     0.00    0.00    0.00    0.00    0.00
OF288.0  -33.657    0.00 8.8752     0.00    0.00    0.00    0.00    0.00
OF289.0  -33.522    0.00 8.8752     0.00    0.00    0.00    0.00    0.00
OF290.0  -33.387    0.00 8.8752     0.00    0.00    0.00    0.00    0.00
OF291.0  -33.252    0.00 8.8752     0.00    0.00    0.00    0.00    0.00
OF292.0  -33.117    0.00 8.8752     0.00    0.00    0.00    0.00    0.00
OF293.0  -32.981    0.00 8.8752     0.00    0.00    0.00    0.00    0.00
OF294.0  -32.846    0.00 8.8752     0.00    0.00    0.00    0.00    0.00
OF295.0  -32.711    0.00 8.8752     0.00    0.00    0.00    0.00    0.00
OF296.0  -32.576    0.00 8.8752     0.00    0.00    0.00    0.00    0.00
OF297.0  -32.441    0.00 8.8752     0.00    0.00    0.00    0.00    0.00
OF298.0  -32.306    0.00 8.8752     0.00    0.00    0.00    0.00    0.00
OF299.0  -32.171    0.00 8.8752     0.00    0.00    0.00    0.00    0.00
OF300.0  -32.035    0.00 8.8752     0.00    0.00    0.00    0.00    0.00
OF301.0  -31.900    0.00 8.8752     0.00    0.00    0.00    0.00    0.00
OF302.0  -31.765    0.00 8.8752     0.00    0.00    0.00    0.00    0.00
OF303.0  -31.630    0.00 8.8752     0.00    0.00    0.00    0.00    0.00
OF304.0  -31.495    0.00 8.8752     0.00    0.00    0.00    0.00    0.00
OF305.0  -31.360    0.00 8.8752     0.00    0.00    0.00    0.00    0.00
OF306.0  -31.225    0.00 8.8752     0.00    0.00    0.00    0.00    0.00
OF307.0  -31.090    0.00 8.8752     0.00    0.00    0.00    0.00    0.00
OF308.0  -30.955    0.00 8.8752     0.00    0.00    0.00    0.00    0.00
OF309.0  -30.82     0.00 8.8752     0.00    0.00    0.00    0.00    0.00
OF310.0  -30.685    0.00 8.8752     0.00    0.00    0.00    0.00    0.00
OF311.0  -30.549    0.00 8.8752     0.00    0.00    0.00    0.00    0.00
OF312.0  -30.414    0.00 8.8752     0.00    0.00    0.00    0.00    0.00
OF313.0  -30.279    0.00 8.8752     0.00    0.00    0.00    0.00    0.00
OF314.0  -30.144    0.00 8.8752     0.00    0.00    0.00    0.00    0.00
OF315.0  -30.009    0.00 8.8752     0.00    0.00    0.00    0.00    0.00
OF316.0  -29.874    0.00 8.8752     0.00    0.00    0.00    0.00    0.00
OF317.0  -29.739    0.00 8.8752     0.00    0.00    0.00    0.00    0.00
OF318.0  -29.604    0.00 8.8752     0.00    0.00    0.00    0.00    0.00
OF319.0  -29.469    0.00 8.8753     0.00    0.00    0.00    0.00    0.00
OF320.0  -29.334    0.00 8.8753     0.00    0.00    0.00    0.00    0.00
OF321.0  -29.198    0.00 8.8753     0.00    0.00    0.00    0.00    0.00
OF322.0  -29.063    0.00 8.8753     0.00    0.00    0.00    0.00    0.00
OF323.0  -28.928    0.00 8.8753     0.00    0.00    0.00    0.00    0.00
OF324.0  -28.793    0.00 8.8753     0.00    0.00    0.00    0.00    0.00
OF325.0  -28.658    0.00 8.8753     0.00    0.00    0.00    0.00    0.00
OF326.0  -28.523    0.00 8.8753     0.00    0.00    0.00    0.00    0.00
OF327.0  -28.388    0.00 8.8753     0.00    0.00    0.00    0.00    0.00
OF328.0  -28.252    0.00 8.8753     0.00    0.00    0.00    0.00    0.00
OF329.0  -28.117    0.00 8.8753     0.00    0.00    0.00    0.00    0.00
OF330.0  -27.982    0.00 8.8753     0.00    0.00    0.00    0.00    0.00
OF331.0  -27.847    0.00 8.8753     0.00    0.00    0.00    0.00    0.00
OF332.0  -27.712    0.00 8.8753     0.00    0.00    0.00    0.00    0.00
OF333.0  -27.577    0.00 8.8753     0.00    0.00    0.00    0.00    0.00
OF334.0  -27.442    0.00 8.8753     0.00    0.00    0.00    0.00    0.00
OF335.0  -27.307    0.00 8.8753     0.00    0.00    0.00    0.00    0.00
OF336.0  -27.172    0.00 8.8753     0.00    0.00    0.00    0.00    0.00
OF337.0  -27.036    0.00 8.8753     0.00    0.00    0.00    0.00    0.00
OF338.0  -26.901    0.00 8.8753     0.00    0.00    0.00    0.00    0.00
OF339.0  -26.766    0.00 8.8753     0.00    0.00    0.00    0.00    0.00
OF340.0  -26.631    0.00 8.8753     0.00    0.00    0.00    0.00    0.00
OF341.0  -26.496    0.00 8.8753     0.00    0.00    0.00    0.00    0.00
OF342.0  -26.361    0.00 8.8753     0.00    0.00    0.00    0.00    0.00
OF343.0  -26.226    0.00 8.8753     0.00    0.00    0.00    0.00    0.00
OF344.0  -26.091    0.00 8.8753     0.00    0.00    0.00    0.00    0.00
OF345.0  -25.956    0.00 8.8753     0.00    0.00    0.00    0.00    0.00
OF346.0  -25.821    0.00 8.8753     0.00    0.00    0.00    0.00    0.00
OF347.0  -25.685    0.00 8.8753     0.00    0.00    0.00    0.00    0.00
OF348.0  -25.550    0.00 8.8753     0.00    0.00    0.00    0.00    0.00
OF349.0  -25.415    0.00 8.8753     0.00    0.00    0.00    0.00    0.00
OF350.0  -25.280    0.00 8.8753     0.00    0.00    0.00    0.00    0.00
OF351.0  -25.145    0.00 8.8753     0.00    0.00    0.00    0.00    0.00
OF352.0  -25.010    0.00 8.8753     0.00    0.00    0.00    0.00    0.00
OF353.0  -24.875    0.00 8.8753     0.00    0.00    0.00    0.00    0.00
OF354.0  -24.740    0.00 8.8753     0.00    0.00    0.00    0.00    0.00
OF355.0  -24.605    0.00 8.8753     0.00    0.00    0.00    0.00    0.00
OF356.0  -24.469    0.00 8.8753     0.00    0.00    0.00    0.00    0.00
OF357.0  -24.334    0.00 8.8754     0.00    0.00    0.00    0.00    0.00
OF358.0  -24.199    0.00 8.8754     0.00    0.00    0.00    0.00    0.00
OF359.0  -24.064    0.00 8.8754     0.00    0.00    0.00    0.00    0.00
OF360.0  -23.929    0.00 8.8754     0.00    0.00    0.00    0.00    0.00
OF361.0  -23.794    0.00 8.8754     0.00    0.00    0.00    0.00    0.00
OF362.0  -23.659    0.00 8.8754     0.00    0.00    0.00    0.00    0.00
OF363.0  -23.523    0.00 8.8754     0.00    0.00    0.00    0.00    0.00
OF364.0  -23.388    0.00 8.8754     0.00    0.00    0.00    0.00    0.00
OF365.0  -23.253    0.00 8.8754     0.00    0.00    0.00    0.00    0.00
OF366.0  -23.118    0.00 8.8754     0.00    0.00    0.00    0.00    0.00
OF367.0  -22.983    0.00 8.8754     0.00    0.00    0.00    0.00    0.00
OF368.0  -22.848    0.00 8.8754     0.00    0.00    0.00    0.00    0.00
OF369.0  -22.713    0.00 8.8754     0.00    0.00    0.00    0.00    0.00
OF370.0  -22.578    0.00 8.8754     0.00    0.00    0.00    0.00    0.00
OF371.0  -22.443    0.00 8.8754     0.00    0.00    0.00    0.00    0.00
OF372.0  -22.308    0.00 8.8754     0.00    0.00    0.00    0.00    0.00
OF373.0  -22.172    0.00 8.8754     0.00    0.00    0.00    0.00    0.00
OF374.0  -22.037    0.00 8.8754     0.00    0.00    0.00    0.00    0.00
OF375.0  -21.902    0.00 8.8754     0.00    0.00    0.00    0.00    0.00
OF376.0  -21.767    0.00 8.8754     0.00    0.00    0.00    0.00    0.00
OF377.0  -21.632    0.00 8.8754     0.00    0.00    0.00    0.00    0.00
OF378.0  -21.497    0.00 8.8754     0.00    0.00    0.00    0.00    0.00
OF379.0  -21.362    0.00 8.8754     0.00    0.00    0.00    0.00    0.00
OF380.0  -21.227    0.00 8.8754     0.00    0.00    0.00    0.00    0.00
OF381.0  -21.092    0.00 8.8754     0.00    0.00    0.00    0.00    0.00
OF382.0  -20.957    0.00 8.8754     0.00    0.00    0.00    0.00    0.00
OF383.0  -20.821    0.00 8.8754     0.00    0.00    0.00    0.00    0.00
OF384.0  -20.686    0.00 8.8754     0.00    0.00    0.00    0.00    0.00
OF385.0  -20.551    0.00 8.8754     0.00    0.00    0.00    0.00    0.00
OF386.0  -20.416    0.00 8.8754     0.00    0.00    0.00    0.00    0.00
OF387.0  -20.281    0.00 8.8754     0.00    0.00    0.00    0.00    0.00
OF388.0  -20.131    0.00 8.8754     0.00    0.00    0.00    0.00    0.00
OF389.0  -19.978    0.00 8.8754     0.00    0.00    0.00    0.00    0.00
OF390.0  -19.825    0.00 8.8754     0.00    0.00    0.00    0.00    0.00
OF391.0  -19.672    0.00 8.8754     0.00    0.00    0.00    0.00    0.00
OF392.0  -19.519    0.00 8.8754     0.00    0.00    0.00    0.00    0.00
OF393.0  -19.367    0.00 8.8754     0.00    0.00    0.00    0.00    0.00
OF394.0  -19.214    0.00 8.8754     0.00    0.00    0.00    0.00    0.00
OF395.0  -19.061    0.00 8.8754     0.00    0.00    0.00    0.00    0.00
OF396.0  -18.908    0.00 8.8754     0.00    0.00    0.00    0.00    0.00
OF397.0  -18.755    0.00 8.8754     0.00    0.00    0.00    0.00    0.00
OF398.0  -18.602    0.00 8.8754     0.00    0.00    0.00    0.00    0.00
OF399.0  -18.449    0.00 8.8754     0.00    0.00    0.00    0.00    0.00
OF400.0  -18.297    0.00 8.8754     0.00    0.00    0.00    0.00    0.00
OF401.0  -18.144    0.00 8.8754     0.00    0.00    0.00    0.00    0.00
OF402.0  -17.991    0.00 8.8754     0.00    0.00    0.00    0.00    0.00
OF403.0  -17.838    0.00 8.8754     0.00    0.00    0.00    0.00    0.00
OF404.0  -17.685    0.00 8.8754     0.00    0.00    0.00    0.00    0.00
OF405.0  -17.532    0.00 8.8754     0.00    0.00    0.00    0.00    0.00
OF406.0  -17.379    0.00 8.8754     0.00    0.00    0.00    0.00    0.00
OF407.0  -17.227    0.00 8.8754     0.00    0.00    0.00    0.00    0.00
OF408.0  -17.074    0.00 8.8754     0.00    0.00    0.00    0.00    0.00
OF409.0  -16.921    0.00 8.8754     0.00    0.00    0.00    0.00    0.00
OF410.0  -16.768    0.00 8.8754     0.00    0.00    0.00    0.00    0.00
OF411.0  -16.615    0.00 8.8754     0.00    0.00    0.00    0.00    0.00
OF412.0  -16.462    0.00 8.8754     0.00    0.00    0.00    0.00    0.00
OF413.0  -16.309    0.00 8.8754     0.00    0.00    0.00    0.00    0.00
OF414.0  -16.156    0.00 8.8754     0.00    0.00    0.00    0.00    0.00
OF415.0  -16.004    0.00 8.8754     0.00    0.00    0.00    0.00    0.00
OF416.0  -15.851    0.00 8.8754     0.00    0.00    0.00    0.00    0.00
OF417.0  -15.698    0.00 8.8754     0.00    0.00    0.00    0.00    0.00
OF418.0  -15.545    0.00 8.8754     0.00    0.00    0.00    0.00    0.00
OF419.0  -15.392    0.00 8.8754     0.00    0.00    0.00    0.00    0.00
OF420.0  -15.239    0.00 8.8754     0.00    0.00    0.00    0.00    0.00
OF421.0  -15.086    0.00 8.8754     0.00    0.00    0.00    0.00    0.00
OF422.0  -14.934    0.00 8.8754     0.00    0.00    0.00    0.00    0.00
OF423.0  -14.781    0.00 8.8754     0.00    0.00    0.00    0.00    0.00
OF424.0  -14.628    0.00 8.8754     0.00    0.00    0.00    0.00    0.00
OF425.0  -14.475    0.00 8.8754     0.00    0.00    0.00    0.00    0.00
OF426.0  -14.322    0.00 8.8754     0.00    0.00    0.00    0.00    0.00
OF427.0  -14.169    0.00 8.8754     0.00    0.00    0.00    0.00    0.00
OF428.0  -14.016    0.00 8.8754     0.00    0.00    0.00    0.00    0.00
OF429.0  -13.864    0.00 8.8754     0.00    0.00    0.00    0.00    0.00
OF430.0  -13.711    0.00 8.8754     0.00    0.00    0.00    0.00    0.00
OF431.0  -13.558    0.00 8.8754     0.00    0.00    0.00    0.00    0.00
OF432.0  -13.405    0.00 8.8754     0.00    0.00    0.00    0.00    0.00
OF433.0  -13.252    0.00 8.8754     0.00    0.00    0.00    0.00    0.00
OF434.0  -13.099    0.00 8.8754     0.00    0.00    0.00    0.00    0.00
OF435.0  -12.946    0.00 8.8754     0.00    0.00    0.00    0.00    0.00
OF436.0  -12.794    0.00 8.8754     0.00    0.00    0.00    0.00    0.00
OF437.0  -12.641    0.00 8.8754     0.00    0.00    0.00    0.00    0.00
OF438.0  -12.488    0.00 8.8754     0.00    0.00    0.00    0.00    0.00
OF439.0  -12.335    0.00 8.8754     0.00    0.00    0.00    0.00    0.00
OF440.0  -12.182    0.00 8.8754     0.00    0.00    0.00    0.00    0.00
OF441.0  -12.029    0.00 8.8754     0.00    0.00    0.00    0.00    0.00
OF442.0  -11.876    0.00 8.8754     0.00    0.00    0.00    0.00    0.00
OF443.0  -11.723    0.00 8.8754     0.00    0.00    0.00    0.00    0.00
OF444.0  -11.571    0.00 8.8754     0.00    0.00    0.00    0.00    0.00
OF445.0  -11.418    0.00 8.8754     0.00    0.00    0.00    0.00    0.00
OF446.0  -11.265    0.00 8.8754     0.00    0.00    0.00    0.00    0.00
OF447.0  -11.112    0.00 8.8754     0.00    0.00    0.00    0.00    0.00
OF448.0  -10.959    0.00 8.8754     0.00    0.00    0.00    0.00    0.00
OF449.0  -10.806    0.00 8.8754     0.00    0.00    0.00    0.00    0.00
OF450.0  -10.653    0.00 8.8754     0.00    0.00    0.00    0.00    0.00
OF451.0  -10.501    0.00 8.8754     0.00    0.00    0.00    0.00    0.00
OF452.0  -10.348    0.00 8.8754     0.00    0.00    0.00    0.00    0.00
OF453.0  -10.195    0.00 8.8754     0.00    0.00    0.00    0.00    0.00
OF454.0  -10.042    0.00 8.8754     0.00    0.00    0.00    0.00    0.00
OF455.0  -9.8894    0.00 8.8754     0.00    0.00    0.00    0.00    0.00
OF456.0  -9.7366    0.00 8.8754     0.00    0.00    0.00    0.00    0.00
OF457.0  -9.5838    0.00 8.8754     0.00    0.00    0.00    0.00    0.00
OF458.0  -9.431     0.00 8.8754     0.00    0.00    0.00    0.00    0.00
OF459.0  -9.2782    0.00 8.8754     0.00    0.00    0.00    0.00    0.00
OF460.0  -9.125     0.00 8.8754     0.00    0.00    0.00    0.00    0.00
OF461.0  -8.9721    0.00 8.8754     0.00    0.00    0.00    0.00    0.00
OF462.0  -8.8194    0.00 8.8754     0.00    0.00    0.00    0.00    0.00
OF463.0  -8.6665    0.00 8.8754     0.00    0.00    0.00    0.00    0.00
OF464.0  -8.5138    0.00 8.8754     0.00    0.00    0.00    0.00    0.00
OF465.0  -8.3609    0.00 8.8754     0.00    0.00    0.00    0.00    0.00
OF466.0  -8.2081    0.00 8.8754     0.00    0.00    0.00    0.00    0.00
OF467.0  -8.0549    0.00 8.8754     0.00    0.00    0.00    0.00    0.00
OF468.0  -7.902     0.00 8.8754     0.00    0.00    0.00    0.00    0.00
OF469.0  -7.7493    0.00 8.8754     0.00    0.00    0.00    0.00    0.00
OF470.0  -7.5964    0.00 8.8754     0.00    0.00    0.00    0.00    0.00
OF471.0  -7.4437    0.00 8.8754     0.00    0.00    0.00    0.00    0.00
OF472.0  -7.2909    0.00 8.8754     0.00    0.00    0.00    0.00    0.00
OF473.0  -7.138     0.00 8.8754     0.00    0.00    0.00    0.00    0.00
OF475.0  -6.832     0.00 8.8754     0.00    0.00    0.00    0.00    0.00
OF476.0  -6.6792    0.00 8.8754     0.00    0.00    0.00    0.00    0.00
OF478.0  -6.3736    0.00 8.8754     0.00    0.00    0.00    0.00    0.00
OF479.0  -6.2208    0.00 8.8754     0.00    0.00    0.00    0.00    0.00
OF481.0  -5.9148    0.00 8.8754     0.00    0.00    0.00    0.00    0.00
OF482.0  -5.7619    0.00 8.8754     0.00    0.00    0.00    0.00    0.00
OF484.0  -5.4563    0.00 8.8754     0.00    0.00    0.00    0.00    0.00
OF485.0  -5.3036    0.00 8.8754     0.00    0.00    0.00    0.00    0.00
OF487.0  -4.9979    0.00 8.8754     0.00    0.00    0.00    0.00    0.00
OF488.0  -4.8447    0.00 8.8754     0.00    0.00    0.00    0.00    0.00
OF490.0  -4.5391    0.00 8.8754     0.00    0.00    0.00    0.00    0.00
OF491.0  -4.3863    0.00 8.8754     0.00    0.00    0.00    0.00    0.00
OF497.0  -3.4691    0.00 8.8754     0.00    0.00    0.00    0.00    0.00
OF500.0  -3.0106    0.00 8.8754     0.00    0.00    0.00    0.00    0.00
OF505.0  -2.2462    0.00 8.8754     0.00    0.00    0.00    0.00    0.00
OF506.0  -2.0933    0.00 8.8754     0.00    0.00    0.00    0.00    0.00
OF568.0  -5.0558    0.00 8.8754     0.00    0.00    0.00    0.00    0.00
OF582.0  -5.2526    0.00 8.8754     0.00    0.00    0.00    0.00    0.00
IF601.5  0.58071    0.00 8.8754     0.00    0.00    0.00    0.00    0.00
IF613.0  2.4213     0.00 8.8754     0.00    0.00    0.00    0.00    0.00
IF622.5  3.1726     0.00 8.8754     0.00    0.00    0.00    0.00    0.00
IF629.1  8.8754     0.00 8.8754     0.00    0.00    0.00    0.00    0.00
PS START(429569.5341,4853170.2717)
PS END(429389.5632,4853262.5205)
ET
 
 
 
