header
IE0.0    -16.937       1       1 8.8189  8.4325  12.3104   56.14   56.14
OF1.0    -16.919    0.00 8.8189     0.00    0.00    0.00    0.00    0.00
OF2.0    -16.901    0.00 8.8189     0.00    0.00    0.00    0.00    0.00
OF3.0    -16.882    0.00 8.8189     0.00    0.00    0.00    0.00    0.00
OF4.0    -16.864    0.00 8.8189     0.00    0.00    0.00    0.00    0.00
OF5.0    -16.846    0.00 8.8189     0.00    0.00    0.00    0.00    0.00
OF6.0    -16.82     0.00 8.8189     0.00    0.00    0.00    0.00    0.00
OF7.0    -16.786    0.00 8.8189     0.00    0.00    0.00    0.00    0.00
OF8.0    -16.753    0.00 8.8189     0.00    0.00    0.00    0.00    0.00
OF9.0    -16.719    0.00 8.8189     0.00    0.00    0.00    0.00    0.00
OF10.0   -16.686    0.00 8.8189     0.00    0.00    0.00    0.00    0.00
OF11.0   -16.653    0.00 8.8189     0.00    0.00    0.00    0.00    0.00
OF12.0   -16.619    0.00 8.8189     0.00    0.00    0.00    0.00    0.00
OF13.0   -16.586    0.00 8.8189     0.00    0.00    0.00    0.00    0.00
OF14.0   -16.552    0.00 8.8189     0.00    0.00    0.00    0.00    0.00
OF15.0   -16.519    0.00 8.8189     0.00    0.00    0.00    0.00    0.00
OF16.0   -16.485    0.00 8.8189     0.00    0.00    0.00    0.00    0.00
OF17.0   -16.452    0.00 8.819      0.00    0.00    0.00    0.00    0.00
OF18.0   -16.419    0.00 8.819      0.00    0.00    0.00    0.00    0.00
OF19.0   -16.385    0.00 8.819      0.00    0.00    0.00    0.00    0.00
OF20.0   -16.352    0.00 8.819      0.00    0.00    0.00    0.00    0.00
OF21.0   -16.318    0.00 8.819      0.00    0.00    0.00    0.00    0.00
OF22.0   -16.285    0.00 8.819      0.00    0.00    0.00    0.00    0.00
OF23.0   -16.252    0.00 8.819      0.00    0.00    0.00    0.00    0.00
OF24.0   -16.218    0.00 8.819      0.00    0.00    0.00    0.00    0.00
OF25.0   -16.185    0.00 8.819      0.00    0.00    0.00    0.00    0.00
OF26.0   -16.151    0.00 8.819      0.00    0.00    0.00    0.00    0.00
OF27.0   -16.118    0.00 8.819      0.00    0.00    0.00    0.00    0.00
OF28.0   -16.084    0.00 8.819      0.00    0.00    0.00    0.00    0.00
OF29.0   -16.051    0.00 8.819      0.00    0.00    0.00    0.00    0.00
OF30.0   -16.018    0.00 8.819      0.00    0.00    0.00    0.00    0.00
OF31.0   -15.984    0.00 8.8191     0.00    0.00    0.00    0.00    0.00
OF32.0   -15.951    0.00 8.8191     0.00    0.00    0.00    0.00    0.00
OF33.0   -15.917    0.00 8.8191     0.00    0.00    0.00    0.00    0.00
OF34.0   -15.884    0.00 8.8191     0.00    0.00    0.00    0.00    0.00
OF35.0   -15.850    0.00 8.8191     0.00    0.00    0.00    0.00    0.00
OF36.0   -15.817    0.00 8.8191     0.00    0.00    0.00    0.00    0.00
OF37.0   -15.784    0.00 8.8191     0.00    0.00    0.00    0.00    0.00
OF38.0   -15.750    0.00 8.8191     0.00    0.00    0.00    0.00    0.00
OF39.0   -15.717    0.00 8.8191     0.00    0.00    0.00    0.00    0.00
OF40.0   -15.683    0.00 8.8191     0.00    0.00    0.00    0.00    0.00
OF41.0   -15.650    0.00 8.8191     0.00    0.00    0.00    0.00    0.00
OF42.0   -15.617    0.00 8.8191     0.00    0.00    0.00    0.00    0.00
OF43.0   -15.583    0.00 8.8191     0.00    0.00    0.00    0.00    0.00
OF44.0   -15.552    0.00 8.8191     0.00    0.00    0.00    0.00    0.00
OF45.0   -15.525    0.00 8.8191     0.00    0.00    0.00    0.00    0.00
OF46.0   -15.497    0.00 8.8191     0.00    0.00    0.00    0.00    0.00
OF47.0   -15.470    0.00 8.8191     0.00    0.00    0.00    0.00    0.00
OF48.0   -15.442    0.00 8.8191     0.00    0.00    0.00    0.00    0.00
OF49.0   -15.415    0.00 8.8191     0.00    0.00    0.00    0.00    0.00
OF50.0   -15.387    0.00 8.8191     0.00    0.00    0.00    0.00    0.00
OF51.0   -15.359    0.00 8.8191     0.00    0.00    0.00    0.00    0.00
OF52.0   -15.332    0.00 8.8191     0.00    0.00    0.00    0.00    0.00
OF53.0   -15.304    0.00 8.8191     0.00    0.00    0.00    0.00    0.00
OF54.0   -15.277    0.00 8.8191     0.00    0.00    0.00    0.00    0.00
OF55.0   -15.249    0.00 8.8191     0.00    0.00    0.00    0.00    0.00
OF56.0   -15.222    0.00 8.8191     0.00    0.00    0.00    0.00    0.00
OF57.0   -15.194    0.00 8.8191     0.00    0.00    0.00    0.00    0.00
OF58.0   -15.167    0.00 8.8191     0.00    0.00    0.00    0.00    0.00
OF59.0   -15.139    0.00 8.8191     0.00    0.00    0.00    0.00    0.00
OF60.0   -15.111    0.00 8.8191     0.00    0.00    0.00    0.00    0.00
OF61.0   -15.084    0.00 8.8191     0.00    0.00    0.00    0.00    0.00
OF62.0   -15.056    0.00 8.8191     0.00    0.00    0.00    0.00    0.00
OF63.0   -15.029    0.00 8.8191     0.00    0.00    0.00    0.00    0.00
OF64.0   -15.001    0.00 8.8191     0.00    0.00    0.00    0.00    0.00
OF65.0   -14.974    0.00 8.8191     0.00    0.00    0.00    0.00    0.00
OF66.0   -14.946    0.00 8.8191     0.00    0.00    0.00    0.00    0.00
OF67.0   -14.918    0.00 8.8191     0.00    0.00    0.00    0.00    0.00
OF68.0   -14.891    0.00 8.8191     0.00    0.00    0.00    0.00    0.00
OF69.0   -14.863    0.00 8.8191     0.00    0.00    0.00    0.00    0.00
OF70.0   -14.836    0.00 8.8191     0.00    0.00    0.00    0.00    0.00
OF71.0   -14.808    0.00 8.8191     0.00    0.00    0.00    0.00    0.00
OF72.0   -14.781    0.00 8.8191     0.00    0.00    0.00    0.00    0.00
OF73.0   -14.753    0.00 8.8191     0.00    0.00    0.00    0.00    0.00
OF74.0   -14.726    0.00 8.8191     0.00    0.00    0.00    0.00    0.00
OF75.0   -14.698    0.00 8.8191     0.00    0.00    0.00    0.00    0.00
OF76.0   -14.670    0.00 8.8191     0.00    0.00    0.00    0.00    0.00
OF77.0   -14.643    0.00 8.8191     0.00    0.00    0.00    0.00    0.00
OF78.0   -14.615    0.00 8.8191     0.00    0.00    0.00    0.00    0.00
OF79.0   -14.588    0.00 8.8191     0.00    0.00    0.00    0.00    0.00
OF80.0   -14.560    0.00 8.8191     0.00    0.00    0.00    0.00    0.00
OF81.0   -14.533    0.00 8.8191     0.00    0.00    0.00    0.00    0.00
OF82.0   -14.505    0.00 8.8191     0.00    0.00    0.00    0.00    0.00
OF83.0   -14.477    0.00 8.8191     0.00    0.00    0.00    0.00    0.00
OF84.0   -14.450    0.00 8.8191     0.00    0.00    0.00    0.00    0.00
OF85.0   -14.422    0.00 8.8191     0.00    0.00    0.00    0.00    0.00
OF86.0   -14.395    0.00 8.8191     0.00    0.00    0.00    0.00    0.00
OF87.0   -14.367    0.00 8.8191     0.00    0.00    0.00    0.00    0.00
OF88.0   -14.340    0.00 8.8191     0.00    0.00    0.00    0.00    0.00
OF89.0   -14.312    0.00 8.8191     0.00    0.00    0.00    0.00    0.00
OF90.0   -14.285    0.00 8.8191     0.00    0.00    0.00    0.00    0.00
OF91.0   -14.257    0.00 8.8191     0.00    0.00    0.00    0.00    0.00
OF92.0   -14.229    0.00 8.8191     0.00    0.00    0.00    0.00    0.00
OF93.0   -14.202    0.00 8.8191     0.00    0.00    0.00    0.00    0.00
OF94.0   -14.174    0.00 8.8191     0.00    0.00    0.00    0.00    0.00
OF95.0   -14.147    0.00 8.8191     0.00    0.00    0.00    0.00    0.00
OF96.0   -14.119    0.00 8.8191     0.00    0.00    0.00    0.00    0.00
OF97.0   -14.092    0.00 8.8191     0.00    0.00    0.00    0.00    0.00
OF98.0   -14.064    0.00 8.8191     0.00    0.00    0.00    0.00    0.00
OF99.0   -14.036    0.00 8.8191     0.00    0.00    0.00    0.00    0.00
OF100.0  -14.009    0.00 8.8191     0.00    0.00    0.00    0.00    0.00
OF101.0  -13.981    0.00 8.8191     0.00    0.00    0.00    0.00    0.00
OF102.0  -13.954    0.00 8.8191     0.00    0.00    0.00    0.00    0.00
OF103.0  -13.926    0.00 8.8191     0.00    0.00    0.00    0.00    0.00
OF104.0  -13.899    0.00 8.8191     0.00    0.00    0.00    0.00    0.00
OF105.0  -13.871    0.00 8.8191     0.00    0.00    0.00    0.00    0.00
OF106.0  -13.844    0.00 8.8191     0.00    0.00    0.00    0.00    0.00
OF107.0  -13.816    0.00 8.8191     0.00    0.00    0.00    0.00    0.00
OF108.0  -13.789    0.00 8.8191     0.00    0.00    0.00    0.00    0.00
OF109.0  -13.761    0.00 8.8191     0.00    0.00    0.00    0.00    0.00
OF110.0  -13.733    0.00 8.8191     0.00    0.00    0.00    0.00    0.00
OF111.0  -13.706    0.00 8.8191     0.00    0.00    0.00    0.00    0.00
OF112.0  -13.678    0.00 8.8191     0.00    0.00    0.00    0.00    0.00
OF113.0  -13.651    0.00 8.8191     0.00    0.00    0.00    0.00    0.00
OF114.0  -13.623    0.00 8.8191     0.00    0.00    0.00    0.00    0.00
OF115.0  -13.596    0.00 8.8191     0.00    0.00    0.00    0.00    0.00
OF116.0  -13.568    0.00 8.8191     0.00    0.00    0.00    0.00    0.00
OF117.0  -13.540    0.00 8.8191     0.00    0.00    0.00    0.00    0.00
OF118.0  -13.513    0.00 8.8191     0.00    0.00    0.00    0.00    0.00
OF119.0  -13.485    0.00 8.8191     0.00    0.00    0.00    0.00    0.00
OF120.0  -13.458    0.00 8.8191     0.00    0.00    0.00    0.00    0.00
OF121.0  -13.430    0.00 8.8191     0.00    0.00    0.00    0.00    0.00
OF122.0  -13.403    0.00 8.8191     0.00    0.00    0.00    0.00    0.00
OF123.0  -13.376    0.00 8.8191     0.00    0.00    0.00    0.00    0.00
OF124.0  -13.351    0.00 8.8191     0.00    0.00    0.00    0.00    0.00
OF125.0  -13.325    0.00 8.8191     0.00    0.00    0.00    0.00    0.00
OF126.0  -13.299    0.00 8.819      0.00    0.00    0.00    0.00    0.00
OF127.0  -13.274    0.00 8.819      0.00    0.00    0.00    0.00    0.00
OF128.0  -13.248    0.00 8.819      0.00    0.00    0.00    0.00    0.00
OF129.0  -13.222    0.00 8.819      0.00    0.00    0.00    0.00    0.00
OF130.0  -13.197    0.00 8.819      0.00    0.00    0.00    0.00    0.00
OF131.0  -13.171    0.00 8.819      0.00    0.00    0.00    0.00    0.00
OF132.0  -13.145    0.00 8.819      0.00    0.00    0.00    0.00    0.00
OF133.0  -13.120    0.00 8.8189     0.00    0.00    0.00    0.00    0.00
OF134.0  -13.094    0.00 8.8189     0.00    0.00    0.00    0.00    0.00
OF135.0  -13.068    0.00 8.8189     0.00    0.00    0.00    0.00    0.00
OF136.0  -13.043    0.00 8.8189     0.00    0.00    0.00    0.00    0.00
OF137.0  -13.017    0.00 8.8189     0.00    0.00    0.00    0.00    0.00
OF138.0  -12.991    0.00 8.8189     0.00    0.00    0.00    0.00    0.00
OF139.0  -12.966    0.00 8.8189     0.00    0.00    0.00    0.00    0.00
OF140.0  -12.940    0.00 8.8189     0.00    0.00    0.00    0.00    0.00
OF141.0  -12.914    0.00 8.8188     0.00    0.00    0.00    0.00    0.00
OF142.0  -12.889    0.00 8.8188     0.00    0.00    0.00    0.00    0.00
OF143.0  -12.863    0.00 8.8188     0.00    0.00    0.00    0.00    0.00
OF144.0  -12.838    0.00 8.8188     0.00    0.00    0.00    0.00    0.00
OF145.0  -12.812    0.00 8.8188     0.00    0.00    0.00    0.00    0.00
OF146.0  -12.786    0.00 8.8188     0.00    0.00    0.00    0.00    0.00
OF147.0  -12.761    0.00 8.8188     0.00    0.00    0.00    0.00    0.00
OF148.0  -12.735    0.00 8.8187     0.00    0.00    0.00    0.00    0.00
OF149.0  -12.709    0.00 8.8187     0.00    0.00    0.00    0.00    0.00
OF150.0  -12.684    0.00 8.8187     0.00    0.00    0.00    0.00    0.00
OF151.0  -12.658    0.00 8.8187     0.00    0.00    0.00    0.00    0.00
OF152.0  -12.632    0.00 8.8187     0.00    0.00    0.00    0.00    0.00
OF153.0  -12.607    0.00 8.8187     0.00    0.00    0.00    0.00    0.00
OF154.0  -12.581    0.00 8.8187     0.00    0.00    0.00    0.00    0.00
OF155.0  -12.555    0.00 8.8187     0.00    0.00    0.00    0.00    0.00
OF156.0  -12.530    0.00 8.8186     0.00    0.00    0.00    0.00    0.00
OF157.0  -12.504    0.00 8.8186     0.00    0.00    0.00    0.00    0.00
OF158.0  -12.478    0.00 8.8186     0.00    0.00    0.00    0.00    0.00
OF159.0  -12.453    0.00 8.8186     0.00    0.00    0.00    0.00    0.00
OF160.0  -12.427    0.00 8.8186     0.00    0.00    0.00    0.00    0.00
OF161.0  -12.401    0.00 8.8186     0.00    0.00    0.00    0.00    0.00
OF162.0  -12.376    0.00 8.8186     0.00    0.00    0.00    0.00    0.00
OF163.0  -12.350    0.00 8.8185     0.00    0.00    0.00    0.00    0.00
OF164.0  -12.324    0.00 8.8185     0.00    0.00    0.00    0.00    0.00
OF165.0  -12.299    0.00 8.8185     0.00    0.00    0.00    0.00    0.00
OF166.0  -12.273    0.00 8.8185     0.00    0.00    0.00    0.00    0.00
OF167.0  -12.248    0.00 8.8185     0.00    0.00    0.00    0.00    0.00
OF168.0  -12.222    0.00 8.8185     0.00    0.00    0.00    0.00    0.00
OF169.0  -12.196    0.00 8.8185     0.00    0.00    0.00    0.00    0.00
OF170.0  -12.171    0.00 8.8185     0.00    0.00    0.00    0.00    0.00
OF171.0  -12.145    0.00 8.8184     0.00    0.00    0.00    0.00    0.00
OF172.0  -12.119    0.00 8.8184     0.00    0.00    0.00    0.00    0.00
OF173.0  -12.094    0.00 8.8184     0.00    0.00    0.00    0.00    0.00
OF174.0  -12.068    0.00 8.8184     0.00    0.00    0.00    0.00    0.00
OF175.0  -12.042    0.00 8.8184     0.00    0.00    0.00    0.00    0.00
OF176.0  -12.017    0.00 8.8184     0.00    0.00    0.00    0.00    0.00
OF177.0  -11.991    0.00 8.8184     0.00    0.00    0.00    0.00    0.00
OF178.0  -11.965    0.00 8.8183     0.00    0.00    0.00    0.00    0.00
OF179.0  -11.940    0.00 8.8183     0.00    0.00    0.00    0.00    0.00
OF180.0  -11.914    0.00 8.8183     0.00    0.00    0.00    0.00    0.00
OF181.0  -11.888    0.00 8.8183     0.00    0.00    0.00    0.00    0.00
OF182.0  -11.863    0.00 8.8183     0.00    0.00    0.00    0.00    0.00
OF183.0  -11.837    0.00 8.8183     0.00    0.00    0.00    0.00    0.00
OF184.0  -11.811    0.00 8.8183     0.00    0.00    0.00    0.00    0.00
OF185.0  -11.785    0.00 8.8183     0.00    0.00    0.00    0.00    0.00
OF186.0  -11.753    0.00 8.8183     0.00    0.00    0.00    0.00    0.00
OF187.0  -11.721    0.00 8.8183     0.00    0.00    0.00    0.00    0.00
OF188.0  -11.690    0.00 8.8183     0.00    0.00    0.00    0.00    0.00
OF189.0  -11.658    0.00 8.8183     0.00    0.00    0.00    0.00    0.00
OF190.0  -11.626    0.00 8.8183     0.00    0.00    0.00    0.00    0.00
OF191.0  -11.594    0.00 8.8183     0.00    0.00    0.00    0.00    0.00
OF192.0  -11.563    0.00 8.8183     0.00    0.00    0.00    0.00    0.00
OF193.0  -11.531    0.00 8.8183     0.00    0.00    0.00    0.00    0.00
OF194.0  -11.499    0.00 8.8183     0.00    0.00    0.00    0.00    0.00
OF195.0  -11.468    0.00 8.8183     0.00    0.00    0.00    0.00    0.00
OF196.0  -11.436    0.00 8.8183     0.00    0.00    0.00    0.00    0.00
OF197.0  -11.404    0.00 8.8183     0.00    0.00    0.00    0.00    0.00
OF198.0  -11.372    0.00 8.8182     0.00    0.00    0.00    0.00    0.00
OF199.0  -11.341    0.00 8.8182     0.00    0.00    0.00    0.00    0.00
OF200.0  -11.309    0.00 8.8182     0.00    0.00    0.00    0.00    0.00
OF201.0  -11.277    0.00 8.8182     0.00    0.00    0.00    0.00    0.00
OF202.0  -11.246    0.00 8.8182     0.00    0.00    0.00    0.00    0.00
OF203.0  -11.214    0.00 8.8182     0.00    0.00    0.00    0.00    0.00
OF204.0  -11.182    0.00 8.8182     0.00    0.00    0.00    0.00    0.00
OF205.0  -11.150    0.00 8.8182     0.00    0.00    0.00    0.00    0.00
OF206.0  -11.119    0.00 8.8182     0.00    0.00    0.00    0.00    0.00
OF207.0  -11.087    0.00 8.8182     0.00    0.00    0.00    0.00    0.00
OF208.0  -11.055    0.00 8.8182     0.00    0.00    0.00    0.00    0.00
OF209.0  -11.024    0.00 8.8182     0.00    0.00    0.00    0.00    0.00
OF210.0  -10.992    0.00 8.8182     0.00    0.00    0.00    0.00    0.00
OF211.0  -10.960    0.00 8.8182     0.00    0.00    0.00    0.00    0.00
OF212.0  -10.928    0.00 8.8182     0.00    0.00    0.00    0.00    0.00
OF213.0  -10.897    0.00 8.8182     0.00    0.00    0.00    0.00    0.00
OF214.0  -10.865    0.00 8.8182     0.00    0.00    0.00    0.00    0.00
OF215.0  -10.833    0.00 8.8182     0.00    0.00    0.00    0.00    0.00
OF216.0  -10.801    0.00 8.8182     0.00    0.00    0.00    0.00    0.00
OF217.0  -10.770    0.00 8.8182     0.00    0.00    0.00    0.00    0.00
OF218.0  -10.738    0.00 8.8182     0.00    0.00    0.00    0.00    0.00
OF219.0  -10.706    0.00 8.8182     0.00    0.00    0.00    0.00    0.00
OF220.0  -10.675    0.00 8.8182     0.00    0.00    0.00    0.00    0.00
OF221.0  -10.643    0.00 8.8182     0.00    0.00    0.00    0.00    0.00
OF222.0  -10.611    0.00 8.8182     0.00    0.00    0.00    0.00    0.00
OF223.0  -10.58     0.00 8.8182     0.00    0.00    0.00    0.00    0.00
OF224.0  -10.548    0.00 8.8182     0.00    0.00    0.00    0.00    0.00
OF225.0  -10.516    0.00 8.8182     0.00    0.00    0.00    0.00    0.00
OF226.0  -10.484    0.00 8.8182     0.00    0.00    0.00    0.00    0.00
OF227.0  -10.453    0.00 8.8182     0.00    0.00    0.00    0.00    0.00
OF228.0  -10.421    0.00 8.8182     0.00    0.00    0.00    0.00    0.00
OF229.0  -10.389    0.00 8.8182     0.00    0.00    0.00    0.00    0.00
OF230.0  -10.358    0.00 8.8182     0.00    0.00    0.00    0.00    0.00
OF231.0  -10.326    0.00 8.8182     0.00    0.00    0.00    0.00    0.00
OF232.0  -10.294    0.00 8.8182     0.00    0.00    0.00    0.00    0.00
OF233.0  -10.262    0.00 8.8182     0.00    0.00    0.00    0.00    0.00
OF234.0  -10.231    0.00 8.8182     0.00    0.00    0.00    0.00    0.00
OF235.0  -10.199    0.00 8.8182     0.00    0.00    0.00    0.00    0.00
OF236.0  -10.167    0.00 8.8182     0.00    0.00    0.00    0.00    0.00
OF237.0  -10.135    0.00 8.8182     0.00    0.00    0.00    0.00    0.00
OF238.0  -10.104    0.00 8.8182     0.00    0.00    0.00    0.00    0.00
OF239.0  -10.072    0.00 8.8182     0.00    0.00    0.00    0.00    0.00
OF240.0  -10.040    0.00 8.8182     0.00    0.00    0.00    0.00    0.00
OF241.0  -10.009    0.00 8.8182     0.00    0.00    0.00    0.00    0.00
OF242.0  -9.9774    0.00 8.8182     0.00    0.00    0.00    0.00    0.00
OF243.0  -9.9457    0.00 8.8182     0.00    0.00    0.00    0.00    0.00
OF244.0  -9.914     0.00 8.8182     0.00    0.00    0.00    0.00    0.00
OF245.0  -9.8825    0.00 8.8182     0.00    0.00    0.00    0.00    0.00
OF246.0  -9.851     0.00 8.8182     0.00    0.00    0.00    0.00    0.00
OF247.0  -9.8195    0.00 8.8182     0.00    0.00    0.00    0.00    0.00
OF248.0  -9.788     0.00 8.8182     0.00    0.00    0.00    0.00    0.00
OF249.0  -9.7566    0.00 8.8182     0.00    0.00    0.00    0.00    0.00
OF250.0  -9.7252    0.00 8.8181     0.00    0.00    0.00    0.00    0.00
OF251.0  -9.6937    0.00 8.8181     0.00    0.00    0.00    0.00    0.00
OF252.0  -9.6623    0.00 8.8181     0.00    0.00    0.00    0.00    0.00
OF253.0  -9.6309    0.00 8.8181     0.00    0.00    0.00    0.00    0.00
OF254.0  -9.5994    0.00 8.8181     0.00    0.00    0.00    0.00    0.00
OF255.0  -9.568     0.00 8.8181     0.00    0.00    0.00    0.00    0.00
OF256.0  -9.5365    0.00 8.8181     0.00    0.00    0.00    0.00    0.00
OF257.0  -9.505     0.00 8.818      0.00    0.00    0.00    0.00    0.00
OF258.0  -9.4736    0.00 8.818      0.00    0.00    0.00    0.00    0.00
OF259.0  -9.4421    0.00 8.818      0.00    0.00    0.00    0.00    0.00
OF260.0  -9.4107    0.00 8.818      0.00    0.00    0.00    0.00    0.00
OF261.0  -9.3793    0.00 8.818      0.00    0.00    0.00    0.00    0.00
OF262.0  -9.3478    0.00 8.818      0.00    0.00    0.00    0.00    0.00
OF263.0  -9.3164    0.00 8.818      0.00    0.00    0.00    0.00    0.00
OF264.0  -9.2849    0.00 8.8179     0.00    0.00    0.00    0.00    0.00
OF265.0  -9.2535    0.00 8.8179     0.00    0.00    0.00    0.00    0.00
OF266.0  -9.2221    0.00 8.8179     0.00    0.00    0.00    0.00    0.00
OF267.0  -9.1906    0.00 8.8179     0.00    0.00    0.00    0.00    0.00
OF268.0  -9.1591    0.00 8.8179     0.00    0.00    0.00    0.00    0.00
OF269.0  -9.1277    0.00 8.8179     0.00    0.00    0.00    0.00    0.00
OF270.0  -9.0962    0.00 8.8179     0.00    0.00    0.00    0.00    0.00
OF271.0  -9.0648    0.00 8.8179     0.00    0.00    0.00    0.00    0.00
OF272.0  -9.0333    0.00 8.8178     0.00    0.00    0.00    0.00    0.00
OF273.0  -9.0019    0.00 8.8178     0.00    0.00    0.00    0.00    0.00
OF274.0  -8.9713    0.00 8.8178     0.00    0.00    0.00    0.00    0.00
OF275.0  -8.9419    0.00 8.8178     0.00    0.00    0.00    0.00    0.00
OF276.0  -8.9124    0.00 8.8178     0.00    0.00    0.00    0.00    0.00
OF277.0  -8.8829    0.00 8.8178     0.00    0.00    0.00    0.00    0.00
OF278.0  -8.8534    0.00 8.8177     0.00    0.00    0.00    0.00    0.00
OF279.0  -8.8239    0.00 8.8177     0.00    0.00    0.00    0.00    0.00
OF280.0  -8.7944    0.00 8.8177     0.00    0.00    0.00    0.00    0.00
OF281.0  -8.7649    0.00 8.8177     0.00    0.00    0.00    0.00    0.00
OF282.0  -8.7355    0.00 8.8177     0.00    0.00    0.00    0.00    0.00
OF283.0  -8.706     0.00 8.8176     0.00    0.00    0.00    0.00    0.00
OF284.0  -8.6765    0.00 8.8176     0.00    0.00    0.00    0.00    0.00
OF285.0  -8.647     0.00 8.8176     0.00    0.00    0.00    0.00    0.00
OF286.0  -8.6176    0.00 8.8176     0.00    0.00    0.00    0.00    0.00
OF287.0  -8.5881    0.00 8.8176     0.00    0.00    0.00    0.00    0.00
OF288.0  -8.5586    0.00 8.8175     0.00    0.00    0.00    0.00    0.00
OF289.0  -8.529     0.00 8.8175     0.00    0.00    0.00    0.00    0.00
OF290.0  -8.4996    0.00 8.8175     0.00    0.00    0.00    0.00    0.00
OF291.0  -8.4701    0.00 8.8175     0.00    0.00    0.00    0.00    0.00
OF292.0  -8.4406    0.00 8.8175     0.00    0.00    0.00    0.00    0.00
OF293.0  -8.4111    0.00 8.8174     0.00    0.00    0.00    0.00    0.00
OF294.0  -8.3817    0.00 8.8174     0.00    0.00    0.00    0.00    0.00
OF295.0  -8.3522    0.00 8.8174     0.00    0.00    0.00    0.00    0.00
OF296.0  -8.3227    0.00 8.8174     0.00    0.00    0.00    0.00    0.00
OF297.0  -8.2933    0.00 8.8174     0.00    0.00    0.00    0.00    0.00
OF298.0  -8.2638    0.00 8.8173     0.00    0.00    0.00    0.00    0.00
OF299.0  -8.2343    0.00 8.8173     0.00    0.00    0.00    0.00    0.00
OF300.0  -8.2047    0.00 8.8173     0.00    0.00    0.00    0.00    0.00
OF301.0  -8.1752    0.00 8.8173     0.00    0.00    0.00    0.00    0.00
OF302.0  -8.1458    0.00 8.8173     0.00    0.00    0.00    0.00    0.00
OF303.0  -8.1163    0.00 8.8172     0.00    0.00    0.00    0.00    0.00
OF304.0  -8.0868    0.00 8.8172     0.00    0.00    0.00    0.00    0.00
OF305.0  -8.0574    0.00 8.8172     0.00    0.00    0.00    0.00    0.00
OF306.0  -8.0279    0.00 8.8172     0.00    0.00    0.00    0.00    0.00
OF307.0  -7.9984    0.00 8.8172     0.00    0.00    0.00    0.00    0.00
OF308.0  -7.969     0.00 8.8171     0.00    0.00    0.00    0.00    0.00
OF309.0  -7.9395    0.00 8.8171     0.00    0.00    0.00    0.00    0.00
OF310.0  -7.91      0.00 8.8171     0.00    0.00    0.00    0.00    0.00
OF311.0  -7.8804    0.00 8.8171     0.00    0.00    0.00    0.00    0.00
OF312.0  -7.851     0.00 8.8171     0.00    0.00    0.00    0.00    0.00
OF313.0  -7.8215    0.00 8.817      0.00    0.00    0.00    0.00    0.00
OF314.0  -7.792     0.00 8.817      0.00    0.00    0.00    0.00    0.00
OF315.0  -7.7625    0.00 8.817      0.00    0.00    0.00    0.00    0.00
OF316.0  -7.7331    0.00 8.817      0.00    0.00    0.00    0.00    0.00
OF317.0  -7.7036    0.00 8.817      0.00    0.00    0.00    0.00    0.00
OF318.0  -7.6741    0.00 8.8169     0.00    0.00    0.00    0.00    0.00
OF319.0  -7.6447    0.00 8.8169     0.00    0.00    0.00    0.00    0.00
OF320.0  -7.6152    0.00 8.8169     0.00    0.00    0.00    0.00    0.00
OF321.0  -7.5856    0.00 8.8169     0.00    0.00    0.00    0.00    0.00
OF322.0  -7.5561    0.00 8.8169     0.00    0.00    0.00    0.00    0.00
OF323.0  -7.5267    0.00 8.8168     0.00    0.00    0.00    0.00    0.00
OF324.0  -7.4972    0.00 8.8168     0.00    0.00    0.00    0.00    0.00
OF325.0  -7.4677    0.00 8.8168     0.00    0.00    0.00    0.00    0.00
OF326.0  -7.4382    0.00 8.8168     0.00    0.00    0.00    0.00    0.00
OF327.0  -7.4088    0.00 8.8168     0.00    0.00    0.00    0.00    0.00
OF328.0  -7.3793    0.00 8.8167     0.00    0.00    0.00    0.00    0.00
OF329.0  -7.3498    0.00 8.8167     0.00    0.00    0.00    0.00    0.00
OF330.0  -7.3204    0.00 8.8167     0.00    0.00    0.00    0.00    0.00
OF331.0  -7.2909    0.00 8.8167     0.00    0.00    0.00    0.00    0.00
OF332.0  -7.2613    0.00 8.8167     0.00    0.00    0.00    0.00    0.00
OF334.0  -7.2024    0.00 8.8166     0.00    0.00    0.00    0.00    0.00
OF335.0  -7.1729    0.00 8.8166     0.00    0.00    0.00    0.00    0.00
OF337.0  -7.1139    0.00 8.8166     0.00    0.00    0.00    0.00    0.00
OF338.0  -7.0845    0.00 8.8165     0.00    0.00    0.00    0.00    0.00
OF340.0  -7.0255    0.00 8.8165     0.00    0.00    0.00    0.00    0.00
OF341.0  -6.996     0.00 8.8165     0.00    0.00    0.00    0.00    0.00
OF343.0  -6.937     0.00 8.8164     0.00    0.00    0.00    0.00    0.00
OF344.0  -6.9075    0.00 8.8164     0.00    0.00    0.00    0.00    0.00
OF346.0  -6.8486    0.00 8.8164     0.00    0.00    0.00    0.00    0.00
OF347.0  -6.8191    0.00 8.8164     0.00    0.00    0.00    0.00    0.00
OF349.0  -6.7602    0.00 8.8163     0.00    0.00    0.00    0.00    0.00
OF350.0  -6.7307    0.00 8.8163     0.00    0.00    0.00    0.00    0.00
OF352.0  -6.6717    0.00 8.8163     0.00    0.00    0.00    0.00    0.00
OF353.0  -6.6422    0.00 8.8163     0.00    0.00    0.00    0.00    0.00
OF355.0  -6.5832    0.00 8.8162     0.00    0.00    0.00    0.00    0.00
OF356.0  -6.5538    0.00 8.8162     0.00    0.00    0.00    0.00    0.00
OF358.0  -6.4984    0.00 8.8162     0.00    0.00    0.00    0.00    0.00
OF359.0  -6.4709    0.00 8.8161     0.00    0.00    0.00    0.00    0.00
OF361.0  -6.4158    0.00 8.8161     0.00    0.00    0.00    0.00    0.00
OF362.0  -6.3882    0.00 8.8161     0.00    0.00    0.00    0.00    0.00
OF364.0  -6.3331    0.00 8.816      0.00    0.00    0.00    0.00    0.00
OF365.0  -6.3055    0.00 8.816      0.00    0.00    0.00    0.00    0.00
OF367.0  -6.2504    0.00 8.816      0.00    0.00    0.00    0.00    0.00
OF368.0  -6.2229    0.00 8.8159     0.00    0.00    0.00    0.00    0.00
OF370.0  -6.1678    0.00 8.8159     0.00    0.00    0.00    0.00    0.00
OF371.0  -6.1402    0.00 8.8159     0.00    0.00    0.00    0.00    0.00
OF373.0  -6.0852    0.00 8.8158     0.00    0.00    0.00    0.00    0.00
OF374.0  -6.0575    0.00 8.8158     0.00    0.00    0.00    0.00    0.00
OF376.0  -5.9929    0.00 8.8158     0.00    0.00    0.00    0.00    0.00
OF377.0  -5.949     0.00 8.8157     0.00    0.00    0.00    0.00    0.00
OF379.0  -5.8613    0.00 8.8157     0.00    0.00    0.00    0.00    0.00
OF380.0  -5.8174    0.00 8.8157     0.00    0.00    0.00    0.00    0.00
OF382.0  -5.7296    0.00 8.8156     0.00    0.00    0.00    0.00    0.00
OF383.0  -5.6857    0.00 8.8156     0.00    0.00    0.00    0.00    0.00
OF385.0  -5.5978    0.00 8.8155     0.00    0.00    0.00    0.00    0.00
OF386.0  -5.5539    0.00 8.8155     0.00    0.00    0.00    0.00    0.00
OF388.0  -5.4662    0.00 8.8154     0.00    0.00    0.00    0.00    0.00
OF389.0  -5.4223    0.00 8.8154     0.00    0.00    0.00    0.00    0.00
OF391.0  -5.3345    0.00 8.8154     0.00    0.00    0.00    0.00    0.00
OF392.0  -5.2906    0.00 8.8153     0.00    0.00    0.00    0.00    0.00
OF394.0  -5.2028    0.00 8.8153     0.00    0.00    0.00    0.00    0.00
OF395.0  -5.159     0.00 8.8153     0.00    0.00    0.00    0.00    0.00
OF397.0  -5.071     0.00 8.8152     0.00    0.00    0.00    0.00    0.00
OF398.0  -5.0272    0.00 8.8152     0.00    0.00    0.00    0.00    0.00
OF401.0  -4.8955    0.00 8.8151     0.00    0.00    0.00    0.00    0.00
OF403.0  -4.8251    0.00 8.815      0.00    0.00    0.00    0.00    0.00
OF404.0  -4.7904    0.00 8.815      0.00    0.00    0.00    0.00    0.00
OF409.0  -4.6164    0.00 8.8149     0.00    0.00    0.00    0.00    0.00
OF410.0  -4.5816    0.00 8.8149     0.00    0.00    0.00    0.00    0.00
OF415.0  -4.4078    0.00 8.8148     0.00    0.00    0.00    0.00    0.00
OF416.0  -4.373     0.00 8.8147     0.00    0.00    0.00    0.00    0.00
OF421.0  -4.199     0.00 8.8146     0.00    0.00    0.00    0.00    0.00
OF422.0  -4.1642    0.00 8.8146     0.00    0.00    0.00    0.00    0.00
OF427.0  -3.9903    0.00 8.8145     0.00    0.00    0.00    0.00    0.00
OF428.0  -3.9555    0.00 8.8145     0.00    0.00    0.00    0.00    0.00
OF433.0  -3.7816    0.00 8.8143     0.00    0.00    0.00    0.00    0.00
OF434.0  -3.7469    0.00 8.8143     0.00    0.00    0.00    0.00    0.00
OF439.0  -3.5729    0.00 8.8142     0.00    0.00    0.00    0.00    0.00
OF440.0  -3.5381    0.00 8.8142     0.00    0.00    0.00    0.00    0.00
OF445.0  -3.3643    0.00 8.8141     0.00    0.00    0.00    0.00    0.00
OF446.0  -3.3295    0.00 8.814      0.00    0.00    0.00    0.00    0.00
OF452.0  -3.1208    0.00 8.8139     0.00    0.00    0.00    0.00    0.00
OF455.0  -3.0164    0.00 8.8138     0.00    0.00    0.00    0.00    0.00
OF457.0  -2.9469    0.00 8.8138     0.00    0.00    0.00    0.00    0.00
OF464.0  -2.7143    0.00 8.8142     0.00    0.00    0.00    0.00    0.00
OF466.0  -2.6487    0.00 8.8144     0.00    0.00    0.00    0.00    0.00
IF547.9  0.04049    0.00 8.821      0.00    0.00    0.00    0.00    0.00
IF551.2  0.14945    0.00 8.8237     0.00    0.00    0.00    0.00    0.00
IF554.5  0.24829    0.00 8.8269     0.00    0.00    0.00    0.00    0.00
IF557.7  0.34551    0.00 8.8303     0.00    0.00    0.00    0.00    0.00
IF561.0  0.44267    0.00 8.8337     0.00    0.00    0.00    0.00    0.00
IF564.3  0.54129    0.00 8.8371     0.00    0.00    0.00    0.00    0.00
IF567.6  0.65977    0.00 8.8405     0.00    0.00    0.00    0.00    0.00
IF570.9  0.77957    0.00 8.8435     0.00    0.00    0.00    0.00    0.00
IF574.1  0.89937    0.00 8.8466     0.00    0.00    0.00    0.00    0.00
IF577.4  1.0193     0.00 8.8504     0.00    0.00    0.00    0.00    0.00
IF580.7  1.1391     0.00 8.8537     0.00    0.00    0.00    0.00    0.00
IF584.0  1.2589     0.00 8.8571     0.00    0.00    0.00    0.00    0.00
IF587.3  1.3788     0.00 8.8611     0.00    0.00    0.00    0.00    0.00
IF590.5  1.4986     0.00 8.8648     0.00    0.00    0.00    0.00    0.00
IF593.8  1.6184     0.00 8.8687     0.00    0.00    0.00    0.00    0.00
IF597.1  1.7382     0.00 8.8734     0.00    0.00    0.00    0.00    0.00
IF600.4  1.8582     0.00 8.8776     0.00    0.00    0.00    0.00    0.00
IF603.7  1.978      0.00 8.8826     0.00    0.00    0.00    0.00    0.00
IF607.0  2.0978     0.00 8.8872     0.00    0.00    0.00    0.00    0.00
IF610.2  2.2177     0.00 8.892      0.00    0.00    0.00    0.00    0.00
IF613.5  2.3375     0.00 8.8977     0.00    0.00    0.00    0.00    0.00
IF616.8  2.4573     0.00 8.9028     0.00    0.00    0.00    0.00    0.00
IF620.1  2.5772     0.00 8.9082     0.00    0.00    0.00    0.00    0.00
IF623.4  2.697      0.00 8.9144     0.00    0.00    0.00    0.00    0.00
IF626.6  2.8168     0.00 8.92       0.00    0.00    0.00    0.00    0.00
IF629.9  2.9367     0.00 8.9259     0.00    0.00    0.00    0.00    0.00
IF633.2  2.9929     0.00 8.9337     0.00    0.00    0.00    0.00    0.00
IF636.5  3.0178     0.00 8.941      0.00    0.00    0.00    0.00    0.00
IF639.8  3.0427     0.00 8.9479     0.00    0.00    0.00    0.00    0.00
IF643.0  3.0677     0.00 8.9544     0.00    0.00    0.00    0.00    0.00
IF646.3  3.0926     0.00 8.961      0.00    0.00    0.00    0.00    0.00
IF649.6  3.1175     0.00 8.9665     0.00    0.00    0.00    0.00    0.00
IF652.9  3.1424     0.00 8.9718     0.00    0.00    0.00    0.00    0.00
IF656.2  3.1673     0.00 8.9767     0.00    0.00    0.00    0.00    0.00
IF659.4  3.1923     0.00 8.9814     0.00    0.00    0.00    0.00    0.00
IF662.7  3.2172     0.00 8.9863     0.00    0.00    0.00    0.00    0.00
IF666.0  3.2421     0.00 8.9905     0.00    0.00    0.00    0.00    0.00
IF669.3  3.267      0.00 8.9944     0.00    0.00    0.00    0.00    0.00
IF672.6  3.2919     0.00 8.9982     0.00    0.00    0.00    0.00    0.00
IF675.9  3.3168     0.00 9.0022     0.00    0.00    0.00    0.00    0.00
IF679.1  3.3418     0.00 9.0055     0.00    0.00    0.00    0.00    0.00
IF682.4  3.3667     0.00 9.0087     0.00    0.00    0.00    0.00    0.00
IF685.7  3.3916     0.00 9.0119     0.00    0.00    0.00    0.00    0.00
IF689.0  3.4165     0.00 9.0153     0.00    0.00    0.00    0.00    0.00
IF692.3  3.4414     0.00 9.0181     0.00    0.00    0.00    0.00    0.00
IF695.5  3.4664     0.00 9.0208     0.00    0.00    0.00    0.00    0.00
IF698.8  3.4913     0.00 9.0234     0.00    0.00    0.00    0.00    0.00
IF702.1  3.5162     0.00 9.0264     0.00    0.00    0.00    0.00    0.00
IF705.4  3.5411     0.00 9.0288     0.00    0.00    0.00    0.00    0.00
IF708.7  3.566      0.00 9.0311     0.00    0.00    0.00    0.00    0.00
IF711.9  3.591      0.00 9.0334     0.00    0.00    0.00    0.00    0.00
IF715.2  3.6159     0.00 9.036      0.00    0.00    0.00    0.00    0.00
IF718.5  3.6408     0.00 9.0381     0.00    0.00    0.00    0.00    0.00
IF721.8  3.6657     0.00 9.0402     0.00    0.00    0.00    0.00    0.00
IF725.1  3.6906     0.00 9.0422     0.00    0.00    0.00    0.00    0.00
IF728.3  3.7156     0.00 9.0446     0.00    0.00    0.00    0.00    0.00
IF731.6  3.7405     0.00 9.0464     0.00    0.00    0.00    0.00    0.00
IF734.9  3.7654     0.00 9.0483     0.00    0.00    0.00    0.00    0.00
IF738.2  3.7903     0.00 9.0501     0.00    0.00    0.00    0.00    0.00
IF741.5  3.8152     0.00 9.0522     0.00    0.00    0.00    0.00    0.00
IF744.7  3.8402     0.00 9.0539     0.00    0.00    0.00    0.00    0.00
IF748.0  3.8651     0.00 9.0556     0.00    0.00    0.00    0.00    0.00
IF751.3  3.89       0.00 9.0572     0.00    0.00    0.00    0.00    0.00
IF754.6  3.9149     0.00 9.0589     0.00    0.00    0.00    0.00    0.00
IF757.9  3.9398     0.00 9.0609     0.00    0.00    0.00    0.00    0.00
IF761.2  3.9648     0.00 9.0624     0.00    0.00    0.00    0.00    0.00
IF764.4  3.9897     0.00 9.0639     0.00    0.00    0.00    0.00    0.00
IF767.7  4.0146     0.00 9.0654     0.00    0.00    0.00    0.00    0.00
IF771.0  4.0395     0.00 9.0673     0.00    0.00    0.00    0.00    0.00
IF774.3  4.0644     0.00 9.0687     0.00    0.00    0.00    0.00    0.00
IF777.6  4.0893     0.00 9.0701     0.00    0.00    0.00    0.00    0.00
IF780.8  4.1143     0.00 9.0715     0.00    0.00    0.00    0.00    0.00
IF784.1  4.1392     0.00 9.0733     0.00    0.00    0.00    0.00    0.00
IF787.4  4.1641     0.00 9.0746     0.00    0.00    0.00    0.00    0.00
IF790.7  4.189      0.00 9.0759     0.00    0.00    0.00    0.00    0.00
IF794.0  4.2139     0.00 9.0772     0.00    0.00    0.00    0.00    0.00
IF797.2  4.2389     0.00 9.0789     0.00    0.00    0.00    0.00    0.00
IF800.5  4.2638     0.00 9.0801     0.00    0.00    0.00    0.00    0.00
IF803.8  4.2887     0.00 9.0814     0.00    0.00    0.00    0.00    0.00
IF807.1  4.3136     0.00 9.0826     0.00    0.00    0.00    0.00    0.00
IF810.4  4.3385     0.00 9.0842     0.00    0.00    0.00    0.00    0.00
IF813.6  4.3635     0.00 9.0854     0.00    0.00    0.00    0.00    0.00
IF816.9  4.3884     0.00 9.0866     0.00    0.00    0.00    0.00    0.00
IF820.2  4.4133     0.00 9.0878     0.00    0.00    0.00    0.00    0.00
IF823.5  4.4382     0.00 9.0893     0.00    0.00    0.00    0.00    0.00
IF826.8  4.4631     0.00 9.0904     0.00    0.00    0.00    0.00    0.00
IF830.1  4.4881     0.00 9.0916     0.00    0.00    0.00    0.00    0.00
IF833.3  4.7781     0.00 9.0898     0.00    0.00    0.00    0.00    0.00
IF836.6  5.1101     0.00 9.0881     0.00    0.00    0.00    0.00    0.00
IF839.9  5.4422     0.00 9.0873     0.00    0.00    0.00    0.00    0.00
IF843.2  5.7742     0.00 9.0881     0.00    0.00    0.00    0.00    0.00
IF846.5  6.1063     0.00 9.0914     0.00    0.00    0.00    0.00    0.00
IF849.7  6.6002     0.00 9.0949     0.00    0.00    0.00    0.00    0.00
IF853.0  7.1265     0.00 9.1029     0.00    0.00    0.00    0.00    0.00
IF856.3  7.6527     0.00 9.1448     0.00    0.00    0.00    0.00    0.00
IF859.6  8.1789     0.00 9.2726     0.00    0.00    0.00    0.00    0.00
IF861.7  9.2726     0.00 9.2726     0.00    0.00    0.00    0.00    0.00
AS890.8  8.8385     0.00 8.8385     0.00    0.00    0.00    0.00    0.00
IF901.0  8.0971     0.00 8.8385     0.00    0.00    0.00    0.00    0.00
IF916.5  8.4252     0.00 8.8385     0.00    0.00    0.00    0.00    0.00
IF937.0  7.9659     0.00 8.8385     0.00    0.00    0.00    0.00    0.00
IF948.9  8.8385     0.00 8.8385     0.00    0.00    0.00    0.00    0.00
AS954.8  8.8385     0.00 8.8385     0.00    0.00    0.00    0.00    0.00
IF968.0  8.622      0.00 8.8385     0.00    0.00    0.00    0.00    0.00
IF976.7  8.8385     0.00 8.8385     0.00    0.00    0.00    0.00    0.00
AS1145.2 8.8385     0.00 8.8385     0.00    0.00    0.00    0.00    0.00
IF1163.0 8.5302     0.00 8.8385     0.00    0.00    0.00    0.00    0.00
IF1188.0 8.6253     0.00 8.8385     0.00    0.00    0.00    0.00    0.00
PS START(418175.4909,4843322.5606)
PS END(418162.1027,4843691.127)
ET
 
 
 
