header
IE0.0    -10.758       1       1 8.811   7.5088  13.4742   56.14   56.14
OF1.0    -10.777    0.00 8.811      0.00    0.00    0.00    0.00    0.00
OF2.0    -10.797    0.00 8.811      0.00    0.00    0.00    0.00    0.00
OF3.0    -10.816    0.00 8.8111     0.00    0.00    0.00    0.00    0.00
OF4.0    -10.835    0.00 8.8111     0.00    0.00    0.00    0.00    0.00
OF5.0    -10.854    0.00 8.8111     0.00    0.00    0.00    0.00    0.00
OF6.0    -10.874    0.00 8.8111     0.00    0.00    0.00    0.00    0.00
OF7.0    -10.893    0.00 8.8111     0.00    0.00    0.00    0.00    0.00
OF8.0    -10.912    0.00 8.8111     0.00    0.00    0.00    0.00    0.00
OF9.0    -10.931    0.00 8.8111     0.00    0.00    0.00    0.00    0.00
OF10.0   -10.950    0.00 8.8112     0.00    0.00    0.00    0.00    0.00
OF11.0   -10.970    0.00 8.8112     0.00    0.00    0.00    0.00    0.00
OF12.0   -10.989    0.00 8.8112     0.00    0.00    0.00    0.00    0.00
OF13.0   -11.008    0.00 8.8112     0.00    0.00    0.00    0.00    0.00
OF14.0   -11.027    0.00 8.8112     0.00    0.00    0.00    0.00    0.00
OF15.0   -11.046    0.00 8.8112     0.00    0.00    0.00    0.00    0.00
OF16.0   -11.066    0.00 8.8112     0.00    0.00    0.00    0.00    0.00
OF17.0   -11.085    0.00 8.8113     0.00    0.00    0.00    0.00    0.00
OF18.0   -11.104    0.00 8.8113     0.00    0.00    0.00    0.00    0.00
OF19.0   -11.123    0.00 8.8113     0.00    0.00    0.00    0.00    0.00
OF20.0   -11.143    0.00 8.8113     0.00    0.00    0.00    0.00    0.00
OF21.0   -11.162    0.00 8.8113     0.00    0.00    0.00    0.00    0.00
OF22.0   -11.181    0.00 8.8113     0.00    0.00    0.00    0.00    0.00
OF23.0   -11.200    0.00 8.8113     0.00    0.00    0.00    0.00    0.00
OF24.0   -11.219    0.00 8.8114     0.00    0.00    0.00    0.00    0.00
OF25.0   -11.239    0.00 8.8114     0.00    0.00    0.00    0.00    0.00
OF26.0   -11.258    0.00 8.8114     0.00    0.00    0.00    0.00    0.00
OF27.0   -11.277    0.00 8.8114     0.00    0.00    0.00    0.00    0.00
OF28.0   -11.296    0.00 8.8114     0.00    0.00    0.00    0.00    0.00
OF29.0   -11.315    0.00 8.8114     0.00    0.00    0.00    0.00    0.00
OF30.0   -11.335    0.00 8.8115     0.00    0.00    0.00    0.00    0.00
OF31.0   -11.354    0.00 8.8115     0.00    0.00    0.00    0.00    0.00
OF32.0   -11.373    0.00 8.8115     0.00    0.00    0.00    0.00    0.00
OF33.0   -11.392    0.00 8.8115     0.00    0.00    0.00    0.00    0.00
OF34.0   -11.411    0.00 8.8115     0.00    0.00    0.00    0.00    0.00
OF35.0   -11.431    0.00 8.8115     0.00    0.00    0.00    0.00    0.00
OF36.0   -11.450    0.00 8.8115     0.00    0.00    0.00    0.00    0.00
OF37.0   -11.469    0.00 8.8116     0.00    0.00    0.00    0.00    0.00
OF38.0   -11.488    0.00 8.8116     0.00    0.00    0.00    0.00    0.00
OF39.0   -11.507    0.00 8.8116     0.00    0.00    0.00    0.00    0.00
OF40.0   -11.527    0.00 8.8116     0.00    0.00    0.00    0.00    0.00
OF41.0   -11.546    0.00 8.8116     0.00    0.00    0.00    0.00    0.00
OF42.0   -11.565    0.00 8.8116     0.00    0.00    0.00    0.00    0.00
OF43.0   -11.584    0.00 8.8116     0.00    0.00    0.00    0.00    0.00
OF44.0   -11.604    0.00 8.8117     0.00    0.00    0.00    0.00    0.00
OF45.0   -11.623    0.00 8.8117     0.00    0.00    0.00    0.00    0.00
OF46.0   -11.642    0.00 8.8117     0.00    0.00    0.00    0.00    0.00
OF47.0   -11.661    0.00 8.8117     0.00    0.00    0.00    0.00    0.00
OF48.0   -11.680    0.00 8.8117     0.00    0.00    0.00    0.00    0.00
OF49.0   -11.700    0.00 8.8117     0.00    0.00    0.00    0.00    0.00
OF50.0   -11.719    0.00 8.8118     0.00    0.00    0.00    0.00    0.00
OF51.0   -11.738    0.00 8.8118     0.00    0.00    0.00    0.00    0.00
OF52.0   -11.757    0.00 8.8118     0.00    0.00    0.00    0.00    0.00
OF53.0   -11.776    0.00 8.8118     0.00    0.00    0.00    0.00    0.00
OF54.0   -11.796    0.00 8.8118     0.00    0.00    0.00    0.00    0.00
OF55.0   -11.815    0.00 8.8118     0.00    0.00    0.00    0.00    0.00
OF56.0   -11.834    0.00 8.8118     0.00    0.00    0.00    0.00    0.00
OF57.0   -11.853    0.00 8.8119     0.00    0.00    0.00    0.00    0.00
OF58.0   -11.873    0.00 8.8119     0.00    0.00    0.00    0.00    0.00
OF59.0   -11.892    0.00 8.8119     0.00    0.00    0.00    0.00    0.00
OF60.0   -11.911    0.00 8.8119     0.00    0.00    0.00    0.00    0.00
OF61.0   -11.930    0.00 8.8119     0.00    0.00    0.00    0.00    0.00
OF62.0   -11.949    0.00 8.8119     0.00    0.00    0.00    0.00    0.00
OF63.0   -11.969    0.00 8.8119     0.00    0.00    0.00    0.00    0.00
OF64.0   -11.988    0.00 8.812      0.00    0.00    0.00    0.00    0.00
OF65.0   -12.007    0.00 8.812      0.00    0.00    0.00    0.00    0.00
OF66.0   -12.026    0.00 8.812      0.00    0.00    0.00    0.00    0.00
OF67.0   -12.045    0.00 8.812      0.00    0.00    0.00    0.00    0.00
OF68.0   -12.065    0.00 8.812      0.00    0.00    0.00    0.00    0.00
OF69.0   -12.084    0.00 8.812      0.00    0.00    0.00    0.00    0.00
OF70.0   -12.103    0.00 8.812      0.00    0.00    0.00    0.00    0.00
OF71.0   -12.122    0.00 8.8121     0.00    0.00    0.00    0.00    0.00
OF72.0   -12.142    0.00 8.8121     0.00    0.00    0.00    0.00    0.00
OF73.0   -12.161    0.00 8.8121     0.00    0.00    0.00    0.00    0.00
OF74.0   -12.180    0.00 8.8121     0.00    0.00    0.00    0.00    0.00
OF75.0   -12.199    0.00 8.8121     0.00    0.00    0.00    0.00    0.00
OF76.0   -12.218    0.00 8.8121     0.00    0.00    0.00    0.00    0.00
OF77.0   -12.237    0.00 8.8122     0.00    0.00    0.00    0.00    0.00
OF78.0   -12.257    0.00 8.8122     0.00    0.00    0.00    0.00    0.00
OF79.0   -12.276    0.00 8.8122     0.00    0.00    0.00    0.00    0.00
OF80.0   -12.295    0.00 8.8122     0.00    0.00    0.00    0.00    0.00
OF81.0   -12.314    0.00 8.8122     0.00    0.00    0.00    0.00    0.00
OF82.0   -12.327    0.00 8.8122     0.00    0.00    0.00    0.00    0.00
OF83.0   -12.331    0.00 8.8122     0.00    0.00    0.00    0.00    0.00
OF84.0   -12.335    0.00 8.8123     0.00    0.00    0.00    0.00    0.00
OF85.0   -12.339    0.00 8.8123     0.00    0.00    0.00    0.00    0.00
OF86.0   -12.343    0.00 8.8123     0.00    0.00    0.00    0.00    0.00
OF87.0   -12.347    0.00 8.8123     0.00    0.00    0.00    0.00    0.00
OF88.0   -12.352    0.00 8.8123     0.00    0.00    0.00    0.00    0.00
OF89.0   -12.356    0.00 8.8123     0.00    0.00    0.00    0.00    0.00
OF90.0   -12.360    0.00 8.8123     0.00    0.00    0.00    0.00    0.00
OF91.0   -12.364    0.00 8.8124     0.00    0.00    0.00    0.00    0.00
OF92.0   -12.368    0.00 8.8124     0.00    0.00    0.00    0.00    0.00
OF93.0   -12.372    0.00 8.8124     0.00    0.00    0.00    0.00    0.00
OF94.0   -12.376    0.00 8.8124     0.00    0.00    0.00    0.00    0.00
OF95.0   -12.380    0.00 8.8124     0.00    0.00    0.00    0.00    0.00
OF96.0   -12.384    0.00 8.8124     0.00    0.00    0.00    0.00    0.00
OF97.0   -12.388    0.00 8.8125     0.00    0.00    0.00    0.00    0.00
OF98.0   -12.392    0.00 8.8125     0.00    0.00    0.00    0.00    0.00
OF99.0   -12.396    0.00 8.8125     0.00    0.00    0.00    0.00    0.00
OF100.0  -12.400    0.00 8.8125     0.00    0.00    0.00    0.00    0.00
OF101.0  -12.405    0.00 8.8125     0.00    0.00    0.00    0.00    0.00
OF102.0  -12.409    0.00 8.8125     0.00    0.00    0.00    0.00    0.00
OF103.0  -12.413    0.00 8.8125     0.00    0.00    0.00    0.00    0.00
OF104.0  -12.417    0.00 8.8126     0.00    0.00    0.00    0.00    0.00
OF105.0  -12.421    0.00 8.8126     0.00    0.00    0.00    0.00    0.00
OF106.0  -12.425    0.00 8.8126     0.00    0.00    0.00    0.00    0.00
OF107.0  -12.429    0.00 8.8126     0.00    0.00    0.00    0.00    0.00
OF108.0  -12.433    0.00 8.8126     0.00    0.00    0.00    0.00    0.00
OF109.0  -12.437    0.00 8.8126     0.00    0.00    0.00    0.00    0.00
OF110.0  -12.441    0.00 8.8126     0.00    0.00    0.00    0.00    0.00
OF111.0  -12.445    0.00 8.8127     0.00    0.00    0.00    0.00    0.00
OF112.0  -12.449    0.00 8.8127     0.00    0.00    0.00    0.00    0.00
OF113.0  -12.453    0.00 8.8127     0.00    0.00    0.00    0.00    0.00
OF114.0  -12.458    0.00 8.8127     0.00    0.00    0.00    0.00    0.00
OF115.0  -12.462    0.00 8.8127     0.00    0.00    0.00    0.00    0.00
OF116.0  -12.466    0.00 8.8127     0.00    0.00    0.00    0.00    0.00
OF117.0  -12.470    0.00 8.8128     0.00    0.00    0.00    0.00    0.00
OF118.0  -12.474    0.00 8.8128     0.00    0.00    0.00    0.00    0.00
OF119.0  -12.478    0.00 8.8128     0.00    0.00    0.00    0.00    0.00
OF120.0  -12.482    0.00 8.8128     0.00    0.00    0.00    0.00    0.00
OF121.0  -12.486    0.00 8.8128     0.00    0.00    0.00    0.00    0.00
OF122.0  -12.490    0.00 8.8128     0.00    0.00    0.00    0.00    0.00
OF123.0  -12.494    0.00 8.8128     0.00    0.00    0.00    0.00    0.00
OF124.0  -12.498    0.00 8.8129     0.00    0.00    0.00    0.00    0.00
OF125.0  -12.502    0.00 8.8129     0.00    0.00    0.00    0.00    0.00
OF126.0  -12.506    0.00 8.8129     0.00    0.00    0.00    0.00    0.00
OF127.0  -12.511    0.00 8.8129     0.00    0.00    0.00    0.00    0.00
OF128.0  -12.514    0.00 8.8129     0.00    0.00    0.00    0.00    0.00
OF129.0  -12.519    0.00 8.8129     0.00    0.00    0.00    0.00    0.00
OF130.0  -12.523    0.00 8.8129     0.00    0.00    0.00    0.00    0.00
OF131.0  -12.527    0.00 8.813      0.00    0.00    0.00    0.00    0.00
OF132.0  -12.531    0.00 8.813      0.00    0.00    0.00    0.00    0.00
OF133.0  -12.535    0.00 8.813      0.00    0.00    0.00    0.00    0.00
OF134.0  -12.539    0.00 8.813      0.00    0.00    0.00    0.00    0.00
OF135.0  -12.543    0.00 8.813      0.00    0.00    0.00    0.00    0.00
OF136.0  -12.547    0.00 8.813      0.00    0.00    0.00    0.00    0.00
OF137.0  -12.551    0.00 8.8131     0.00    0.00    0.00    0.00    0.00
OF138.0  -12.555    0.00 8.8131     0.00    0.00    0.00    0.00    0.00
OF139.0  -12.559    0.00 8.8131     0.00    0.00    0.00    0.00    0.00
OF140.0  -12.563    0.00 8.8131     0.00    0.00    0.00    0.00    0.00
OF141.0  -12.567    0.00 8.8131     0.00    0.00    0.00    0.00    0.00
OF142.0  -12.572    0.00 8.8131     0.00    0.00    0.00    0.00    0.00
OF143.0  -12.576    0.00 8.8131     0.00    0.00    0.00    0.00    0.00
OF144.0  -12.580    0.00 8.8132     0.00    0.00    0.00    0.00    0.00
OF145.0  -12.584    0.00 8.8132     0.00    0.00    0.00    0.00    0.00
OF146.0  -12.588    0.00 8.8132     0.00    0.00    0.00    0.00    0.00
OF147.0  -12.592    0.00 8.8132     0.00    0.00    0.00    0.00    0.00
OF148.0  -12.596    0.00 8.8132     0.00    0.00    0.00    0.00    0.00
OF149.0  -12.600    0.00 8.8132     0.00    0.00    0.00    0.00    0.00
OF150.0  -12.604    0.00 8.8132     0.00    0.00    0.00    0.00    0.00
OF151.0  -12.608    0.00 8.8133     0.00    0.00    0.00    0.00    0.00
OF152.0  -12.612    0.00 8.8133     0.00    0.00    0.00    0.00    0.00
OF153.0  -12.616    0.00 8.8133     0.00    0.00    0.00    0.00    0.00
OF154.0  -12.620    0.00 8.8133     0.00    0.00    0.00    0.00    0.00
OF155.0  -12.624    0.00 8.8133     0.00    0.00    0.00    0.00    0.00
OF156.0  -12.629    0.00 8.8133     0.00    0.00    0.00    0.00    0.00
OF157.0  -12.633    0.00 8.8134     0.00    0.00    0.00    0.00    0.00
OF158.0  -12.637    0.00 8.8134     0.00    0.00    0.00    0.00    0.00
OF159.0  -12.641    0.00 8.8134     0.00    0.00    0.00    0.00    0.00
OF160.8  -12.648    0.00 8.811      0.00    0.00    0.00    0.00    0.00
OF164.0  -12.661    0.00 8.811      0.00    0.00    0.00    0.00    0.00
IF941.6  2.8129     0.00 8.8135     0.00    0.00    0.00    0.00    0.00
IF944.9  3.2077     0.00 8.8198     0.00    0.00    0.00    0.00    0.00
IF948.2  4.013      0.00 8.8189     0.00    0.00    0.00    0.00    0.00
IF951.4  4.8184     0.00 8.8223     0.00    0.00    0.00    0.00    0.00
IF954.7  4.9547     0.00 8.8624     0.00    0.00    0.00    0.00    0.00
IF958.0  5.0789     0.00 8.9021     0.00    0.00    0.00    0.00    0.00
IF961.3  5.2031     0.00 8.9401     0.00    0.00    0.00    0.00    0.00
IF964.6  5.327      0.00 8.9743     0.00    0.00    0.00    0.00    0.00
IF967.8  5.4393     0.00 9.0013     0.00    0.00    0.00    0.00    0.00
IF971.1  5.5517     0.00 9.0272     0.00    0.00    0.00    0.00    0.00
IF974.4  5.664      0.00 9.0534     0.00    0.00    0.00    0.00    0.00
IF977.7  5.7584     0.00 9.0772     0.00    0.00    0.00    0.00    0.00
IF981.0  5.8359     0.00 9.0991     0.00    0.00    0.00    0.00    0.00
IF984.2  5.9134     0.00 9.115      0.00    0.00    0.00    0.00    0.00
IF987.5  5.9909     0.00 9.1318     0.00    0.00    0.00    0.00    0.00
IF990.8  6.2627     0.00 9.1439     0.00    0.00    0.00    0.00    0.00
IF994.1  6.616      0.00 9.1571     0.00    0.00    0.00    0.00    0.00
IF997.4  6.9693     0.00 9.1735     0.00    0.00    0.00    0.00    0.00
IF1000.7 7.3225     0.00 9.194      0.00    0.00    0.00    0.00    0.00
IF1003.9 7.6758     0.00 9.2331     0.00    0.00    0.00    0.00    0.00
IF1007.2 8.0291     0.00 9.3081     0.00    0.00    0.00    0.00    0.00
IF1010.5 7.9872     0.00 9.3702     0.00    0.00    0.00    0.00    0.00
IF1013.8 7.8212     0.00 9.3987     0.00    0.00    0.00    0.00    0.00
IF1017.1 7.6553     0.00 9.4146     0.00    0.00    0.00    0.00    0.00
IF1020.3 7.4893     0.00 9.4247     0.00    0.00    0.00    0.00    0.00
IF1023.6 7.3372     0.00 9.4309     0.00    0.00    0.00    0.00    0.00
IF1026.9 7.5516     0.00 9.4305     0.00    0.00    0.00    0.00    0.00
IF1030.2 7.766      0.00 9.4319     0.00    0.00    0.00    0.00    0.00
IF1033.5 7.9804     0.00 9.4348     0.00    0.00    0.00    0.00    0.00
IF1036.7 8.1414     0.00 9.443      0.00    0.00    0.00    0.00    0.00
IF1040.0 8.2149     0.00 9.4547     0.00    0.00    0.00    0.00    0.00
IF1043.3 8.2885     0.00 9.4653     0.00    0.00    0.00    0.00    0.00
IF1046.6 8.3621     0.00 9.4751     0.00    0.00    0.00    0.00    0.00
IF1049.9 8.404      0.00 9.4842     0.00    0.00    0.00    0.00    0.00
IF1053.1 8.4337     0.00 9.4927     0.00    0.00    0.00    0.00    0.00
IF1056.4 8.4634     0.00 9.5        0.00    0.00    0.00    0.00    0.00
IF1059.7 8.4374     0.00 9.5052     0.00    0.00    0.00    0.00    0.00
IF1063.0 8.3601     0.00 9.5101     0.00    0.00    0.00    0.00    0.00
IF1066.3 8.2828     0.00 9.5128     0.00    0.00    0.00    0.00    0.00
IF1069.6 8.2372     0.00 9.5142     0.00    0.00    0.00    0.00    0.00
IF1072.8 8.3487     0.00 9.514      0.00    0.00    0.00    0.00    0.00
IF1076.1 8.4601     0.00 9.5142     0.00    0.00    0.00    0.00    0.00
IF1079.4 8.542      0.00 9.5153     0.00    0.00    0.00    0.00    0.00
IF1082.7 8.6023     0.00 9.5176     0.00    0.00    0.00    0.00    0.00
IF1086.0 8.6626     0.00 9.5208     0.00    0.00    0.00    0.00    0.00
IF1089.2 8.7229     0.00 9.5237     0.00    0.00    0.00    0.00    0.00
IF1092.5 8.8222     0.00 9.527      0.00    0.00    0.00    0.00    0.00
IF1095.8 8.9333     0.00 9.5319     0.00    0.00    0.00    0.00    0.00
IF1099.1 9.0444     0.00 9.5402     0.00    0.00    0.00    0.00    0.00
IF1102.4 9.1555     0.00 9.5502     0.00    0.00    0.00    0.00    0.00
IF1105.6 9.2667     0.00 9.5629     0.00    0.00    0.00    0.00    0.00
IF1108.5 9.3635     0.00 9.5629     0.00    0.00    0.00    0.00    0.00
IF1111.5 9.5629     0.00 9.5629     0.00    0.00    0.00    0.00    0.00
PS START(428718.5136,4849440.838)
PS END(428489.2151,4849795.1035)
ET
 
 
 
