header
IE0.0    -44.787       1       1 8.8099  12.5794 11.6885   56.14   56.14
OF2.0    -44.769    0.00 8.8099     0.00    0.00    0.00    0.00    0.00
OF4.0    -44.751    0.00 8.8099     0.00    0.00    0.00    0.00    0.00
OF6.0    -44.733    0.00 8.8099     0.00    0.00    0.00    0.00    0.00
OF8.0    -44.715    0.00 8.8099     0.00    0.00    0.00    0.00    0.00
OF10.0   -44.697    0.00 8.8099     0.00    0.00    0.00    0.00    0.00
OF12.0   -44.678    0.00 8.8099     0.00    0.00    0.00    0.00    0.00
OF14.0   -44.658    0.00 8.8099     0.00    0.00    0.00    0.00    0.00
OF16.0   -44.638    0.00 8.8099     0.00    0.00    0.00    0.00    0.00
OF18.0   -44.619    0.00 8.8099     0.00    0.00    0.00    0.00    0.00
OF20.0   -44.599    0.00 8.8099     0.00    0.00    0.00    0.00    0.00
OF22.0   -44.58     0.00 8.8099     0.00    0.00    0.00    0.00    0.00
OF24.0   -44.560    0.00 8.8099     0.00    0.00    0.00    0.00    0.00
OF26.0   -44.540    0.00 8.8099     0.00    0.00    0.00    0.00    0.00
OF28.0   -44.521    0.00 8.8099     0.00    0.00    0.00    0.00    0.00
OF30.0   -44.501    0.00 8.8099     0.00    0.00    0.00    0.00    0.00
OF32.0   -44.482    0.00 8.8099     0.00    0.00    0.00    0.00    0.00
OF34.0   -44.462    0.00 8.8099     0.00    0.00    0.00    0.00    0.00
OF36.0   -44.442    0.00 8.8099     0.00    0.00    0.00    0.00    0.00
OF38.0   -44.423    0.00 8.8099     0.00    0.00    0.00    0.00    0.00
OF40.0   -44.403    0.00 8.8099     0.00    0.00    0.00    0.00    0.00
OF42.0   -44.383    0.00 8.8099     0.00    0.00    0.00    0.00    0.00
OF44.0   -44.364    0.00 8.8099     0.00    0.00    0.00    0.00    0.00
OF46.0   -44.344    0.00 8.8099     0.00    0.00    0.00    0.00    0.00
OF48.0   -44.325    0.00 8.8099     0.00    0.00    0.00    0.00    0.00
OF50.0   -44.305    0.00 8.8098     0.00    0.00    0.00    0.00    0.00
OF52.0   -44.285    0.00 8.8098     0.00    0.00    0.00    0.00    0.00
OF54.0   -44.264    0.00 8.8098     0.00    0.00    0.00    0.00    0.00
OF56.0   -44.241    0.00 8.8098     0.00    0.00    0.00    0.00    0.00
OF58.0   -44.218    0.00 8.8097     0.00    0.00    0.00    0.00    0.00
OF60.0   -44.195    0.00 8.8097     0.00    0.00    0.00    0.00    0.00
OF62.0   -44.172    0.00 8.8097     0.00    0.00    0.00    0.00    0.00
OF64.0   -44.149    0.00 8.8096     0.00    0.00    0.00    0.00    0.00
OF66.0   -44.126    0.00 8.8096     0.00    0.00    0.00    0.00    0.00
OF68.0   -44.102    0.00 8.8096     0.00    0.00    0.00    0.00    0.00
OF70.0   -44.076    0.00 8.8096     0.00    0.00    0.00    0.00    0.00
OF72.0   -44.051    0.00 8.8095     0.00    0.00    0.00    0.00    0.00
OF74.0   -44.025    0.00 8.8095     0.00    0.00    0.00    0.00    0.00
OF76.0   -44        0.00 8.8095     0.00    0.00    0.00    0.00    0.00
OF78.0   -43.974    0.00 8.8094     0.00    0.00    0.00    0.00    0.00
OF80.0   -43.948    0.00 8.8094     0.00    0.00    0.00    0.00    0.00
OF82.0   -43.923    0.00 8.8094     0.00    0.00    0.00    0.00    0.00
OF84.0   -43.897    0.00 8.8093     0.00    0.00    0.00    0.00    0.00
OF86.0   -43.871    0.00 8.8093     0.00    0.00    0.00    0.00    0.00
OF88.0   -43.846    0.00 8.8093     0.00    0.00    0.00    0.00    0.00
OF90.0   -43.820    0.00 8.8092     0.00    0.00    0.00    0.00    0.00
OF92.0   -43.795    0.00 8.8092     0.00    0.00    0.00    0.00    0.00
OF94.0   -43.769    0.00 8.8092     0.00    0.00    0.00    0.00    0.00
OF96.0   -43.743    0.00 8.8091     0.00    0.00    0.00    0.00    0.00
OF98.0   -43.718    0.00 8.8091     0.00    0.00    0.00    0.00    0.00
OF100.0  -43.692    0.00 8.8091     0.00    0.00    0.00    0.00    0.00
OF102.0  -43.666    0.00 8.809      0.00    0.00    0.00    0.00    0.00
OF104.0  -43.641    0.00 8.809      0.00    0.00    0.00    0.00    0.00
OF106.0  -43.615    0.00 8.8089     0.00    0.00    0.00    0.00    0.00
OF108.0  -43.59     0.00 8.8089     0.00    0.00    0.00    0.00    0.00
OF110.0  -43.564    0.00 8.8089     0.00    0.00    0.00    0.00    0.00
OF112.0  -43.538    0.00 8.8088     0.00    0.00    0.00    0.00    0.00
OF114.0  -43.513    0.00 8.8088     0.00    0.00    0.00    0.00    0.00
OF116.0  -43.487    0.00 8.8088     0.00    0.00    0.00    0.00    0.00
OF118.0  -43.461    0.00 8.8087     0.00    0.00    0.00    0.00    0.00
OF120.0  -43.436    0.00 8.8087     0.00    0.00    0.00    0.00    0.00
OF122.0  -43.410    0.00 8.8087     0.00    0.00    0.00    0.00    0.00
OF124.0  -43.384    0.00 8.8086     0.00    0.00    0.00    0.00    0.00
OF126.0  -43.359    0.00 8.8086     0.00    0.00    0.00    0.00    0.00
OF128.0  -43.333    0.00 8.8086     0.00    0.00    0.00    0.00    0.00
OF130.0  -43.308    0.00 8.8085     0.00    0.00    0.00    0.00    0.00
OF132.0  -43.256    0.00 8.8085     0.00    0.00    0.00    0.00    0.00
OF134.0  -43.168    0.00 8.8085     0.00    0.00    0.00    0.00    0.00
OF136.0  -43.080    0.00 8.8084     0.00    0.00    0.00    0.00    0.00
OF138.0  -42.992    0.00 8.8084     0.00    0.00    0.00    0.00    0.00
OF140.0  -42.904    0.00 8.8084     0.00    0.00    0.00    0.00    0.00
OF142.0  -42.816    0.00 8.8083     0.00    0.00    0.00    0.00    0.00
OF144.0  -42.728    0.00 8.8083     0.00    0.00    0.00    0.00    0.00
OF146.0  -42.640    0.00 8.8083     0.00    0.00    0.00    0.00    0.00
OF148.0  -42.552    0.00 8.8082     0.00    0.00    0.00    0.00    0.00
OF150.0  -42.464    0.00 8.8082     0.00    0.00    0.00    0.00    0.00
OF152.0  -42.376    0.00 8.8082     0.00    0.00    0.00    0.00    0.00
OF154.0  -42.288    0.00 8.8081     0.00    0.00    0.00    0.00    0.00
OF156.0  -42.200    0.00 8.8081     0.00    0.00    0.00    0.00    0.00
OF158.0  -42.113    0.00 8.808      0.00    0.00    0.00    0.00    0.00
OF160.0  -42.025    0.00 8.808      0.00    0.00    0.00    0.00    0.00
OF162.0  -41.937    0.00 8.808      0.00    0.00    0.00    0.00    0.00
OF164.0  -41.849    0.00 8.8079     0.00    0.00    0.00    0.00    0.00
OF166.0  -41.761    0.00 8.8079     0.00    0.00    0.00    0.00    0.00
OF168.0  -41.673    0.00 8.8079     0.00    0.00    0.00    0.00    0.00
OF170.0  -41.585    0.00 8.8078     0.00    0.00    0.00    0.00    0.00
OF172.0  -41.497    0.00 8.8078     0.00    0.00    0.00    0.00    0.00
OF174.0  -41.409    0.00 8.8078     0.00    0.00    0.00    0.00    0.00
OF176.0  -41.321    0.00 8.8077     0.00    0.00    0.00    0.00    0.00
OF178.0  -41.233    0.00 8.8077     0.00    0.00    0.00    0.00    0.00
OF180.0  -41.145    0.00 8.8077     0.00    0.00    0.00    0.00    0.00
OF182.0  -41.057    0.00 8.8076     0.00    0.00    0.00    0.00    0.00
OF184.0  -40.966    0.00 8.8076     0.00    0.00    0.00    0.00    0.00
OF186.0  -40.867    0.00 8.8076     0.00    0.00    0.00    0.00    0.00
OF188.0  -40.767    0.00 8.8075     0.00    0.00    0.00    0.00    0.00
OF190.0  -40.668    0.00 8.8075     0.00    0.00    0.00    0.00    0.00
OF192.0  -40.568    0.00 8.8075     0.00    0.00    0.00    0.00    0.00
OF194.0  -40.469    0.00 8.8074     0.00    0.00    0.00    0.00    0.00
OF196.0  -40.369    0.00 8.8074     0.00    0.00    0.00    0.00    0.00
OF198.0  -40.269    0.00 8.8074     0.00    0.00    0.00    0.00    0.00
OF200.0  -40.170    0.00 8.8073     0.00    0.00    0.00    0.00    0.00
OF202.0  -40.070    0.00 8.8073     0.00    0.00    0.00    0.00    0.00
OF204.0  -39.971    0.00 8.8072     0.00    0.00    0.00    0.00    0.00
OF206.0  -39.871    0.00 8.8072     0.00    0.00    0.00    0.00    0.00
OF208.0  -39.772    0.00 8.8072     0.00    0.00    0.00    0.00    0.00
OF210.0  -39.672    0.00 8.8071     0.00    0.00    0.00    0.00    0.00
OF212.0  -39.572    0.00 8.8071     0.00    0.00    0.00    0.00    0.00
OF214.0  -39.473    0.00 8.8071     0.00    0.00    0.00    0.00    0.00
OF216.0  -39.373    0.00 8.807      0.00    0.00    0.00    0.00    0.00
OF218.0  -39.274    0.00 8.807      0.00    0.00    0.00    0.00    0.00
OF220.0  -39.174    0.00 8.807      0.00    0.00    0.00    0.00    0.00
OF222.0  -39.005    0.00 8.8069     0.00    0.00    0.00    0.00    0.00
OF224.0  -38.700    0.00 8.8069     0.00    0.00    0.00    0.00    0.00
OF226.0  -38.394    0.00 8.8069     0.00    0.00    0.00    0.00    0.00
OF228.0  -38.089    0.00 8.8068     0.00    0.00    0.00    0.00    0.00
OF230.0  -37.784    0.00 8.8068     0.00    0.00    0.00    0.00    0.00
OF232.0  -37.479    0.00 8.8068     0.00    0.00    0.00    0.00    0.00
OF234.0  -37.174    0.00 8.8067     0.00    0.00    0.00    0.00    0.00
OF236.0  -36.868    0.00 8.8067     0.00    0.00    0.00    0.00    0.00
OF238.0  -36.563    0.00 8.8067     0.00    0.00    0.00    0.00    0.00
OF240.0  -36.258    0.00 8.8066     0.00    0.00    0.00    0.00    0.00
OF242.0  -35.953    0.00 8.8066     0.00    0.00    0.00    0.00    0.00
OF244.0  -35.648    0.00 8.8066     0.00    0.00    0.00    0.00    0.00
OF246.0  -35.342    0.00 8.8065     0.00    0.00    0.00    0.00    0.00
OF248.0  -35.037    0.00 8.8065     0.00    0.00    0.00    0.00    0.00
OF250.0  -34.732    0.00 8.8065     0.00    0.00    0.00    0.00    0.00
OF252.0  -34.427    0.00 8.8064     0.00    0.00    0.00    0.00    0.00
OF254.0  -34.122    0.00 8.8064     0.00    0.00    0.00    0.00    0.00
OF256.0  -33.816    0.00 8.8063     0.00    0.00    0.00    0.00    0.00
OF258.0  -33.511    0.00 8.8063     0.00    0.00    0.00    0.00    0.00
OF260.0  -33.206    0.00 8.8063     0.00    0.00    0.00    0.00    0.00
OF262.0  -32.901    0.00 8.8062     0.00    0.00    0.00    0.00    0.00
OF264.0  -32.596    0.00 8.8062     0.00    0.00    0.00    0.00    0.00
OF266.0  -32.290    0.00 8.8062     0.00    0.00    0.00    0.00    0.00
OF268.0  -31.985    0.00 8.8061     0.00    0.00    0.00    0.00    0.00
OF270.0  -31.680    0.00 8.8061     0.00    0.00    0.00    0.00    0.00
OF272.0  -31.375    0.00 8.8061     0.00    0.00    0.00    0.00    0.00
OF274.0  -31.07     0.00 8.806      0.00    0.00    0.00    0.00    0.00
OF276.0  -30.764    0.00 8.806      0.00    0.00    0.00    0.00    0.00
OF278.0  -30.459    0.00 8.806      0.00    0.00    0.00    0.00    0.00
OF280.0  -30.154    0.00 8.8059     0.00    0.00    0.00    0.00    0.00
OF282.0  -29.849    0.00 8.8058     0.00    0.00    0.00    0.00    0.00
OF284.0  -29.544    0.00 8.8057     0.00    0.00    0.00    0.00    0.00
OF286.0  -29.238    0.00 8.8056     0.00    0.00    0.00    0.00    0.00
OF288.0  -28.933    0.00 8.8056     0.00    0.00    0.00    0.00    0.00
OF290.0  -28.628    0.00 8.8055     0.00    0.00    0.00    0.00    0.00
OF292.0  -28.323    0.00 8.8054     0.00    0.00    0.00    0.00    0.00
OF294.0  -28.018    0.00 8.8053     0.00    0.00    0.00    0.00    0.00
OF296.0  -27.712    0.00 8.8053     0.00    0.00    0.00    0.00    0.00
OF298.0  -27.407    0.00 8.8052     0.00    0.00    0.00    0.00    0.00
OF300.0  -27.102    0.00 8.8051     0.00    0.00    0.00    0.00    0.00
OF302.0  -26.797    0.00 8.805      0.00    0.00    0.00    0.00    0.00
OF304.0  -26.491    0.00 8.805      0.00    0.00    0.00    0.00    0.00
OF306.0  -26.186    0.00 8.8049     0.00    0.00    0.00    0.00    0.00
OF308.0  -25.881    0.00 8.8048     0.00    0.00    0.00    0.00    0.00
OF310.0  -25.576    0.00 8.8047     0.00    0.00    0.00    0.00    0.00
OF312.0  -25.271    0.00 8.8047     0.00    0.00    0.00    0.00    0.00
OF314.0  -24.965    0.00 8.8046     0.00    0.00    0.00    0.00    0.00
OF316.0  -24.660    0.00 8.8045     0.00    0.00    0.00    0.00    0.00
OF318.0  -24.355    0.00 8.8044     0.00    0.00    0.00    0.00    0.00
OF320.0  -24.050    0.00 8.8044     0.00    0.00    0.00    0.00    0.00
OF322.0  -23.745    0.00 8.8043     0.00    0.00    0.00    0.00    0.00
OF324.0  -23.439    0.00 8.8042     0.00    0.00    0.00    0.00    0.00
OF326.0  -23.134    0.00 8.8041     0.00    0.00    0.00    0.00    0.00
OF328.0  -22.829    0.00 8.8041     0.00    0.00    0.00    0.00    0.00
OF330.0  -22.524    0.00 8.804      0.00    0.00    0.00    0.00    0.00
OF332.0  -22.219    0.00 8.8039     0.00    0.00    0.00    0.00    0.00
OF334.0  -21.913    0.00 8.8038     0.00    0.00    0.00    0.00    0.00
OF336.0  -21.608    0.00 8.8038     0.00    0.00    0.00    0.00    0.00
OF338.0  -21.379    0.00 8.8037     0.00    0.00    0.00    0.00    0.00
OF340.0  -21.170    0.00 8.8036     0.00    0.00    0.00    0.00    0.00
OF342.0  -20.960    0.00 8.8035     0.00    0.00    0.00    0.00    0.00
OF344.0  -20.751    0.00 8.8035     0.00    0.00    0.00    0.00    0.00
OF346.0  -20.541    0.00 8.8034     0.00    0.00    0.00    0.00    0.00
OF348.0  -20.332    0.00 8.8033     0.00    0.00    0.00    0.00    0.00
OF350.0  -20.122    0.00 8.8032     0.00    0.00    0.00    0.00    0.00
OF352.0  -19.913    0.00 8.8032     0.00    0.00    0.00    0.00    0.00
OF354.0  -19.703    0.00 8.8031     0.00    0.00    0.00    0.00    0.00
OF356.0  -19.494    0.00 8.8031     0.00    0.00    0.00    0.00    0.00
OF358.0  -19.284    0.00 8.803      0.00    0.00    0.00    0.00    0.00
OF360.0  -19.075    0.00 8.803      0.00    0.00    0.00    0.00    0.00
OF362.0  -18.865    0.00 8.803      0.00    0.00    0.00    0.00    0.00
OF364.0  -18.656    0.00 8.803      0.00    0.00    0.00    0.00    0.00
OF366.0  -18.446    0.00 8.8029     0.00    0.00    0.00    0.00    0.00
OF368.0  -18.237    0.00 8.8029     0.00    0.00    0.00    0.00    0.00
OF370.0  -18.027    0.00 8.8029     0.00    0.00    0.00    0.00    0.00
OF372.0  -17.818    0.00 8.8028     0.00    0.00    0.00    0.00    0.00
OF374.0  -17.608    0.00 8.8028     0.00    0.00    0.00    0.00    0.00
OF376.0  -17.399    0.00 8.8028     0.00    0.00    0.00    0.00    0.00
OF378.0  -17.189    0.00 8.8028     0.00    0.00    0.00    0.00    0.00
OF380.0  -16.980    0.00 8.8027     0.00    0.00    0.00    0.00    0.00
OF382.0  -16.770    0.00 8.8027     0.00    0.00    0.00    0.00    0.00
OF384.0  -16.561    0.00 8.8027     0.00    0.00    0.00    0.00    0.00
OF386.0  -16.351    0.00 8.8026     0.00    0.00    0.00    0.00    0.00
OF388.0  -16.142    0.00 8.8026     0.00    0.00    0.00    0.00    0.00
OF390.0  -15.932    0.00 8.8026     0.00    0.00    0.00    0.00    0.00
OF392.0  -15.723    0.00 8.8026     0.00    0.00    0.00    0.00    0.00
OF394.0  -15.513    0.00 8.8025     0.00    0.00    0.00    0.00    0.00
OF396.0  -15.304    0.00 8.8025     0.00    0.00    0.00    0.00    0.00
OF398.0  -15.094    0.00 8.8025     0.00    0.00    0.00    0.00    0.00
OF400.0  -14.885    0.00 8.8024     0.00    0.00    0.00    0.00    0.00
OF402.0  -14.675    0.00 8.8024     0.00    0.00    0.00    0.00    0.00
OF404.0  -14.466    0.00 8.8024     0.00    0.00    0.00    0.00    0.00
OF406.0  -14.256    0.00 8.8024     0.00    0.00    0.00    0.00    0.00
OF408.0  -14.046    0.00 8.8023     0.00    0.00    0.00    0.00    0.00
OF410.0  -13.837    0.00 8.8023     0.00    0.00    0.00    0.00    0.00
OF412.0  -13.627    0.00 8.8023     0.00    0.00    0.00    0.00    0.00
OF414.0  -13.418    0.00 8.8022     0.00    0.00    0.00    0.00    0.00
OF416.0  -13.208    0.00 8.8022     0.00    0.00    0.00    0.00    0.00
OF418.0  -12.999    0.00 8.8022     0.00    0.00    0.00    0.00    0.00
OF420.0  -12.789    0.00 8.8022     0.00    0.00    0.00    0.00    0.00
OF422.0  -12.580    0.00 8.8021     0.00    0.00    0.00    0.00    0.00
OF424.0  -12.370    0.00 8.8021     0.00    0.00    0.00    0.00    0.00
OF426.0  -12.161    0.00 8.8021     0.00    0.00    0.00    0.00    0.00
OF428.0  -11.951    0.00 8.802      0.00    0.00    0.00    0.00    0.00
OF430.0  -11.742    0.00 8.802      0.00    0.00    0.00    0.00    0.00
OF432.0  -11.967    0.00 8.802      0.00    0.00    0.00    0.00    0.00
OF434.0  -12.383    0.00 8.802      0.00    0.00    0.00    0.00    0.00
OF436.0  -12.798    0.00 8.8019     0.00    0.00    0.00    0.00    0.00
OF438.0  -13.214    0.00 8.8019     0.00    0.00    0.00    0.00    0.00
OF440.0  -13.629    0.00 8.8019     0.00    0.00    0.00    0.00    0.00
OF442.0  -14.045    0.00 8.8018     0.00    0.00    0.00    0.00    0.00
OF444.0  -14.460    0.00 8.8018     0.00    0.00    0.00    0.00    0.00
OF446.0  -14.876    0.00 8.8018     0.00    0.00    0.00    0.00    0.00
OF448.0  -15.291    0.00 8.8018     0.00    0.00    0.00    0.00    0.00
OF450.0  -15.707    0.00 8.8017     0.00    0.00    0.00    0.00    0.00
OF452.0  -16.122    0.00 8.8017     0.00    0.00    0.00    0.00    0.00
OF454.0  -16.538    0.00 8.8017     0.00    0.00    0.00    0.00    0.00
OF456.0  -16.954    0.00 8.8016     0.00    0.00    0.00    0.00    0.00
OF458.0  -17.369    0.00 8.8016     0.00    0.00    0.00    0.00    0.00
OF460.0  -17.686    0.00 8.8016     0.00    0.00    0.00    0.00    0.00
OF462.0  -17.991    0.00 8.8016     0.00    0.00    0.00    0.00    0.00
OF464.0  -18.295    0.00 8.8015     0.00    0.00    0.00    0.00    0.00
OF466.0  -18.600    0.00 8.8015     0.00    0.00    0.00    0.00    0.00
OF468.0  -18.905    0.00 8.8015     0.00    0.00    0.00    0.00    0.00
OF470.0  -19.209    0.00 8.8015     0.00    0.00    0.00    0.00    0.00
OF472.0  -19.514    0.00 8.8015     0.00    0.00    0.00    0.00    0.00
OF474.0  -19.819    0.00 8.8016     0.00    0.00    0.00    0.00    0.00
OF476.0  -20.123    0.00 8.8017     0.00    0.00    0.00    0.00    0.00
OF478.0  -20.428    0.00 8.8018     0.00    0.00    0.00    0.00    0.00
OF480.0  -20.732    0.00 8.8019     0.00    0.00    0.00    0.00    0.00
OF482.0  -21.037    0.00 8.8019     0.00    0.00    0.00    0.00    0.00
OF484.0  -21.325    0.00 8.802      0.00    0.00    0.00    0.00    0.00
OF486.0  -21.336    0.00 8.8021     0.00    0.00    0.00    0.00    0.00
OF488.0  -21.348    0.00 8.8022     0.00    0.00    0.00    0.00    0.00
OF490.0  -21.359    0.00 8.8023     0.00    0.00    0.00    0.00    0.00
OF492.0  -21.370    0.00 8.8024     0.00    0.00    0.00    0.00    0.00
OF494.0  -21.382    0.00 8.8024     0.00    0.00    0.00    0.00    0.00
OF496.0  -21.393    0.00 8.8025     0.00    0.00    0.00    0.00    0.00
OF498.0  -21.404    0.00 8.8026     0.00    0.00    0.00    0.00    0.00
OF500.0  -21.416    0.00 8.8027     0.00    0.00    0.00    0.00    0.00
OF502.0  -21.427    0.00 8.8028     0.00    0.00    0.00    0.00    0.00
OF504.0  -21.439    0.00 8.8029     0.00    0.00    0.00    0.00    0.00
OF506.0  -21.450    0.00 8.8029     0.00    0.00    0.00    0.00    0.00
OF508.0  -21.461    0.00 8.803      0.00    0.00    0.00    0.00    0.00
OF510.0  -21.473    0.00 8.8031     0.00    0.00    0.00    0.00    0.00
OF512.0  -21.484    0.00 8.8032     0.00    0.00    0.00    0.00    0.00
OF514.0  -21.495    0.00 8.8033     0.00    0.00    0.00    0.00    0.00
OF516.0  -21.507    0.00 8.8034     0.00    0.00    0.00    0.00    0.00
OF518.0  -21.518    0.00 8.8034     0.00    0.00    0.00    0.00    0.00
OF520.0  -21.530    0.00 8.8035     0.00    0.00    0.00    0.00    0.00
OF522.0  -21.541    0.00 8.8036     0.00    0.00    0.00    0.00    0.00
OF524.0  -21.552    0.00 8.8037     0.00    0.00    0.00    0.00    0.00
OF526.0  -21.564    0.00 8.8038     0.00    0.00    0.00    0.00    0.00
OF528.0  -21.575    0.00 8.8039     0.00    0.00    0.00    0.00    0.00
OF530.0  -21.587    0.00 8.8039     0.00    0.00    0.00    0.00    0.00
OF532.0  -21.598    0.00 8.804      0.00    0.00    0.00    0.00    0.00
OF534.0  -21.609    0.00 8.8041     0.00    0.00    0.00    0.00    0.00
OF536.0  -21.621    0.00 8.8042     0.00    0.00    0.00    0.00    0.00
OF538.0  -21.632    0.00 8.8043     0.00    0.00    0.00    0.00    0.00
OF540.0  -21.643    0.00 8.8044     0.00    0.00    0.00    0.00    0.00
OF542.0  -21.655    0.00 8.8044     0.00    0.00    0.00    0.00    0.00
OF544.0  -21.666    0.00 8.8045     0.00    0.00    0.00    0.00    0.00
OF546.0  -21.678    0.00 8.8046     0.00    0.00    0.00    0.00    0.00
OF548.0  -21.689    0.00 8.8047     0.00    0.00    0.00    0.00    0.00
OF550.0  -21.700    0.00 8.8048     0.00    0.00    0.00    0.00    0.00
OF552.0  -21.712    0.00 8.8049     0.00    0.00    0.00    0.00    0.00
OF554.0  -21.723    0.00 8.8049     0.00    0.00    0.00    0.00    0.00
OF556.0  -21.734    0.00 8.805      0.00    0.00    0.00    0.00    0.00
OF558.0  -21.746    0.00 8.8051     0.00    0.00    0.00    0.00    0.00
OF560.0  -21.757    0.00 8.8052     0.00    0.00    0.00    0.00    0.00
OF562.0  -21.769    0.00 8.8053     0.00    0.00    0.00    0.00    0.00
OF564.0  -21.780    0.00 8.8053     0.00    0.00    0.00    0.00    0.00
OF566.0  -21.791    0.00 8.8054     0.00    0.00    0.00    0.00    0.00
OF568.0  -21.803    0.00 8.8054     0.00    0.00    0.00    0.00    0.00
OF570.0  -21.814    0.00 8.8055     0.00    0.00    0.00    0.00    0.00
OF572.0  -21.826    0.00 8.8055     0.00    0.00    0.00    0.00    0.00
OF574.0  -21.853    0.00 8.8056     0.00    0.00    0.00    0.00    0.00
OF576.0  -21.990    0.00 8.8056     0.00    0.00    0.00    0.00    0.00
OF578.0  -22.127    0.00 8.8056     0.00    0.00    0.00    0.00    0.00
OF580.0  -22.264    0.00 8.8057     0.00    0.00    0.00    0.00    0.00
OF582.0  -22.369    0.00 8.8057     0.00    0.00    0.00    0.00    0.00
OF584.0  -22.352    0.00 8.8058     0.00    0.00    0.00    0.00    0.00
OF586.0  -22.334    0.00 8.8058     0.00    0.00    0.00    0.00    0.00
OF588.0  -22.317    0.00 8.8059     0.00    0.00    0.00    0.00    0.00
OF590.0  -22.299    0.00 8.8059     0.00    0.00    0.00    0.00    0.00
OF592.0  -22.280    0.00 8.8059     0.00    0.00    0.00    0.00    0.00
OF594.0  -22.260    0.00 8.806      0.00    0.00    0.00    0.00    0.00
OF596.0  -22.241    0.00 8.806      0.00    0.00    0.00    0.00    0.00
OF598.0  -22.221    0.00 8.8061     0.00    0.00    0.00    0.00    0.00
OF600.0  -22.201    0.00 8.8061     0.00    0.00    0.00    0.00    0.00
OF602.0  -22.181    0.00 8.8062     0.00    0.00    0.00    0.00    0.00
OF604.0  -22.162    0.00 8.8062     0.00    0.00    0.00    0.00    0.00
OF606.0  -22.142    0.00 8.8062     0.00    0.00    0.00    0.00    0.00
OF608.0  -22.122    0.00 8.8063     0.00    0.00    0.00    0.00    0.00
OF610.0  -22.102    0.00 8.8063     0.00    0.00    0.00    0.00    0.00
OF612.0  -22.082    0.00 8.8064     0.00    0.00    0.00    0.00    0.00
OF614.0  -22.063    0.00 8.8064     0.00    0.00    0.00    0.00    0.00
OF616.0  -22.043    0.00 8.8064     0.00    0.00    0.00    0.00    0.00
OF618.0  -22.023    0.00 8.8064     0.00    0.00    0.00    0.00    0.00
OF620.0  -22.003    0.00 8.8064     0.00    0.00    0.00    0.00    0.00
OF622.0  -21.984    0.00 8.8063     0.00    0.00    0.00    0.00    0.00
OF624.0  -21.964    0.00 8.8063     0.00    0.00    0.00    0.00    0.00
OF626.0  -21.944    0.00 8.8062     0.00    0.00    0.00    0.00    0.00
OF628.0  -21.924    0.00 8.8062     0.00    0.00    0.00    0.00    0.00
OF630.0  -21.905    0.00 8.8061     0.00    0.00    0.00    0.00    0.00
OF632.0  -21.885    0.00 8.8061     0.00    0.00    0.00    0.00    0.00
OF634.0  -21.865    0.00 8.806      0.00    0.00    0.00    0.00    0.00
OF636.0  -21.845    0.00 8.806      0.00    0.00    0.00    0.00    0.00
OF638.0  -21.826    0.00 8.8059     0.00    0.00    0.00    0.00    0.00
OF640.0  -21.806    0.00 8.8059     0.00    0.00    0.00    0.00    0.00
OF642.0  -21.786    0.00 8.8058     0.00    0.00    0.00    0.00    0.00
OF644.0  -21.766    0.00 8.8058     0.00    0.00    0.00    0.00    0.00
OF646.0  -21.747    0.00 8.8057     0.00    0.00    0.00    0.00    0.00
OF648.0  -21.727    0.00 8.8056     0.00    0.00    0.00    0.00    0.00
OF650.0  -21.707    0.00 8.8056     0.00    0.00    0.00    0.00    0.00
OF652.0  -21.707    0.00 8.8055     0.00    0.00    0.00    0.00    0.00
OF654.0  -21.706    0.00 8.8055     0.00    0.00    0.00    0.00    0.00
OF656.0  -21.705    0.00 8.8054     0.00    0.00    0.00    0.00    0.00
OF658.0  -21.705    0.00 8.8054     0.00    0.00    0.00    0.00    0.00
OF660.0  -21.704    0.00 8.8053     0.00    0.00    0.00    0.00    0.00
OF662.0  -21.703    0.00 8.8053     0.00    0.00    0.00    0.00    0.00
OF664.0  -21.703    0.00 8.8052     0.00    0.00    0.00    0.00    0.00
OF666.0  -21.702    0.00 8.8052     0.00    0.00    0.00    0.00    0.00
OF668.0  -21.701    0.00 8.8051     0.00    0.00    0.00    0.00    0.00
OF670.0  -21.701    0.00 8.8051     0.00    0.00    0.00    0.00    0.00
OF672.0  -21.700    0.00 8.805      0.00    0.00    0.00    0.00    0.00
OF674.0  -21.7      0.00 8.805      0.00    0.00    0.00    0.00    0.00
OF676.0  -21.699    0.00 8.8049     0.00    0.00    0.00    0.00    0.00
OF678.0  -21.698    0.00 8.8049     0.00    0.00    0.00    0.00    0.00
OF680.0  -21.698    0.00 8.8048     0.00    0.00    0.00    0.00    0.00
OF682.0  -21.694    0.00 8.8048     0.00    0.00    0.00    0.00    0.00
OF684.0  -21.689    0.00 8.8047     0.00    0.00    0.00    0.00    0.00
OF686.0  -21.684    0.00 8.8047     0.00    0.00    0.00    0.00    0.00
OF688.0  -21.678    0.00 8.8046     0.00    0.00    0.00    0.00    0.00
OF690.0  -21.673    0.00 8.8045     0.00    0.00    0.00    0.00    0.00
OF692.0  -21.668    0.00 8.8045     0.00    0.00    0.00    0.00    0.00
OF694.0  -21.663    0.00 8.8044     0.00    0.00    0.00    0.00    0.00
OF696.0  -21.657    0.00 8.8044     0.00    0.00    0.00    0.00    0.00
OF698.0  -21.652    0.00 8.8043     0.00    0.00    0.00    0.00    0.00
OF700.0  -21.647    0.00 8.8043     0.00    0.00    0.00    0.00    0.00
OF702.0  -21.642    0.00 8.8042     0.00    0.00    0.00    0.00    0.00
OF704.0  -21.636    0.00 8.8042     0.00    0.00    0.00    0.00    0.00
OF706.0  -21.631    0.00 8.8041     0.00    0.00    0.00    0.00    0.00
OF708.0  -21.626    0.00 8.8041     0.00    0.00    0.00    0.00    0.00
OF710.0  -21.621    0.00 8.804      0.00    0.00    0.00    0.00    0.00
OF712.0  -21.615    0.00 8.804      0.00    0.00    0.00    0.00    0.00
OF714.0  -21.610    0.00 8.8039     0.00    0.00    0.00    0.00    0.00
OF716.0  -21.605    0.00 8.8039     0.00    0.00    0.00    0.00    0.00
OF718.0  -21.600    0.00 8.8038     0.00    0.00    0.00    0.00    0.00
OF720.0  -21.594    0.00 8.8038     0.00    0.00    0.00    0.00    0.00
OF722.0  -21.589    0.00 8.8037     0.00    0.00    0.00    0.00    0.00
OF724.0  -21.584    0.00 8.8036     0.00    0.00    0.00    0.00    0.00
OF726.0  -21.579    0.00 8.8036     0.00    0.00    0.00    0.00    0.00
OF728.0  -21.573    0.00 8.8035     0.00    0.00    0.00    0.00    0.00
OF730.0  -21.543    0.00 8.8035     0.00    0.00    0.00    0.00    0.00
OF732.0  -21.493    0.00 8.8034     0.00    0.00    0.00    0.00    0.00
OF734.0  -21.444    0.00 8.8034     0.00    0.00    0.00    0.00    0.00
OF736.0  -21.394    0.00 8.8034     0.00    0.00    0.00    0.00    0.00
OF738.0  -21.345    0.00 8.8035     0.00    0.00    0.00    0.00    0.00
OF740.0  -21.296    0.00 8.8035     0.00    0.00    0.00    0.00    0.00
OF742.0  -21.246    0.00 8.8036     0.00    0.00    0.00    0.00    0.00
OF744.0  -21.197    0.00 8.8037     0.00    0.00    0.00    0.00    0.00
OF746.0  -21.147    0.00 8.8038     0.00    0.00    0.00    0.00    0.00
OF748.0  -21.098    0.00 8.8039     0.00    0.00    0.00    0.00    0.00
OF750.0  -21.048    0.00 8.8044     0.00    0.00    0.00    0.00    0.00
OF752.0  -20.999    0.00 8.805      0.00    0.00    0.00    0.00    0.00
OF754.0  -20.950    0.00 8.8056     0.00    0.00    0.00    0.00    0.00
OF756.0  -20.900    0.00 8.8062     0.00    0.00    0.00    0.00    0.00
OF758.0  -20.851    0.00 8.8068     0.00    0.00    0.00    0.00    0.00
OF760.0  -20.801    0.00 8.8074     0.00    0.00    0.00    0.00    0.00
OF762.0  -20.752    0.00 8.808      0.00    0.00    0.00    0.00    0.00
OF764.0  -20.702    0.00 8.8086     0.00    0.00    0.00    0.00    0.00
OF766.0  -20.653    0.00 8.8092     0.00    0.00    0.00    0.00    0.00
OF768.0  -20.604    0.00 8.8098     0.00    0.00    0.00    0.00    0.00
OF770.0  -20.554    0.00 8.8104     0.00    0.00    0.00    0.00    0.00
OF772.0  -20.505    0.00 8.811      0.00    0.00    0.00    0.00    0.00
OF774.0  -20.455    0.00 8.8116     0.00    0.00    0.00    0.00    0.00
OF776.0  -20.406    0.00 8.8121     0.00    0.00    0.00    0.00    0.00
OF778.0  -20.356    0.00 8.8128     0.00    0.00    0.00    0.00    0.00
OF780.0  -20.307    0.00 8.8134     0.00    0.00    0.00    0.00    0.00
OF782.0  -20.258    0.00 8.814      0.00    0.00    0.00    0.00    0.00
OF784.0  -20.208    0.00 8.8146     0.00    0.00    0.00    0.00    0.00
OF786.0  -20.159    0.00 8.8152     0.00    0.00    0.00    0.00    0.00
OF788.0  -20.109    0.00 8.8158     0.00    0.00    0.00    0.00    0.00
OF790.0  -20.035    0.00 8.8165     0.00    0.00    0.00    0.00    0.00
OF792.0  -19.957    0.00 8.8171     0.00    0.00    0.00    0.00    0.00
OF794.0  -19.880    0.00 8.8177     0.00    0.00    0.00    0.00    0.00
OF796.0  -19.802    0.00 8.8183     0.00    0.00    0.00    0.00    0.00
OF798.0  -19.725    0.00 8.8189     0.00    0.00    0.00    0.00    0.00
OF800.0  -19.647    0.00 8.8196     0.00    0.00    0.00    0.00    0.00
OF802.0  -19.570    0.00 8.8202     0.00    0.00    0.00    0.00    0.00
OF804.0  -19.493    0.00 8.8208     0.00    0.00    0.00    0.00    0.00
OF806.0  -19.415    0.00 8.8214     0.00    0.00    0.00    0.00    0.00
OF808.0  -19.320    0.00 8.822      0.00    0.00    0.00    0.00    0.00
OF810.0  -18.966    0.00 8.8227     0.00    0.00    0.00    0.00    0.00
OF812.0  -18.612    0.00 8.8233     0.00    0.00    0.00    0.00    0.00
OF814.0  -18.258    0.00 8.8239     0.00    0.00    0.00    0.00    0.00
OF816.0  -17.903    0.00 8.8245     0.00    0.00    0.00    0.00    0.00
OF818.0  -17.549    0.00 8.8251     0.00    0.00    0.00    0.00    0.00
OF820.0  -17.195    0.00 8.8257     0.00    0.00    0.00    0.00    0.00
OF822.0  -16.840    0.00 8.8264     0.00    0.00    0.00    0.00    0.00
OF824.0  -16.486    0.00 8.827      0.00    0.00    0.00    0.00    0.00
OF826.0  -16.132    0.00 8.8276     0.00    0.00    0.00    0.00    0.00
OF828.0  -15.764    0.00 8.8282     0.00    0.00    0.00    0.00    0.00
OF830.0  -15.392    0.00 8.8288     0.00    0.00    0.00    0.00    0.00
OF832.0  -15.020    0.00 8.8297     0.00    0.00    0.00    0.00    0.00
OF834.0  -14.648    0.00 8.8327     0.00    0.00    0.00    0.00    0.00
OF836.0  -14.276    0.00 8.8357     0.00    0.00    0.00    0.00    0.00
OF838.0  -13.904    0.00 8.8387     0.00    0.00    0.00    0.00    0.00
OF840.0  -5.1753    0.00 8.8416     0.00    0.00    0.00    0.00    0.00
OF842.0  -5.2089    0.00 8.8446     0.00    0.00    0.00    0.00    0.00
OF844.0  -5.1801    0.00 8.8476     0.00    0.00    0.00    0.00    0.00
OF846.0  -5.1285    0.00 8.8505     0.00    0.00    0.00    0.00    0.00
OF848.0  -5.1696    0.00 8.8535     0.00    0.00    0.00    0.00    0.00
OF850.0  -5.2481    0.00 8.8565     0.00    0.00    0.00    0.00    0.00
OF852.0  -5.326     0.00 8.8595     0.00    0.00    0.00    0.00    0.00
OF854.0  -5.3676    0.00 8.8624     0.00    0.00    0.00    0.00    0.00
OF856.0  -5.3974    0.00 8.8654     0.00    0.00    0.00    0.00    0.00
OF858.0  -5.4283    0.00 8.8684     0.00    0.00    0.00    0.00    0.00
OF860.0  -5.4274    0.00 8.8714     0.00    0.00    0.00    0.00    0.00
OF862.0  -5.3666    0.00 8.8743     0.00    0.00    0.00    0.00    0.00
OF864.0  -5.3058    0.00 8.8773     0.00    0.00    0.00    0.00    0.00
OF866.0  -5.247     0.00 8.8803     0.00    0.00    0.00    0.00    0.00
OF868.0  -5.2632    0.00 8.8832     0.00    0.00    0.00    0.00    0.00
OF870.0  -5.3106    0.00 8.8862     0.00    0.00    0.00    0.00    0.00
OF872.0  -5.3522    0.00 8.8892     0.00    0.00    0.00    0.00    0.00
OF874.0  -5.3791    0.00 8.8922     0.00    0.00    0.00    0.00    0.00
OF876.0  -5.4032    0.00 8.8951     0.00    0.00    0.00    0.00    0.00
OF878.0  -5.379     0.00 8.8981     0.00    0.00    0.00    0.00    0.00
OF880.0  -5.4528    0.00 8.9011     0.00    0.00    0.00    0.00    0.00
OF882.0  -5.5383    0.00 8.9041     0.00    0.00    0.00    0.00    0.00
OF884.0  -5.628     0.00 8.907      0.00    0.00    0.00    0.00    0.00
OF886.0  -5.6304    0.00 8.91       0.00    0.00    0.00    0.00    0.00
OF888.0  -5.6347    0.00 8.913      0.00    0.00    0.00    0.00    0.00
OF890.0  -5.6389    0.00 8.916      0.00    0.00    0.00    0.00    0.00
OF892.0  -5.2639    0.00 8.9189     0.00    0.00    0.00    0.00    0.00
OF894.0  -4.9686    0.00 8.9219     0.00    0.00    0.00    0.00    0.00
OF896.0  -4.6696    0.00 8.9219     0.00    0.00    0.00    0.00    0.00
OF898.0  -4.37      0.00 8.9219     0.00    0.00    0.00    0.00    0.00
OF900.0  -4.023     0.00 8.9219     0.00    0.00    0.00    0.00    0.00
OF902.0  -3.6404    0.00 8.9219     0.00    0.00    0.00    0.00    0.00
OF904.0  -3.2579    0.00 8.9219     0.00    0.00    0.00    0.00    0.00
OF906.0  -3.116     0.00 8.9219     0.00    0.00    0.00    0.00    0.00
OF908.0  -3.0955    0.00 8.9219     0.00    0.00    0.00    0.00    0.00
OF910.0  -2.7812    0.00 8.9219     0.00    0.00    0.00    0.00    0.00
OF912.0  -2.562     0.00 8.9219     0.00    0.00    0.00    0.00    0.00
OF914.0  -2.4011    0.00 8.9219     0.00    0.00    0.00    0.00    0.00
OF916.0  -2.1537    0.00 8.9219     0.00    0.00    0.00    0.00    0.00
OF918.0  -1.8647    0.00 8.9219     0.00    0.00    0.00    0.00    0.00
OF920.0  -1.6215    0.00 8.9219     0.00    0.00    0.00    0.00    0.00
OF922.0  -1.0932    0.00 8.9219     0.00    0.00    0.00    0.00    0.00
OF924.0  -0.2096    0.00 8.9219     0.00    0.00    0.00    0.00    0.00
IF926.0  0.6206     0.00 8.9219     0.00    0.00    0.00    0.00    0.00
IF928.0  1.3166     0.00 8.9219     0.00    0.00    0.00    0.00    0.00
IF930.0  2.0126     0.00 8.9219     0.00    0.00    0.00    0.00    0.00
IF932.0  2.7599     0.00 8.9219     0.00    0.00    0.00    0.00    0.00
IF934.0  3.7037     0.00 8.9219     0.00    0.00    0.00    0.00    0.00
IF935.0  4.2266     0.00 8.9978     0.00    0.00    0.00    0.00    0.00
IF938.3  5.6374     0.00 9.3571     0.00    0.00    0.00    0.00    0.00
IF941.6  6.6734     0.00 9.633      0.00    0.00    0.00    0.00    0.00
IF944.9  6.9407     0.00 9.7965     0.00    0.00    0.00    0.00    0.00
IF948.2  7.1711     0.00 9.8839     0.00    0.00    0.00    0.00    0.00
IF951.4  7.6627     0.00 9.9101     0.00    0.00    0.00    0.00    0.00
IF954.0  9.1701     0.00 9.9101     0.00    0.00    0.00    0.00    0.00
IF955.1  9.9101     0.00 9.9101     0.00    0.00    0.00    0.00    0.00
PS START(422608.4667,4845851.6306)
PS END(422322.6459,4845955.4754)
ET
 
 
 
