header
IE0.0    -14.532       1       1 8.9177  2.3138  2.3       56.14   56.14
OF1.0    -14.527    0.00 8.9177     0.00    0.00    0.00    0.00    0.00
OF2.0    -14.523    0.00 8.9177     0.00    0.00    0.00    0.00    0.00
OF3.0    -14.518    0.00 8.9177     0.00    0.00    0.00    0.00    0.00
OF4.0    -14.514    0.00 8.9177     0.00    0.00    0.00    0.00    0.00
OF5.0    -14.509    0.00 8.9177     0.00    0.00    0.00    0.00    0.00
OF6.0    -14.504    0.00 8.9177     0.00    0.00    0.00    0.00    0.00
OF7.0    -14.500    0.00 8.9177     0.00    0.00    0.00    0.00    0.00
OF8.0    -14.495    0.00 8.9177     0.00    0.00    0.00    0.00    0.00
OF9.0    -14.491    0.00 8.9177     0.00    0.00    0.00    0.00    0.00
OF10.0   -14.486    0.00 8.9177     0.00    0.00    0.00    0.00    0.00
OF11.0   -14.481    0.00 8.9177     0.00    0.00    0.00    0.00    0.00
OF12.0   -14.477    0.00 8.9177     0.00    0.00    0.00    0.00    0.00
OF13.0   -14.472    0.00 8.9177     0.00    0.00    0.00    0.00    0.00
OF14.0   -14.468    0.00 8.9177     0.00    0.00    0.00    0.00    0.00
OF15.0   -14.463    0.00 8.9177     0.00    0.00    0.00    0.00    0.00
OF16.0   -14.458    0.00 8.9177     0.00    0.00    0.00    0.00    0.00
OF17.0   -14.454    0.00 8.9177     0.00    0.00    0.00    0.00    0.00
OF18.0   -14.449    0.00 8.9177     0.00    0.00    0.00    0.00    0.00
OF19.0   -14.445    0.00 8.9177     0.00    0.00    0.00    0.00    0.00
OF20.0   -14.440    0.00 8.9177     0.00    0.00    0.00    0.00    0.00
OF21.0   -14.436    0.00 8.9177     0.00    0.00    0.00    0.00    0.00
OF22.0   -14.431    0.00 8.9177     0.00    0.00    0.00    0.00    0.00
OF23.0   -14.426    0.00 8.9177     0.00    0.00    0.00    0.00    0.00
OF24.0   -14.422    0.00 8.9177     0.00    0.00    0.00    0.00    0.00
OF25.0   -14.417    0.00 8.9177     0.00    0.00    0.00    0.00    0.00
OF26.0   -14.413    0.00 8.9177     0.00    0.00    0.00    0.00    0.00
OF27.0   -14.408    0.00 8.9177     0.00    0.00    0.00    0.00    0.00
OF28.0   -14.403    0.00 8.9177     0.00    0.00    0.00    0.00    0.00
OF29.0   -14.399    0.00 8.9177     0.00    0.00    0.00    0.00    0.00
OF30.0   -14.394    0.00 8.9177     0.00    0.00    0.00    0.00    0.00
OF31.0   -14.390    0.00 8.9177     0.00    0.00    0.00    0.00    0.00
OF32.0   -14.385    0.00 8.9177     0.00    0.00    0.00    0.00    0.00
OF33.0   -14.381    0.00 8.9177     0.00    0.00    0.00    0.00    0.00
OF34.0   -14.376    0.00 8.9177     0.00    0.00    0.00    0.00    0.00
OF35.0   -14.371    0.00 8.9177     0.00    0.00    0.00    0.00    0.00
OF36.0   -14.367    0.00 8.9177     0.00    0.00    0.00    0.00    0.00
OF37.0   -14.362    0.00 8.9177     0.00    0.00    0.00    0.00    0.00
OF38.0   -14.358    0.00 8.9177     0.00    0.00    0.00    0.00    0.00
OF39.0   -14.353    0.00 8.9177     0.00    0.00    0.00    0.00    0.00
OF40.0   -14.348    0.00 8.9177     0.00    0.00    0.00    0.00    0.00
OF41.0   -14.344    0.00 8.9177     0.00    0.00    0.00    0.00    0.00
OF42.0   -14.339    0.00 8.9177     0.00    0.00    0.00    0.00    0.00
OF43.0   -14.335    0.00 8.9177     0.00    0.00    0.00    0.00    0.00
OF44.0   -14.330    0.00 8.9178     0.00    0.00    0.00    0.00    0.00
OF45.0   -14.325    0.00 8.9178     0.00    0.00    0.00    0.00    0.00
OF46.0   -14.321    0.00 8.9178     0.00    0.00    0.00    0.00    0.00
OF47.0   -14.316    0.00 8.9178     0.00    0.00    0.00    0.00    0.00
OF48.0   -14.312    0.00 8.9178     0.00    0.00    0.00    0.00    0.00
OF49.0   -14.307    0.00 8.9178     0.00    0.00    0.00    0.00    0.00
OF50.0   -14.303    0.00 8.9178     0.00    0.00    0.00    0.00    0.00
OF51.0   -14.298    0.00 8.9178     0.00    0.00    0.00    0.00    0.00
OF52.0   -14.293    0.00 8.9178     0.00    0.00    0.00    0.00    0.00
OF53.0   -14.289    0.00 8.9178     0.00    0.00    0.00    0.00    0.00
OF54.0   -14.284    0.00 8.9178     0.00    0.00    0.00    0.00    0.00
OF55.0   -14.28     0.00 8.9178     0.00    0.00    0.00    0.00    0.00
OF56.0   -14.275    0.00 8.9178     0.00    0.00    0.00    0.00    0.00
OF57.0   -14.270    0.00 8.9178     0.00    0.00    0.00    0.00    0.00
OF58.0   -14.266    0.00 8.9178     0.00    0.00    0.00    0.00    0.00
OF59.0   -14.261    0.00 8.9178     0.00    0.00    0.00    0.00    0.00
OF60.0   -14.257    0.00 8.9178     0.00    0.00    0.00    0.00    0.00
OF61.0   -14.252    0.00 8.9178     0.00    0.00    0.00    0.00    0.00
OF62.0   -14.247    0.00 8.9178     0.00    0.00    0.00    0.00    0.00
OF63.0   -14.243    0.00 8.9178     0.00    0.00    0.00    0.00    0.00
OF64.0   -14.238    0.00 8.9178     0.00    0.00    0.00    0.00    0.00
OF65.0   -14.234    0.00 8.9178     0.00    0.00    0.00    0.00    0.00
OF66.0   -14.229    0.00 8.9178     0.00    0.00    0.00    0.00    0.00
OF67.0   -14.225    0.00 8.9178     0.00    0.00    0.00    0.00    0.00
OF68.0   -14.220    0.00 8.9178     0.00    0.00    0.00    0.00    0.00
OF69.0   -14.215    0.00 8.9178     0.00    0.00    0.00    0.00    0.00
OF70.0   -14.211    0.00 8.9178     0.00    0.00    0.00    0.00    0.00
OF71.0   -14.206    0.00 8.9178     0.00    0.00    0.00    0.00    0.00
OF72.0   -14.202    0.00 8.9178     0.00    0.00    0.00    0.00    0.00
OF73.0   -14.197    0.00 8.9178     0.00    0.00    0.00    0.00    0.00
OF74.0   -14.192    0.00 8.9178     0.00    0.00    0.00    0.00    0.00
OF75.0   -14.188    0.00 8.9178     0.00    0.00    0.00    0.00    0.00
OF76.0   -14.183    0.00 8.9178     0.00    0.00    0.00    0.00    0.00
OF77.0   -14.179    0.00 8.9178     0.00    0.00    0.00    0.00    0.00
OF78.0   -14.174    0.00 8.9178     0.00    0.00    0.00    0.00    0.00
OF79.0   -14.169    0.00 8.9178     0.00    0.00    0.00    0.00    0.00
OF80.0   -14.165    0.00 8.9178     0.00    0.00    0.00    0.00    0.00
OF81.0   -14.160    0.00 8.9178     0.00    0.00    0.00    0.00    0.00
OF82.0   -14.156    0.00 8.9178     0.00    0.00    0.00    0.00    0.00
OF83.0   -14.151    0.00 8.9178     0.00    0.00    0.00    0.00    0.00
OF84.0   -14.147    0.00 8.9178     0.00    0.00    0.00    0.00    0.00
OF85.0   -14.142    0.00 8.9178     0.00    0.00    0.00    0.00    0.00
OF86.0   -14.137    0.00 8.9178     0.00    0.00    0.00    0.00    0.00
OF87.0   -14.133    0.00 8.9178     0.00    0.00    0.00    0.00    0.00
OF88.0   -14.128    0.00 8.9179     0.00    0.00    0.00    0.00    0.00
OF89.0   -14.124    0.00 8.9179     0.00    0.00    0.00    0.00    0.00
OF90.0   -14.119    0.00 8.9179     0.00    0.00    0.00    0.00    0.00
OF91.0   -14.114    0.00 8.9179     0.00    0.00    0.00    0.00    0.00
OF92.0   -14.110    0.00 8.9179     0.00    0.00    0.00    0.00    0.00
OF93.0   -14.105    0.00 8.9179     0.00    0.00    0.00    0.00    0.00
OF94.0   -14.101    0.00 8.9179     0.00    0.00    0.00    0.00    0.00
OF95.0   -14.096    0.00 8.9179     0.00    0.00    0.00    0.00    0.00
OF96.0   -14.091    0.00 8.9179     0.00    0.00    0.00    0.00    0.00
OF97.0   -14.087    0.00 8.9179     0.00    0.00    0.00    0.00    0.00
OF98.0   -14.082    0.00 8.9179     0.00    0.00    0.00    0.00    0.00
OF99.0   -14.078    0.00 8.9179     0.00    0.00    0.00    0.00    0.00
OF100.0  -14.073    0.00 8.9179     0.00    0.00    0.00    0.00    0.00
OF101.0  -14.069    0.00 8.9179     0.00    0.00    0.00    0.00    0.00
OF102.0  -14.064    0.00 8.9179     0.00    0.00    0.00    0.00    0.00
OF103.0  -14.059    0.00 8.9179     0.00    0.00    0.00    0.00    0.00
OF104.0  -14.055    0.00 8.9179     0.00    0.00    0.00    0.00    0.00
OF105.0  -14.050    0.00 8.9179     0.00    0.00    0.00    0.00    0.00
OF106.0  -14.046    0.00 8.9179     0.00    0.00    0.00    0.00    0.00
OF107.0  -14.041    0.00 8.9179     0.00    0.00    0.00    0.00    0.00
OF108.0  -14.036    0.00 8.9179     0.00    0.00    0.00    0.00    0.00
OF109.0  -14.032    0.00 8.9179     0.00    0.00    0.00    0.00    0.00
OF110.0  -14.027    0.00 8.9179     0.00    0.00    0.00    0.00    0.00
OF111.0  -14.023    0.00 8.9179     0.00    0.00    0.00    0.00    0.00
OF112.0  -14.018    0.00 8.9179     0.00    0.00    0.00    0.00    0.00
OF113.0  -14.013    0.00 8.9179     0.00    0.00    0.00    0.00    0.00
OF114.0  -14.009    0.00 8.9179     0.00    0.00    0.00    0.00    0.00
OF115.0  -14.004    0.00 8.9179     0.00    0.00    0.00    0.00    0.00
OF116.0  -14.000    0.00 8.9179     0.00    0.00    0.00    0.00    0.00
OF117.0  -13.995    0.00 8.9179     0.00    0.00    0.00    0.00    0.00
OF118.0  -13.991    0.00 8.9179     0.00    0.00    0.00    0.00    0.00
OF119.0  -13.986    0.00 8.9179     0.00    0.00    0.00    0.00    0.00
OF120.0  -13.981    0.00 8.9179     0.00    0.00    0.00    0.00    0.00
OF121.0  -13.977    0.00 8.9179     0.00    0.00    0.00    0.00    0.00
OF122.0  -13.972    0.00 8.9179     0.00    0.00    0.00    0.00    0.00
OF123.0  -13.968    0.00 8.9179     0.00    0.00    0.00    0.00    0.00
OF124.0  -13.963    0.00 8.9179     0.00    0.00    0.00    0.00    0.00
OF125.0  -13.958    0.00 8.9179     0.00    0.00    0.00    0.00    0.00
OF126.0  -13.954    0.00 8.9179     0.00    0.00    0.00    0.00    0.00
OF127.0  -13.949    0.00 8.9179     0.00    0.00    0.00    0.00    0.00
OF128.0  -13.945    0.00 8.9179     0.00    0.00    0.00    0.00    0.00
OF129.0  -13.940    0.00 8.9179     0.00    0.00    0.00    0.00    0.00
OF130.0  -13.935    0.00 8.9179     0.00    0.00    0.00    0.00    0.00
OF131.0  -13.932    0.00 8.9179     0.00    0.00    0.00    0.00    0.00
OF132.0  -13.930    0.00 8.9179     0.00    0.00    0.00    0.00    0.00
OF133.0  -13.928    0.00 8.9179     0.00    0.00    0.00    0.00    0.00
OF134.0  -13.926    0.00 8.9179     0.00    0.00    0.00    0.00    0.00
OF135.0  -13.924    0.00 8.9179     0.00    0.00    0.00    0.00    0.00
OF136.0  -13.922    0.00 8.9179     0.00    0.00    0.00    0.00    0.00
OF137.0  -13.920    0.00 8.9179     0.00    0.00    0.00    0.00    0.00
OF138.0  -13.918    0.00 8.9179     0.00    0.00    0.00    0.00    0.00
OF139.0  -13.916    0.00 8.918      0.00    0.00    0.00    0.00    0.00
OF140.0  -13.914    0.00 8.918      0.00    0.00    0.00    0.00    0.00
OF141.0  -13.912    0.00 8.918      0.00    0.00    0.00    0.00    0.00
OF142.0  -13.910    0.00 8.918      0.00    0.00    0.00    0.00    0.00
OF143.0  -13.908    0.00 8.918      0.00    0.00    0.00    0.00    0.00
OF144.0  -13.906    0.00 8.918      0.00    0.00    0.00    0.00    0.00
OF145.0  -13.905    0.00 8.918      0.00    0.00    0.00    0.00    0.00
OF146.0  -13.903    0.00 8.918      0.00    0.00    0.00    0.00    0.00
OF147.0  -13.901    0.00 8.918      0.00    0.00    0.00    0.00    0.00
OF148.0  -13.899    0.00 8.918      0.00    0.00    0.00    0.00    0.00
OF149.0  -13.897    0.00 8.918      0.00    0.00    0.00    0.00    0.00
OF150.0  -13.895    0.00 8.918      0.00    0.00    0.00    0.00    0.00
OF151.0  -13.893    0.00 8.918      0.00    0.00    0.00    0.00    0.00
OF152.0  -13.891    0.00 8.918      0.00    0.00    0.00    0.00    0.00
OF153.0  -13.889    0.00 8.918      0.00    0.00    0.00    0.00    0.00
OF154.0  -13.887    0.00 8.918      0.00    0.00    0.00    0.00    0.00
OF155.0  -13.885    0.00 8.918      0.00    0.00    0.00    0.00    0.00
OF156.0  -13.883    0.00 8.918      0.00    0.00    0.00    0.00    0.00
OF157.0  -13.881    0.00 8.918      0.00    0.00    0.00    0.00    0.00
OF158.0  -13.879    0.00 8.918      0.00    0.00    0.00    0.00    0.00
OF159.0  -13.877    0.00 8.918      0.00    0.00    0.00    0.00    0.00
OF160.0  -13.875    0.00 8.918      0.00    0.00    0.00    0.00    0.00
OF161.0  -13.873    0.00 8.918      0.00    0.00    0.00    0.00    0.00
OF162.0  -13.871    0.00 8.918      0.00    0.00    0.00    0.00    0.00
OF163.0  -13.869    0.00 8.918      0.00    0.00    0.00    0.00    0.00
OF164.0  -13.865    0.00 8.918      0.00    0.00    0.00    0.00    0.00
OF165.0  -13.861    0.00 8.918      0.00    0.00    0.00    0.00    0.00
OF166.0  -13.857    0.00 8.918      0.00    0.00    0.00    0.00    0.00
OF167.0  -13.853    0.00 8.918      0.00    0.00    0.00    0.00    0.00
OF168.0  -13.849    0.00 8.918      0.00    0.00    0.00    0.00    0.00
OF169.0  -13.845    0.00 8.918      0.00    0.00    0.00    0.00    0.00
OF170.0  -13.841    0.00 8.918      0.00    0.00    0.00    0.00    0.00
OF171.0  -13.837    0.00 8.918      0.00    0.00    0.00    0.00    0.00
OF172.0  -13.833    0.00 8.918      0.00    0.00    0.00    0.00    0.00
OF173.0  -13.829    0.00 8.918      0.00    0.00    0.00    0.00    0.00
OF174.0  -13.825    0.00 8.918      0.00    0.00    0.00    0.00    0.00
OF175.0  -13.821    0.00 8.918      0.00    0.00    0.00    0.00    0.00
OF176.0  -13.816    0.00 8.918      0.00    0.00    0.00    0.00    0.00
OF177.0  -13.812    0.00 8.918      0.00    0.00    0.00    0.00    0.00
OF178.0  -13.808    0.00 8.918      0.00    0.00    0.00    0.00    0.00
OF179.0  -13.804    0.00 8.918      0.00    0.00    0.00    0.00    0.00
OF180.0  -13.800    0.00 8.918      0.00    0.00    0.00    0.00    0.00
OF181.0  -13.796    0.00 8.918      0.00    0.00    0.00    0.00    0.00
OF182.0  -13.792    0.00 8.918      0.00    0.00    0.00    0.00    0.00
OF183.0  -13.788    0.00 8.918      0.00    0.00    0.00    0.00    0.00
OF184.0  -13.784    0.00 8.918      0.00    0.00    0.00    0.00    0.00
OF185.0  -13.780    0.00 8.918      0.00    0.00    0.00    0.00    0.00
OF186.0  -13.776    0.00 8.918      0.00    0.00    0.00    0.00    0.00
OF187.0  -13.772    0.00 8.918      0.00    0.00    0.00    0.00    0.00
OF188.0  -13.767    0.00 8.918      0.00    0.00    0.00    0.00    0.00
OF189.0  -13.763    0.00 8.918      0.00    0.00    0.00    0.00    0.00
OF190.0  -13.759    0.00 8.918      0.00    0.00    0.00    0.00    0.00
OF191.0  -13.755    0.00 8.918      0.00    0.00    0.00    0.00    0.00
OF192.0  -13.751    0.00 8.918      0.00    0.00    0.00    0.00    0.00
OF193.0  -13.747    0.00 8.918      0.00    0.00    0.00    0.00    0.00
OF194.0  -13.743    0.00 8.918      0.00    0.00    0.00    0.00    0.00
OF195.0  -13.739    0.00 8.918      0.00    0.00    0.00    0.00    0.00
OF196.0  -13.735    0.00 8.918      0.00    0.00    0.00    0.00    0.00
OF197.0  -13.731    0.00 8.918      0.00    0.00    0.00    0.00    0.00
OF198.0  -13.727    0.00 8.918      0.00    0.00    0.00    0.00    0.00
OF199.0  -13.723    0.00 8.918      0.00    0.00    0.00    0.00    0.00
OF200.0  -13.719    0.00 8.918      0.00    0.00    0.00    0.00    0.00
OF201.0  -13.714    0.00 8.918      0.00    0.00    0.00    0.00    0.00
OF202.0  -13.710    0.00 8.918      0.00    0.00    0.00    0.00    0.00
OF203.0  -13.706    0.00 8.918      0.00    0.00    0.00    0.00    0.00
OF204.0  -13.702    0.00 8.918      0.00    0.00    0.00    0.00    0.00
OF205.0  -13.698    0.00 8.918      0.00    0.00    0.00    0.00    0.00
OF206.0  -13.694    0.00 8.918      0.00    0.00    0.00    0.00    0.00
OF207.0  -13.690    0.00 8.918      0.00    0.00    0.00    0.00    0.00
OF208.0  -13.686    0.00 8.918      0.00    0.00    0.00    0.00    0.00
OF209.0  -13.682    0.00 8.918      0.00    0.00    0.00    0.00    0.00
OF210.0  -13.678    0.00 8.918      0.00    0.00    0.00    0.00    0.00
OF211.0  -13.674    0.00 8.918      0.00    0.00    0.00    0.00    0.00
OF212.0  -13.670    0.00 8.918      0.00    0.00    0.00    0.00    0.00
OF213.0  -13.666    0.00 8.918      0.00    0.00    0.00    0.00    0.00
OF214.0  -13.661    0.00 8.918      0.00    0.00    0.00    0.00    0.00
OF215.0  -13.657    0.00 8.918      0.00    0.00    0.00    0.00    0.00
OF216.0  -13.653    0.00 8.9179     0.00    0.00    0.00    0.00    0.00
OF217.0  -13.649    0.00 8.9179     0.00    0.00    0.00    0.00    0.00
OF218.0  -13.645    0.00 8.9179     0.00    0.00    0.00    0.00    0.00
OF219.0  -13.641    0.00 8.9179     0.00    0.00    0.00    0.00    0.00
OF220.0  -13.637    0.00 8.9179     0.00    0.00    0.00    0.00    0.00
OF221.0  -13.633    0.00 8.9179     0.00    0.00    0.00    0.00    0.00
OF222.0  -13.629    0.00 8.9179     0.00    0.00    0.00    0.00    0.00
OF223.0  -13.625    0.00 8.9179     0.00    0.00    0.00    0.00    0.00
OF224.0  -13.621    0.00 8.9179     0.00    0.00    0.00    0.00    0.00
OF225.0  -13.617    0.00 8.9179     0.00    0.00    0.00    0.00    0.00
OF226.0  -13.613    0.00 8.9179     0.00    0.00    0.00    0.00    0.00
OF227.0  -13.608    0.00 8.9179     0.00    0.00    0.00    0.00    0.00
OF228.0  -13.604    0.00 8.9179     0.00    0.00    0.00    0.00    0.00
OF229.0  -13.600    0.00 8.9179     0.00    0.00    0.00    0.00    0.00
OF230.0  -13.596    0.00 8.9179     0.00    0.00    0.00    0.00    0.00
OF231.0  -13.592    0.00 8.9179     0.00    0.00    0.00    0.00    0.00
OF232.0  -13.588    0.00 8.9179     0.00    0.00    0.00    0.00    0.00
OF233.0  -13.584    0.00 8.9179     0.00    0.00    0.00    0.00    0.00
OF234.0  -13.580    0.00 8.9179     0.00    0.00    0.00    0.00    0.00
OF235.0  -13.576    0.00 8.9179     0.00    0.00    0.00    0.00    0.00
OF236.0  -13.572    0.00 8.9179     0.00    0.00    0.00    0.00    0.00
OF237.0  -13.568    0.00 8.9179     0.00    0.00    0.00    0.00    0.00
OF238.0  -13.564    0.00 8.9179     0.00    0.00    0.00    0.00    0.00
OF239.0  -13.559    0.00 8.9179     0.00    0.00    0.00    0.00    0.00
OF240.0  -13.555    0.00 8.9179     0.00    0.00    0.00    0.00    0.00
OF241.0  -13.551    0.00 8.9179     0.00    0.00    0.00    0.00    0.00
OF242.0  -13.547    0.00 8.9179     0.00    0.00    0.00    0.00    0.00
OF243.0  -13.543    0.00 8.9179     0.00    0.00    0.00    0.00    0.00
OF244.0  -13.539    0.00 8.9179     0.00    0.00    0.00    0.00    0.00
OF245.0  -13.535    0.00 8.9179     0.00    0.00    0.00    0.00    0.00
OF246.0  -13.531    0.00 8.9179     0.00    0.00    0.00    0.00    0.00
OF247.0  -13.527    0.00 8.9179     0.00    0.00    0.00    0.00    0.00
OF248.0  -13.523    0.00 8.9179     0.00    0.00    0.00    0.00    0.00
OF249.0  -13.519    0.00 8.9179     0.00    0.00    0.00    0.00    0.00
OF250.0  -13.515    0.00 8.9179     0.00    0.00    0.00    0.00    0.00
OF251.0  -13.511    0.00 8.9179     0.00    0.00    0.00    0.00    0.00
OF252.0  -13.506    0.00 8.9179     0.00    0.00    0.00    0.00    0.00
OF253.0  -13.502    0.00 8.9179     0.00    0.00    0.00    0.00    0.00
OF254.0  -13.498    0.00 8.9179     0.00    0.00    0.00    0.00    0.00
OF255.0  -13.494    0.00 8.9179     0.00    0.00    0.00    0.00    0.00
OF256.0  -13.490    0.00 8.9179     0.00    0.00    0.00    0.00    0.00
OF257.0  -13.486    0.00 8.9179     0.00    0.00    0.00    0.00    0.00
OF258.0  -13.482    0.00 8.9179     0.00    0.00    0.00    0.00    0.00
OF259.0  -13.478    0.00 8.9179     0.00    0.00    0.00    0.00    0.00
OF260.0  -13.474    0.00 8.9179     0.00    0.00    0.00    0.00    0.00
OF261.0  -13.470    0.00 8.9179     0.00    0.00    0.00    0.00    0.00
OF262.0  -13.466    0.00 8.9179     0.00    0.00    0.00    0.00    0.00
OF263.0  -13.462    0.00 8.9179     0.00    0.00    0.00    0.00    0.00
OF264.0  -13.458    0.00 8.9179     0.00    0.00    0.00    0.00    0.00
OF265.0  -13.453    0.00 8.9179     0.00    0.00    0.00    0.00    0.00
OF266.0  -13.449    0.00 8.9179     0.00    0.00    0.00    0.00    0.00
OF267.0  -13.445    0.00 8.9179     0.00    0.00    0.00    0.00    0.00
OF268.0  -13.441    0.00 8.9179     0.00    0.00    0.00    0.00    0.00
OF269.0  -13.437    0.00 8.9179     0.00    0.00    0.00    0.00    0.00
OF270.0  -13.433    0.00 8.9179     0.00    0.00    0.00    0.00    0.00
OF271.0  -13.429    0.00 8.9179     0.00    0.00    0.00    0.00    0.00
OF272.0  -13.425    0.00 8.9179     0.00    0.00    0.00    0.00    0.00
OF273.0  -13.410    0.00 8.9179     0.00    0.00    0.00    0.00    0.00
OF274.0  -13.394    0.00 8.9179     0.00    0.00    0.00    0.00    0.00
OF275.0  -13.378    0.00 8.9179     0.00    0.00    0.00    0.00    0.00
OF276.0  -13.362    0.00 8.9179     0.00    0.00    0.00    0.00    0.00
OF277.0  -13.346    0.00 8.9179     0.00    0.00    0.00    0.00    0.00
OF278.0  -13.330    0.00 8.9179     0.00    0.00    0.00    0.00    0.00
OF279.0  -13.314    0.00 8.9179     0.00    0.00    0.00    0.00    0.00
OF280.0  -13.298    0.00 8.9179     0.00    0.00    0.00    0.00    0.00
OF281.0  -13.282    0.00 8.9179     0.00    0.00    0.00    0.00    0.00
OF282.0  -13.266    0.00 8.9179     0.00    0.00    0.00    0.00    0.00
OF283.0  -13.250    0.00 8.9179     0.00    0.00    0.00    0.00    0.00
OF284.0  -13.234    0.00 8.9179     0.00    0.00    0.00    0.00    0.00
OF285.0  -13.218    0.00 8.9179     0.00    0.00    0.00    0.00    0.00
OF286.0  -13.202    0.00 8.9179     0.00    0.00    0.00    0.00    0.00
OF287.0  -13.186    0.00 8.9179     0.00    0.00    0.00    0.00    0.00
OF288.0  -13.170    0.00 8.9179     0.00    0.00    0.00    0.00    0.00
OF289.0  -13.155    0.00 8.9179     0.00    0.00    0.00    0.00    0.00
OF290.0  -13.139    0.00 8.9179     0.00    0.00    0.00    0.00    0.00
OF291.0  -13.123    0.00 8.9179     0.00    0.00    0.00    0.00    0.00
OF292.0  -13.107    0.00 8.9179     0.00    0.00    0.00    0.00    0.00
OF293.0  -13.091    0.00 8.9179     0.00    0.00    0.00    0.00    0.00
OF294.0  -13.075    0.00 8.9179     0.00    0.00    0.00    0.00    0.00
OF295.0  -13.059    0.00 8.9179     0.00    0.00    0.00    0.00    0.00
OF296.0  -13.043    0.00 8.9179     0.00    0.00    0.00    0.00    0.00
OF297.0  -13.027    0.00 8.9179     0.00    0.00    0.00    0.00    0.00
OF298.0  -13.011    0.00 8.9179     0.00    0.00    0.00    0.00    0.00
OF299.0  -12.995    0.00 8.9179     0.00    0.00    0.00    0.00    0.00
OF300.0  -12.979    0.00 8.9179     0.00    0.00    0.00    0.00    0.00
OF301.0  -12.963    0.00 8.9179     0.00    0.00    0.00    0.00    0.00
OF302.0  -12.947    0.00 8.9179     0.00    0.00    0.00    0.00    0.00
OF303.0  -12.931    0.00 8.9179     0.00    0.00    0.00    0.00    0.00
OF304.0  -12.915    0.00 8.9179     0.00    0.00    0.00    0.00    0.00
OF305.0  -12.899    0.00 8.9179     0.00    0.00    0.00    0.00    0.00
OF306.0  -12.883    0.00 8.9179     0.00    0.00    0.00    0.00    0.00
OF307.0  -12.867    0.00 8.9179     0.00    0.00    0.00    0.00    0.00
OF308.0  -12.851    0.00 8.9179     0.00    0.00    0.00    0.00    0.00
OF309.0  -12.835    0.00 8.9179     0.00    0.00    0.00    0.00    0.00
OF310.0  -12.819    0.00 8.9179     0.00    0.00    0.00    0.00    0.00
OF311.0  -12.803    0.00 8.9179     0.00    0.00    0.00    0.00    0.00
OF312.0  -12.787    0.00 8.9179     0.00    0.00    0.00    0.00    0.00
OF313.0  -12.771    0.00 8.9179     0.00    0.00    0.00    0.00    0.00
OF314.0  -12.755    0.00 8.9179     0.00    0.00    0.00    0.00    0.00
OF315.0  -12.739    0.00 8.9179     0.00    0.00    0.00    0.00    0.00
OF316.0  -12.723    0.00 8.9179     0.00    0.00    0.00    0.00    0.00
OF317.0  -12.707    0.00 8.9179     0.00    0.00    0.00    0.00    0.00
OF318.0  -12.691    0.00 8.9179     0.00    0.00    0.00    0.00    0.00
OF319.0  -12.675    0.00 8.9179     0.00    0.00    0.00    0.00    0.00
OF320.0  -12.659    0.00 8.9179     0.00    0.00    0.00    0.00    0.00
OF321.0  -12.643    0.00 8.9179     0.00    0.00    0.00    0.00    0.00
OF322.0  -12.627    0.00 8.9179     0.00    0.00    0.00    0.00    0.00
OF323.0  -12.612    0.00 8.9179     0.00    0.00    0.00    0.00    0.00
OF324.0  -12.596    0.00 8.9179     0.00    0.00    0.00    0.00    0.00
OF325.0  -12.58     0.00 8.9179     0.00    0.00    0.00    0.00    0.00
OF326.0  -12.564    0.00 8.9179     0.00    0.00    0.00    0.00    0.00
OF327.0  -12.548    0.00 8.9179     0.00    0.00    0.00    0.00    0.00
OF328.0  -12.532    0.00 8.9179     0.00    0.00    0.00    0.00    0.00
OF329.0  -12.516    0.00 8.9179     0.00    0.00    0.00    0.00    0.00
OF330.0  -12.500    0.00 8.9179     0.00    0.00    0.00    0.00    0.00
OF331.0  -12.484    0.00 8.9179     0.00    0.00    0.00    0.00    0.00
OF332.0  -12.468    0.00 8.9179     0.00    0.00    0.00    0.00    0.00
OF333.0  -12.452    0.00 8.9179     0.00    0.00    0.00    0.00    0.00
OF334.0  -12.436    0.00 8.9179     0.00    0.00    0.00    0.00    0.00
OF335.0  -12.420    0.00 8.9179     0.00    0.00    0.00    0.00    0.00
OF336.0  -12.404    0.00 8.9179     0.00    0.00    0.00    0.00    0.00
OF337.0  -12.388    0.00 8.9179     0.00    0.00    0.00    0.00    0.00
OF338.0  -12.372    0.00 8.9179     0.00    0.00    0.00    0.00    0.00
OF339.0  -12.358    0.00 8.9179     0.00    0.00    0.00    0.00    0.00
OF340.0  -12.344    0.00 8.9179     0.00    0.00    0.00    0.00    0.00
OF341.0  -12.330    0.00 8.9179     0.00    0.00    0.00    0.00    0.00
OF342.0  -12.317    0.00 8.9179     0.00    0.00    0.00    0.00    0.00
OF343.0  -12.303    0.00 8.9179     0.00    0.00    0.00    0.00    0.00
OF344.0  -12.289    0.00 8.9179     0.00    0.00    0.00    0.00    0.00
OF345.0  -12.275    0.00 8.9179     0.00    0.00    0.00    0.00    0.00
OF346.0  -12.261    0.00 8.9179     0.00    0.00    0.00    0.00    0.00
OF347.0  -12.247    0.00 8.9179     0.00    0.00    0.00    0.00    0.00
OF348.0  -12.233    0.00 8.9179     0.00    0.00    0.00    0.00    0.00
OF349.0  -12.219    0.00 8.9179     0.00    0.00    0.00    0.00    0.00
OF350.0  -12.206    0.00 8.9179     0.00    0.00    0.00    0.00    0.00
OF351.0  -12.192    0.00 8.9179     0.00    0.00    0.00    0.00    0.00
OF352.0  -12.178    0.00 8.9179     0.00    0.00    0.00    0.00    0.00
OF353.0  -12.164    0.00 8.9179     0.00    0.00    0.00    0.00    0.00
OF354.0  -12.150    0.00 8.9179     0.00    0.00    0.00    0.00    0.00
OF355.0  -12.136    0.00 8.9179     0.00    0.00    0.00    0.00    0.00
OF356.0  -12.122    0.00 8.9179     0.00    0.00    0.00    0.00    0.00
OF357.0  -12.109    0.00 8.9179     0.00    0.00    0.00    0.00    0.00
OF358.0  -12.095    0.00 8.9179     0.00    0.00    0.00    0.00    0.00
OF359.0  -12.081    0.00 8.9179     0.00    0.00    0.00    0.00    0.00
OF360.0  -12.067    0.00 8.9179     0.00    0.00    0.00    0.00    0.00
OF361.0  -12.053    0.00 8.9179     0.00    0.00    0.00    0.00    0.00
OF362.0  -12.039    0.00 8.9179     0.00    0.00    0.00    0.00    0.00
OF363.0  -12.025    0.00 8.9179     0.00    0.00    0.00    0.00    0.00
OF364.0  -12.012    0.00 8.9179     0.00    0.00    0.00    0.00    0.00
OF365.0  -11.998    0.00 8.9179     0.00    0.00    0.00    0.00    0.00
OF366.0  -11.984    0.00 8.9179     0.00    0.00    0.00    0.00    0.00
OF367.0  -11.970    0.00 8.9179     0.00    0.00    0.00    0.00    0.00
OF368.0  -11.956    0.00 8.9179     0.00    0.00    0.00    0.00    0.00
OF369.0  -11.942    0.00 8.9179     0.00    0.00    0.00    0.00    0.00
OF370.0  -11.928    0.00 8.9179     0.00    0.00    0.00    0.00    0.00
OF371.0  -11.914    0.00 8.9179     0.00    0.00    0.00    0.00    0.00
OF372.0  -11.901    0.00 8.9179     0.00    0.00    0.00    0.00    0.00
OF373.0  -11.887    0.00 8.9179     0.00    0.00    0.00    0.00    0.00
OF374.0  -11.873    0.00 8.9179     0.00    0.00    0.00    0.00    0.00
OF375.0  -11.859    0.00 8.9179     0.00    0.00    0.00    0.00    0.00
OF376.0  -11.845    0.00 8.9179     0.00    0.00    0.00    0.00    0.00
OF377.0  -11.831    0.00 8.9179     0.00    0.00    0.00    0.00    0.00
OF378.0  -11.817    0.00 8.9179     0.00    0.00    0.00    0.00    0.00
OF379.0  -11.804    0.00 8.9179     0.00    0.00    0.00    0.00    0.00
OF380.0  -11.790    0.00 8.9179     0.00    0.00    0.00    0.00    0.00
OF381.0  -11.776    0.00 8.9179     0.00    0.00    0.00    0.00    0.00
OF382.0  -11.762    0.00 8.9179     0.00    0.00    0.00    0.00    0.00
OF383.0  -11.748    0.00 8.9179     0.00    0.00    0.00    0.00    0.00
OF384.0  -11.734    0.00 8.9179     0.00    0.00    0.00    0.00    0.00
OF385.0  -11.720    0.00 8.9179     0.00    0.00    0.00    0.00    0.00
OF386.0  -11.707    0.00 8.9179     0.00    0.00    0.00    0.00    0.00
OF387.0  -11.693    0.00 8.9179     0.00    0.00    0.00    0.00    0.00
OF388.0  -11.679    0.00 8.9179     0.00    0.00    0.00    0.00    0.00
OF389.0  -11.665    0.00 8.9179     0.00    0.00    0.00    0.00    0.00
OF390.0  -11.651    0.00 8.9179     0.00    0.00    0.00    0.00    0.00
OF391.0  -11.637    0.00 8.9179     0.00    0.00    0.00    0.00    0.00
OF392.0  -11.623    0.00 8.9179     0.00    0.00    0.00    0.00    0.00
OF393.0  -11.609    0.00 8.9179     0.00    0.00    0.00    0.00    0.00
OF394.0  -11.596    0.00 8.9179     0.00    0.00    0.00    0.00    0.00
OF395.0  -11.582    0.00 8.9179     0.00    0.00    0.00    0.00    0.00
OF396.0  -11.568    0.00 8.9179     0.00    0.00    0.00    0.00    0.00
OF397.0  -11.554    0.00 8.9179     0.00    0.00    0.00    0.00    0.00
OF398.0  -11.540    0.00 8.9179     0.00    0.00    0.00    0.00    0.00
OF399.0  -11.526    0.00 8.9179     0.00    0.00    0.00    0.00    0.00
OF400.0  -11.512    0.00 8.9179     0.00    0.00    0.00    0.00    0.00
OF401.0  -11.499    0.00 8.9179     0.00    0.00    0.00    0.00    0.00
OF402.0  -11.485    0.00 8.9179     0.00    0.00    0.00    0.00    0.00
OF403.0  -11.471    0.00 8.9179     0.00    0.00    0.00    0.00    0.00
OF404.0  -11.457    0.00 8.9179     0.00    0.00    0.00    0.00    0.00
OF405.0  -11.443    0.00 8.9179     0.00    0.00    0.00    0.00    0.00
OF406.0  -11.429    0.00 8.9179     0.00    0.00    0.00    0.00    0.00
OF407.0  -11.415    0.00 8.9179     0.00    0.00    0.00    0.00    0.00
OF408.0  -11.402    0.00 8.9179     0.00    0.00    0.00    0.00    0.00
OF409.0  -11.358    0.00 8.9179     0.00    0.00    0.00    0.00    0.00
OF410.0  -11.188    0.00 8.9179     0.00    0.00    0.00    0.00    0.00
OF411.0  -11.018    0.00 8.9179     0.00    0.00    0.00    0.00    0.00
OF412.0  -10.849    0.00 8.9179     0.00    0.00    0.00    0.00    0.00
OF413.0  -10.68     0.00 8.9179     0.00    0.00    0.00    0.00    0.00
OF414.0  -10.510    0.00 8.9179     0.00    0.00    0.00    0.00    0.00
OF415.0  -10.341    0.00 8.9179     0.00    0.00    0.00    0.00    0.00
OF416.0  -10.171    0.00 8.9179     0.00    0.00    0.00    0.00    0.00
OF417.0  -10.002    0.00 8.9179     0.00    0.00    0.00    0.00    0.00
OF418.0  -9.8326    0.00 8.9179     0.00    0.00    0.00    0.00    0.00
OF419.0  -9.6634    0.00 8.9179     0.00    0.00    0.00    0.00    0.00
OF420.0  -9.4941    0.00 8.9179     0.00    0.00    0.00    0.00    0.00
OF421.0  -9.3241    0.00 8.9179     0.00    0.00    0.00    0.00    0.00
OF422.0  -9.1548    0.00 8.9179     0.00    0.00    0.00    0.00    0.00
OF423.0  -8.9855    0.00 8.9179     0.00    0.00    0.00    0.00    0.00
OF424.0  -8.816     0.00 8.9179     0.00    0.00    0.00    0.00    0.00
OF425.0  -8.6467    0.00 8.9179     0.00    0.00    0.00    0.00    0.00
OF426.0  -8.4769    0.00 8.9179     0.00    0.00    0.00    0.00    0.00
OF427.0  -8.3075    0.00 8.9179     0.00    0.00    0.00    0.00    0.00
OF428.0  -8.1382    0.00 8.9179     0.00    0.00    0.00    0.00    0.00
OF429.0  -7.9689    0.00 8.9179     0.00    0.00    0.00    0.00    0.00
OF430.0  -7.7994    0.00 8.9179     0.00    0.00    0.00    0.00    0.00
OF431.0  -7.6296    0.00 8.9179     0.00    0.00    0.00    0.00    0.00
OF432.0  -7.4603    0.00 8.9179     0.00    0.00    0.00    0.00    0.00
OF433.0  -7.2908    0.00 8.9179     0.00    0.00    0.00    0.00    0.00
OF434.0  -7.1215    0.00 8.9179     0.00    0.00    0.00    0.00    0.00
OF435.0  -6.9521    0.00 8.9179     0.00    0.00    0.00    0.00    0.00
OF436.0  -6.7823    0.00 8.9179     0.00    0.00    0.00    0.00    0.00
OF437.0  -6.613     0.00 8.9179     0.00    0.00    0.00    0.00    0.00
OF438.0  -6.4435    0.00 8.9179     0.00    0.00    0.00    0.00    0.00
OF439.0  -6.2742    0.00 8.9179     0.00    0.00    0.00    0.00    0.00
OF440.0  -6.1049    0.00 8.9179     0.00    0.00    0.00    0.00    0.00
OF441.0  -5.9354    0.00 8.9179     0.00    0.00    0.00    0.00    0.00
OF442.0  -5.7657    0.00 8.9179     0.00    0.00    0.00    0.00    0.00
OF443.0  -5.5964    0.00 8.9179     0.00    0.00    0.00    0.00    0.00
OF444.0  -5.4269    0.00 8.9179     0.00    0.00    0.00    0.00    0.00
OF445.0  -5.2576    0.00 8.9179     0.00    0.00    0.00    0.00    0.00
OF446.0  -5.0883    0.00 8.9179     0.00    0.00    0.00    0.00    0.00
OF447.0  -4.9183    0.00 8.9179     0.00    0.00    0.00    0.00    0.00
OF448.0  -4.749     0.00 8.9179     0.00    0.00    0.00    0.00    0.00
OF449.0  -4.5797    0.00 8.9179     0.00    0.00    0.00    0.00    0.00
OF450.0  -4.4103    0.00 8.9179     0.00    0.00    0.00    0.00    0.00
OF451.0  -4.241     0.00 8.9179     0.00    0.00    0.00    0.00    0.00
OF452.0  -4.0712    0.00 8.9179     0.00    0.00    0.00    0.00    0.00
OF453.0  -3.9017    0.00 8.9179     0.00    0.00    0.00    0.00    0.00
OF454.0  -3.7324    0.00 8.9179     0.00    0.00    0.00    0.00    0.00
OF455.0  -3.5629    0.00 8.9179     0.00    0.00    0.00    0.00    0.00
OF456.0  -3.3936    0.00 8.9179     0.00    0.00    0.00    0.00    0.00
OF457.0  -3.2239    0.00 8.9179     0.00    0.00    0.00    0.00    0.00
OF458.0  -3.0544    0.00 8.9179     0.00    0.00    0.00    0.00    0.00
OF459.0  -2.8851    0.00 8.9179     0.00    0.00    0.00    0.00    0.00
OF460.0  -2.7158    0.00 8.9179     0.00    0.00    0.00    0.00    0.00
OF461.0  -2.5463    0.00 8.9179     0.00    0.00    0.00    0.00    0.00
OF462.0  -2.3765    0.00 8.9179     0.00    0.00    0.00    0.00    0.00
OF463.0  -2.2072    0.00 8.9179     0.00    0.00    0.00    0.00    0.00
OF464.0  -2.0377    0.00 8.9179     0.00    0.00    0.00    0.00    0.00
OF465.0  -1.8685    0.00 8.9179     0.00    0.00    0.00    0.00    0.00
OF466.0  -1.6992    0.00 8.9179     0.00    0.00    0.00    0.00    0.00
OF467.0  -1.5292    0.00 8.9179     0.00    0.00    0.00    0.00    0.00
OF468.0  -1.3599    0.00 8.9179     0.00    0.00    0.00    0.00    0.00
OF469.0  -1.1906    0.00 8.9179     0.00    0.00    0.00    0.00    0.00
OF470.0  -1.0211    0.00 8.9179     0.00    0.00    0.00    0.00    0.00
OF471.0  -0.8518    0.00 8.9179     0.00    0.00    0.00    0.00    0.00
OF472.0  -0.6818    0.00 8.9179     0.00    0.00    0.00    0.00    0.00
IF477.0  0.16479    0.00 8.9179     0.00    0.00    0.00    0.00    0.00
IF478.0  0.33476    0.00 8.9179     0.00    0.00    0.00    0.00    0.00
IF479.0  0.50405    0.00 8.9179     0.00    0.00    0.00    0.00    0.00
IF480.0  0.67513    0.00 8.9179     0.00    0.00    0.00    0.00    0.00
IF481.0  0.85245    0.00 8.9179     0.00    0.00    0.00    0.00    0.00
IF482.0  1.0295     0.00 8.9179     0.00    0.00    0.00    0.00    0.00
IF483.0  1.2071     0.00 8.9179     0.00    0.00    0.00    0.00    0.00
IF484.0  1.3844     0.00 8.9179     0.00    0.00    0.00    0.00    0.00
IF485.0  1.5615     0.00 8.9179     0.00    0.00    0.00    0.00    0.00
IF486.0  1.7386     0.00 8.9179     0.00    0.00    0.00    0.00    0.00
IF487.0  1.9159     0.00 8.9179     0.00    0.00    0.00    0.00    0.00
IF488.0  2.0935     0.00 8.9179     0.00    0.00    0.00    0.00    0.00
IF489.0  2.2706     0.00 8.9179     0.00    0.00    0.00    0.00    0.00
IF490.0  2.4479     0.00 8.9179     0.00    0.00    0.00    0.00    0.00
IF491.0  2.625      0.00 8.9179     0.00    0.00    0.00    0.00    0.00
IF492.0  2.8024     0.00 8.9179     0.00    0.00    0.00    0.00    0.00
IF493.0  2.9799     0.00 8.9179     0.00    0.00    0.00    0.00    0.00
IF515.1  7.7421     0.00 8.9345     0.00    0.00    0.00    0.00    0.00
IF518.4  8.4494     0.00 9.0002     0.00    0.00    0.00    0.00    0.00
IF520.9  9.0002     0.00 9.0002     0.00    0.00    0.00    0.00    0.00
PS START(427362.6083,4852577.8247)
PS END(427502.6297,4852716.6923)
ET
 
 
 
