header
IE0.0    -16.944       1       1 8.8473  5.4407  3.6759    56.14   56.14
OF1.0    -16.938    0.00 8.8473     0.00    0.00    0.00    0.00    0.00
OF2.0    -16.932    0.00 8.8473     0.00    0.00    0.00    0.00    0.00
OF3.0    -16.927    0.00 8.8473     0.00    0.00    0.00    0.00    0.00
OF4.0    -16.921    0.00 8.8473     0.00    0.00    0.00    0.00    0.00
OF5.0    -16.915    0.00 8.8473     0.00    0.00    0.00    0.00    0.00
OF6.0    -16.910    0.00 8.8473     0.00    0.00    0.00    0.00    0.00
OF7.0    -16.904    0.00 8.8473     0.00    0.00    0.00    0.00    0.00
OF8.0    -16.898    0.00 8.8473     0.00    0.00    0.00    0.00    0.00
OF9.0    -16.893    0.00 8.8473     0.00    0.00    0.00    0.00    0.00
OF10.0   -16.887    0.00 8.8473     0.00    0.00    0.00    0.00    0.00
OF11.0   -16.881    0.00 8.8473     0.00    0.00    0.00    0.00    0.00
OF12.0   -16.876    0.00 8.8473     0.00    0.00    0.00    0.00    0.00
OF13.0   -16.870    0.00 8.8473     0.00    0.00    0.00    0.00    0.00
OF14.0   -16.864    0.00 8.8473     0.00    0.00    0.00    0.00    0.00
OF15.0   -16.859    0.00 8.8473     0.00    0.00    0.00    0.00    0.00
OF16.0   -16.853    0.00 8.8473     0.00    0.00    0.00    0.00    0.00
OF17.0   -16.847    0.00 8.8473     0.00    0.00    0.00    0.00    0.00
OF18.0   -16.842    0.00 8.8473     0.00    0.00    0.00    0.00    0.00
OF19.0   -16.836    0.00 8.8473     0.00    0.00    0.00    0.00    0.00
OF20.0   -16.830    0.00 8.8473     0.00    0.00    0.00    0.00    0.00
OF21.0   -16.825    0.00 8.8473     0.00    0.00    0.00    0.00    0.00
OF22.0   -16.819    0.00 8.8473     0.00    0.00    0.00    0.00    0.00
OF23.0   -16.813    0.00 8.8473     0.00    0.00    0.00    0.00    0.00
OF24.0   -16.808    0.00 8.8473     0.00    0.00    0.00    0.00    0.00
OF25.0   -16.802    0.00 8.8473     0.00    0.00    0.00    0.00    0.00
OF26.0   -16.796    0.00 8.8473     0.00    0.00    0.00    0.00    0.00
OF27.0   -16.791    0.00 8.8473     0.00    0.00    0.00    0.00    0.00
OF28.0   -16.785    0.00 8.8473     0.00    0.00    0.00    0.00    0.00
OF29.0   -16.779    0.00 8.8473     0.00    0.00    0.00    0.00    0.00
OF30.0   -16.774    0.00 8.8473     0.00    0.00    0.00    0.00    0.00
OF31.0   -16.768    0.00 8.8473     0.00    0.00    0.00    0.00    0.00
OF32.0   -16.762    0.00 8.8473     0.00    0.00    0.00    0.00    0.00
OF33.0   -16.757    0.00 8.8473     0.00    0.00    0.00    0.00    0.00
OF34.0   -16.751    0.00 8.8473     0.00    0.00    0.00    0.00    0.00
OF35.0   -16.745    0.00 8.8473     0.00    0.00    0.00    0.00    0.00
OF36.0   -16.74     0.00 8.8473     0.00    0.00    0.00    0.00    0.00
OF37.0   -16.734    0.00 8.8473     0.00    0.00    0.00    0.00    0.00
OF38.0   -16.728    0.00 8.8473     0.00    0.00    0.00    0.00    0.00
OF39.0   -16.723    0.00 8.8473     0.00    0.00    0.00    0.00    0.00
OF40.0   -16.717    0.00 8.8473     0.00    0.00    0.00    0.00    0.00
OF41.0   -16.711    0.00 8.8473     0.00    0.00    0.00    0.00    0.00
OF42.0   -16.706    0.00 8.8473     0.00    0.00    0.00    0.00    0.00
OF43.0   -16.700    0.00 8.8473     0.00    0.00    0.00    0.00    0.00
OF44.0   -16.694    0.00 8.8473     0.00    0.00    0.00    0.00    0.00
OF45.0   -16.689    0.00 8.8473     0.00    0.00    0.00    0.00    0.00
OF46.0   -16.683    0.00 8.8473     0.00    0.00    0.00    0.00    0.00
OF47.0   -16.677    0.00 8.8473     0.00    0.00    0.00    0.00    0.00
OF48.0   -16.672    0.00 8.8473     0.00    0.00    0.00    0.00    0.00
OF49.0   -16.666    0.00 8.8473     0.00    0.00    0.00    0.00    0.00
OF50.0   -16.660    0.00 8.8473     0.00    0.00    0.00    0.00    0.00
OF51.0   -16.655    0.00 8.8473     0.00    0.00    0.00    0.00    0.00
OF52.0   -16.649    0.00 8.8473     0.00    0.00    0.00    0.00    0.00
OF53.0   -16.643    0.00 8.8473     0.00    0.00    0.00    0.00    0.00
OF54.0   -16.637    0.00 8.8473     0.00    0.00    0.00    0.00    0.00
OF55.0   -16.632    0.00 8.8473     0.00    0.00    0.00    0.00    0.00
OF56.0   -16.626    0.00 8.8473     0.00    0.00    0.00    0.00    0.00
OF57.0   -16.621    0.00 8.8473     0.00    0.00    0.00    0.00    0.00
OF58.0   -16.615    0.00 8.8473     0.00    0.00    0.00    0.00    0.00
OF59.0   -16.609    0.00 8.8473     0.00    0.00    0.00    0.00    0.00
OF60.0   -16.604    0.00 8.8473     0.00    0.00    0.00    0.00    0.00
OF61.0   -16.598    0.00 8.8473     0.00    0.00    0.00    0.00    0.00
OF62.0   -16.592    0.00 8.8473     0.00    0.00    0.00    0.00    0.00
OF63.0   -16.586    0.00 8.8473     0.00    0.00    0.00    0.00    0.00
OF64.0   -16.581    0.00 8.8473     0.00    0.00    0.00    0.00    0.00
OF65.0   -16.575    0.00 8.8473     0.00    0.00    0.00    0.00    0.00
OF66.0   -16.569    0.00 8.8473     0.00    0.00    0.00    0.00    0.00
OF67.0   -16.564    0.00 8.8473     0.00    0.00    0.00    0.00    0.00
OF68.0   -16.558    0.00 8.8473     0.00    0.00    0.00    0.00    0.00
OF69.0   -16.552    0.00 8.8473     0.00    0.00    0.00    0.00    0.00
OF70.0   -16.547    0.00 8.8473     0.00    0.00    0.00    0.00    0.00
OF71.0   -16.541    0.00 8.8473     0.00    0.00    0.00    0.00    0.00
OF72.0   -16.535    0.00 8.8473     0.00    0.00    0.00    0.00    0.00
OF73.0   -16.530    0.00 8.8473     0.00    0.00    0.00    0.00    0.00
OF74.0   -16.524    0.00 8.8473     0.00    0.00    0.00    0.00    0.00
OF75.0   -16.518    0.00 8.8473     0.00    0.00    0.00    0.00    0.00
OF76.0   -16.513    0.00 8.8473     0.00    0.00    0.00    0.00    0.00
OF77.0   -16.507    0.00 8.8473     0.00    0.00    0.00    0.00    0.00
OF78.0   -16.501    0.00 8.8473     0.00    0.00    0.00    0.00    0.00
OF79.0   -16.496    0.00 8.8473     0.00    0.00    0.00    0.00    0.00
OF80.0   -16.490    0.00 8.8473     0.00    0.00    0.00    0.00    0.00
OF81.0   -16.484    0.00 8.8473     0.00    0.00    0.00    0.00    0.00
OF82.0   -16.479    0.00 8.8473     0.00    0.00    0.00    0.00    0.00
OF83.0   -16.473    0.00 8.8473     0.00    0.00    0.00    0.00    0.00
OF84.0   -16.467    0.00 8.8473     0.00    0.00    0.00    0.00    0.00
OF85.0   -16.462    0.00 8.8473     0.00    0.00    0.00    0.00    0.00
OF86.0   -16.456    0.00 8.8473     0.00    0.00    0.00    0.00    0.00
OF87.0   -16.450    0.00 8.8473     0.00    0.00    0.00    0.00    0.00
OF88.0   -16.445    0.00 8.8473     0.00    0.00    0.00    0.00    0.00
OF89.0   -16.439    0.00 8.8473     0.00    0.00    0.00    0.00    0.00
OF90.0   -16.433    0.00 8.8473     0.00    0.00    0.00    0.00    0.00
OF91.0   -16.428    0.00 8.8473     0.00    0.00    0.00    0.00    0.00
OF92.0   -16.422    0.00 8.8473     0.00    0.00    0.00    0.00    0.00
OF93.0   -16.416    0.00 8.8473     0.00    0.00    0.00    0.00    0.00
OF94.0   -16.411    0.00 8.8473     0.00    0.00    0.00    0.00    0.00
OF95.0   -16.405    0.00 8.8473     0.00    0.00    0.00    0.00    0.00
OF96.0   -16.374    0.00 8.8473     0.00    0.00    0.00    0.00    0.00
OF97.0   -16.339    0.00 8.8473     0.00    0.00    0.00    0.00    0.00
OF98.0   -16.305    0.00 8.8473     0.00    0.00    0.00    0.00    0.00
OF99.0   -16.270    0.00 8.8473     0.00    0.00    0.00    0.00    0.00
OF100.0  -16.235    0.00 8.8473     0.00    0.00    0.00    0.00    0.00
OF101.0  -16.201    0.00 8.8473     0.00    0.00    0.00    0.00    0.00
OF102.0  -16.166    0.00 8.8473     0.00    0.00    0.00    0.00    0.00
OF103.0  -16.131    0.00 8.8473     0.00    0.00    0.00    0.00    0.00
OF104.0  -16.097    0.00 8.8473     0.00    0.00    0.00    0.00    0.00
OF105.0  -16.062    0.00 8.8473     0.00    0.00    0.00    0.00    0.00
OF106.0  -16.028    0.00 8.8473     0.00    0.00    0.00    0.00    0.00
OF107.0  -15.993    0.00 8.8473     0.00    0.00    0.00    0.00    0.00
OF108.0  -15.958    0.00 8.8473     0.00    0.00    0.00    0.00    0.00
OF109.0  -15.924    0.00 8.8473     0.00    0.00    0.00    0.00    0.00
OF110.0  -15.889    0.00 8.8473     0.00    0.00    0.00    0.00    0.00
OF111.0  -15.854    0.00 8.8473     0.00    0.00    0.00    0.00    0.00
OF112.0  -15.820    0.00 8.8473     0.00    0.00    0.00    0.00    0.00
OF113.0  -15.785    0.00 8.8473     0.00    0.00    0.00    0.00    0.00
OF114.0  -15.750    0.00 8.8473     0.00    0.00    0.00    0.00    0.00
OF115.0  -15.716    0.00 8.8473     0.00    0.00    0.00    0.00    0.00
OF116.0  -15.681    0.00 8.8473     0.00    0.00    0.00    0.00    0.00
OF117.0  -15.646    0.00 8.8473     0.00    0.00    0.00    0.00    0.00
OF118.0  -15.612    0.00 8.8473     0.00    0.00    0.00    0.00    0.00
OF119.0  -15.577    0.00 8.8473     0.00    0.00    0.00    0.00    0.00
OF120.0  -15.542    0.00 8.8473     0.00    0.00    0.00    0.00    0.00
OF121.0  -15.508    0.00 8.8473     0.00    0.00    0.00    0.00    0.00
OF122.0  -15.473    0.00 8.8473     0.00    0.00    0.00    0.00    0.00
OF123.0  -15.438    0.00 8.8473     0.00    0.00    0.00    0.00    0.00
OF124.0  -15.404    0.00 8.8473     0.00    0.00    0.00    0.00    0.00
OF125.0  -15.369    0.00 8.8473     0.00    0.00    0.00    0.00    0.00
OF126.0  -15.334    0.00 8.8473     0.00    0.00    0.00    0.00    0.00
OF127.0  -15.300    0.00 8.8473     0.00    0.00    0.00    0.00    0.00
OF128.0  -15.265    0.00 8.8473     0.00    0.00    0.00    0.00    0.00
OF129.0  -15.231    0.00 8.8473     0.00    0.00    0.00    0.00    0.00
OF130.0  -15.196    0.00 8.8473     0.00    0.00    0.00    0.00    0.00
OF131.0  -15.161    0.00 8.8473     0.00    0.00    0.00    0.00    0.00
OF132.0  -15.127    0.00 8.8473     0.00    0.00    0.00    0.00    0.00
OF133.0  -15.092    0.00 8.8473     0.00    0.00    0.00    0.00    0.00
OF134.0  -15.043    0.00 8.8473     0.00    0.00    0.00    0.00    0.00
OF135.0  -14.994    0.00 8.8474     0.00    0.00    0.00    0.00    0.00
OF136.0  -14.945    0.00 8.8474     0.00    0.00    0.00    0.00    0.00
OF137.0  -14.896    0.00 8.8474     0.00    0.00    0.00    0.00    0.00
OF138.0  -14.847    0.00 8.8474     0.00    0.00    0.00    0.00    0.00
OF139.0  -14.798    0.00 8.8474     0.00    0.00    0.00    0.00    0.00
OF140.0  -14.749    0.00 8.8474     0.00    0.00    0.00    0.00    0.00
OF141.0  -14.700    0.00 8.8474     0.00    0.00    0.00    0.00    0.00
OF142.0  -14.651    0.00 8.8474     0.00    0.00    0.00    0.00    0.00
OF143.0  -14.603    0.00 8.8475     0.00    0.00    0.00    0.00    0.00
OF144.0  -14.554    0.00 8.8475     0.00    0.00    0.00    0.00    0.00
OF145.0  -14.504    0.00 8.8475     0.00    0.00    0.00    0.00    0.00
OF146.0  -14.455    0.00 8.8475     0.00    0.00    0.00    0.00    0.00
OF147.0  -14.407    0.00 8.8475     0.00    0.00    0.00    0.00    0.00
OF148.0  -14.358    0.00 8.8475     0.00    0.00    0.00    0.00    0.00
OF149.0  -14.308    0.00 8.8475     0.00    0.00    0.00    0.00    0.00
OF150.0  -14.26     0.00 8.8476     0.00    0.00    0.00    0.00    0.00
OF151.0  -14.211    0.00 8.8476     0.00    0.00    0.00    0.00    0.00
OF152.0  -14.162    0.00 8.8476     0.00    0.00    0.00    0.00    0.00
OF153.0  -14.113    0.00 8.8476     0.00    0.00    0.00    0.00    0.00
OF154.0  -14.064    0.00 8.8476     0.00    0.00    0.00    0.00    0.00
OF155.0  -14.015    0.00 8.8476     0.00    0.00    0.00    0.00    0.00
OF156.0  -13.966    0.00 8.8476     0.00    0.00    0.00    0.00    0.00
OF157.0  -13.917    0.00 8.8477     0.00    0.00    0.00    0.00    0.00
OF158.0  -13.868    0.00 8.8477     0.00    0.00    0.00    0.00    0.00
OF159.0  -13.819    0.00 8.8477     0.00    0.00    0.00    0.00    0.00
OF160.0  -13.770    0.00 8.8477     0.00    0.00    0.00    0.00    0.00
OF161.0  -13.721    0.00 8.8477     0.00    0.00    0.00    0.00    0.00
OF162.0  -13.672    0.00 8.8477     0.00    0.00    0.00    0.00    0.00
OF163.0  -13.623    0.00 8.8477     0.00    0.00    0.00    0.00    0.00
OF164.0  -13.574    0.00 8.8477     0.00    0.00    0.00    0.00    0.00
OF165.0  -13.525    0.00 8.8478     0.00    0.00    0.00    0.00    0.00
OF166.0  -13.476    0.00 8.8478     0.00    0.00    0.00    0.00    0.00
OF167.0  -13.427    0.00 8.8478     0.00    0.00    0.00    0.00    0.00
OF168.0  -13.378    0.00 8.8478     0.00    0.00    0.00    0.00    0.00
OF169.0  -13.329    0.00 8.8478     0.00    0.00    0.00    0.00    0.00
OF170.0  -13.280    0.00 8.8478     0.00    0.00    0.00    0.00    0.00
OF171.0  -13.231    0.00 8.8478     0.00    0.00    0.00    0.00    0.00
OF172.0  -13.182    0.00 8.8479     0.00    0.00    0.00    0.00    0.00
OF173.0  -13.133    0.00 8.8479     0.00    0.00    0.00    0.00    0.00
OF174.0  -13.084    0.00 8.8479     0.00    0.00    0.00    0.00    0.00
OF175.0  -13.035    0.00 8.8479     0.00    0.00    0.00    0.00    0.00
OF176.0  -12.986    0.00 8.8479     0.00    0.00    0.00    0.00    0.00
OF177.0  -12.937    0.00 8.8479     0.00    0.00    0.00    0.00    0.00
OF178.0  -12.888    0.00 8.8479     0.00    0.00    0.00    0.00    0.00
OF179.0  -12.839    0.00 8.848      0.00    0.00    0.00    0.00    0.00
OF180.0  -12.790    0.00 8.848      0.00    0.00    0.00    0.00    0.00
OF181.0  -12.741    0.00 8.848      0.00    0.00    0.00    0.00    0.00
OF182.0  -12.692    0.00 8.848      0.00    0.00    0.00    0.00    0.00
OF183.0  -12.643    0.00 8.848      0.00    0.00    0.00    0.00    0.00
OF184.0  -12.594    0.00 8.848      0.00    0.00    0.00    0.00    0.00
OF185.0  -12.545    0.00 8.848      0.00    0.00    0.00    0.00    0.00
OF186.0  -12.496    0.00 8.8481     0.00    0.00    0.00    0.00    0.00
OF187.0  -12.447    0.00 8.8481     0.00    0.00    0.00    0.00    0.00
OF188.0  -12.398    0.00 8.8481     0.00    0.00    0.00    0.00    0.00
OF189.0  -12.349    0.00 8.8481     0.00    0.00    0.00    0.00    0.00
OF190.0  -12.300    0.00 8.8481     0.00    0.00    0.00    0.00    0.00
OF191.0  -12.251    0.00 8.8481     0.00    0.00    0.00    0.00    0.00
OF192.0  -12.202    0.00 8.8481     0.00    0.00    0.00    0.00    0.00
OF193.0  -12.153    0.00 8.8481     0.00    0.00    0.00    0.00    0.00
OF195.0  -12.055    0.00 8.8482     0.00    0.00    0.00    0.00    0.00
OF196.0  -12.006    0.00 8.8482     0.00    0.00    0.00    0.00    0.00
OF198.0  -11.908    0.00 8.8482     0.00    0.00    0.00    0.00    0.00
OF199.0  -11.859    0.00 8.8482     0.00    0.00    0.00    0.00    0.00
OF201.0  -11.761    0.00 8.8483     0.00    0.00    0.00    0.00    0.00
OF202.0  -11.712    0.00 8.8483     0.00    0.00    0.00    0.00    0.00
OF204.0  -11.614    0.00 8.8483     0.00    0.00    0.00    0.00    0.00
OF205.0  -11.565    0.00 8.8483     0.00    0.00    0.00    0.00    0.00
OF207.0  -11.467    0.00 8.8483     0.00    0.00    0.00    0.00    0.00
OF208.0  -11.418    0.00 8.8484     0.00    0.00    0.00    0.00    0.00
OF210.0  -11.320    0.00 8.8484     0.00    0.00    0.00    0.00    0.00
OF211.0  -11.271    0.00 8.8484     0.00    0.00    0.00    0.00    0.00
OF213.0  -11.173    0.00 8.8484     0.00    0.00    0.00    0.00    0.00
OF214.0  -11.124    0.00 8.8484     0.00    0.00    0.00    0.00    0.00
OF216.0  -11.027    0.00 8.8485     0.00    0.00    0.00    0.00    0.00
OF217.0  -10.977    0.00 8.8485     0.00    0.00    0.00    0.00    0.00
OF219.0  -10.879    0.00 8.8485     0.00    0.00    0.00    0.00    0.00
OF220.0  -10.831    0.00 8.8485     0.00    0.00    0.00    0.00    0.00
OF222.0  -10.733    0.00 8.8485     0.00    0.00    0.00    0.00    0.00
OF223.0  -10.684    0.00 8.8486     0.00    0.00    0.00    0.00    0.00
OF225.0  -10.586    0.00 8.8486     0.00    0.00    0.00    0.00    0.00
OF226.0  -10.537    0.00 8.8486     0.00    0.00    0.00    0.00    0.00
OF228.0  -10.438    0.00 8.8486     0.00    0.00    0.00    0.00    0.00
OF229.0  -10.39     0.00 8.8486     0.00    0.00    0.00    0.00    0.00
OF231.0  -10.292    0.00 8.8487     0.00    0.00    0.00    0.00    0.00
OF232.0  -10.245    0.00 8.8487     0.00    0.00    0.00    0.00    0.00
OF234.0  -10.163    0.00 8.8487     0.00    0.00    0.00    0.00    0.00
OF235.0  -10.122    0.00 8.8487     0.00    0.00    0.00    0.00    0.00
OF237.0  -10.040    0.00 8.8487     0.00    0.00    0.00    0.00    0.00
OF238.0  -9.9997    0.00 8.8487     0.00    0.00    0.00    0.00    0.00
OF240.0  -9.9177    0.00 8.8487     0.00    0.00    0.00    0.00    0.00
OF241.0  -9.8768    0.00 8.8487     0.00    0.00    0.00    0.00    0.00
OF243.0  -9.7951    0.00 8.8487     0.00    0.00    0.00    0.00    0.00
OF244.0  -9.754     0.00 8.8487     0.00    0.00    0.00    0.00    0.00
OF246.0  -9.6722    0.00 8.8487     0.00    0.00    0.00    0.00    0.00
OF247.0  -9.6311    0.00 8.8487     0.00    0.00    0.00    0.00    0.00
OF249.0  -9.5493    0.00 8.8487     0.00    0.00    0.00    0.00    0.00
OF250.0  -9.5084    0.00 8.8487     0.00    0.00    0.00    0.00    0.00
OF252.0  -9.4265    0.00 8.8486     0.00    0.00    0.00    0.00    0.00
OF253.0  -9.3856    0.00 8.8486     0.00    0.00    0.00    0.00    0.00
OF255.0  -9.3036    0.00 8.8486     0.00    0.00    0.00    0.00    0.00
OF256.0  -9.2627    0.00 8.8486     0.00    0.00    0.00    0.00    0.00
OF258.0  -9.1809    0.00 8.8486     0.00    0.00    0.00    0.00    0.00
OF259.0  -9.1398    0.00 8.8486     0.00    0.00    0.00    0.00    0.00
OF261.0  -9.0581    0.00 8.8486     0.00    0.00    0.00    0.00    0.00
OF262.0  -9.0171    0.00 8.8486     0.00    0.00    0.00    0.00    0.00
OF264.0  -8.9352    0.00 8.8486     0.00    0.00    0.00    0.00    0.00
OF265.0  -8.8943    0.00 8.8486     0.00    0.00    0.00    0.00    0.00
OF267.0  -8.8123    0.00 8.8486     0.00    0.00    0.00    0.00    0.00
OF268.0  -8.7714    0.00 8.8486     0.00    0.00    0.00    0.00    0.00
OF270.0  -8.6894    0.00 8.8486     0.00    0.00    0.00    0.00    0.00
OF271.0  -8.6492    0.00 8.8486     0.00    0.00    0.00    0.00    0.00
OF273.0  -8.5713    0.00 8.8487     0.00    0.00    0.00    0.00    0.00
OF274.0  -8.5322    0.00 8.8487     0.00    0.00    0.00    0.00    0.00
OF276.0  -8.4543    0.00 8.8487     0.00    0.00    0.00    0.00    0.00
OF277.0  -8.4154    0.00 8.8487     0.00    0.00    0.00    0.00    0.00
OF279.0  -8.3373    0.00 8.8487     0.00    0.00    0.00    0.00    0.00
OF280.0  -8.2984    0.00 8.8488     0.00    0.00    0.00    0.00    0.00
OF282.0  -8.2204    0.00 8.8488     0.00    0.00    0.00    0.00    0.00
OF283.0  -8.1815    0.00 8.8488     0.00    0.00    0.00    0.00    0.00
OF285.0  -8.1034    0.00 8.8488     0.00    0.00    0.00    0.00    0.00
OF286.0  -8.0645    0.00 8.8488     0.00    0.00    0.00    0.00    0.00
OF291.0  -7.8696    0.00 8.8489     0.00    0.00    0.00    0.00    0.00
OF292.0  -7.8307    0.00 8.8489     0.00    0.00    0.00    0.00    0.00
OF297.0  -7.6357    0.00 8.849      0.00    0.00    0.00    0.00    0.00
OF298.0  -7.5968    0.00 8.849      0.00    0.00    0.00    0.00    0.00
OF303.0  -7.402     0.00 8.8491     0.00    0.00    0.00    0.00    0.00
OF304.0  -7.3628    0.00 8.8491     0.00    0.00    0.00    0.00    0.00
OF309.0  -7.168     0.00 8.8492     0.00    0.00    0.00    0.00    0.00
OF310.0  -7.1291    0.00 8.8492     0.00    0.00    0.00    0.00    0.00
OF315.0  -6.9343    0.00 8.8492     0.00    0.00    0.00    0.00    0.00
OF316.0  -6.8951    0.00 8.8493     0.00    0.00    0.00    0.00    0.00
OF321.0  -6.7003    0.00 8.8493     0.00    0.00    0.00    0.00    0.00
OF322.0  -6.6614    0.00 8.8493     0.00    0.00    0.00    0.00    0.00
OF327.0  -6.4664    0.00 8.8494     0.00    0.00    0.00    0.00    0.00
OF328.0  -6.4274    0.00 8.8494     0.00    0.00    0.00    0.00    0.00
OF331.0  -6.3148    0.00 8.8495     0.00    0.00    0.00    0.00    0.00
OF332.0  -6.2904    0.00 8.8495     0.00    0.00    0.00    0.00    0.00
OF337.0  -6.1687    0.00 8.8495     0.00    0.00    0.00    0.00    0.00
OF338.0  -6.1443    0.00 8.8495     0.00    0.00    0.00    0.00    0.00
OF343.0  -6.0144    0.00 8.8495     0.00    0.00    0.00    0.00    0.00
OF344.0  -5.9803    0.00 8.8494     0.00    0.00    0.00    0.00    0.00
OF349.0  -5.8099    0.00 8.8493     0.00    0.00    0.00    0.00    0.00
OF350.0  -5.7758    0.00 8.8493     0.00    0.00    0.00    0.00    0.00
OF355.0  -5.6054    0.00 8.8492     0.00    0.00    0.00    0.00    0.00
OF356.0  -5.5713    0.00 8.8492     0.00    0.00    0.00    0.00    0.00
OF361.0  -5.4008    0.00 8.8491     0.00    0.00    0.00    0.00    0.00
OF362.0  -5.3667    0.00 8.8491     0.00    0.00    0.00    0.00    0.00
OF367.0  -5.1964    0.00 8.849      0.00    0.00    0.00    0.00    0.00
OF368.0  -5.1624    0.00 8.849      0.00    0.00    0.00    0.00    0.00
OF373.0  -4.9918    0.00 8.8489     0.00    0.00    0.00    0.00    0.00
OF374.0  -4.9577    0.00 8.8489     0.00    0.00    0.00    0.00    0.00
OF379.0  -4.7873    0.00 8.8488     0.00    0.00    0.00    0.00    0.00
OF380.0  -4.7532    0.00 8.8488     0.00    0.00    0.00    0.00    0.00
OF385.0  -4.5828    0.00 8.8487     0.00    0.00    0.00    0.00    0.00
OF386.0  -4.5487    0.00 8.8487     0.00    0.00    0.00    0.00    0.00
OF391.0  -4.3783    0.00 8.8486     0.00    0.00    0.00    0.00    0.00
OF392.0  -4.3442    0.00 8.8486     0.00    0.00    0.00    0.00    0.00
OF398.0  -4.1397    0.00 8.8485     0.00    0.00    0.00    0.00    0.00
OF403.0  -3.9692    0.00 8.8484     0.00    0.00    0.00    0.00    0.00
OF404.0  -3.9351    0.00 8.8484     0.00    0.00    0.00    0.00    0.00
OF416.0  -3.5261    0.00 8.8481     0.00    0.00    0.00    0.00    0.00
OF422.0  -3.3216    0.00 8.848      0.00    0.00    0.00    0.00    0.00
IF574.0  2.9618     0.00 8.8519     0.00    0.00    0.00    0.00    0.00
IF575.0  2.9986     0.00 8.852      0.00    0.00    0.00    0.00    0.00
IF610.2  3.4611     0.00 8.8481     0.00    0.00    0.00    0.00    0.00
IF613.5  3.7473     0.00 8.8475     0.00    0.00    0.00    0.00    0.00
IF616.8  4.0548     0.00 8.8475     0.00    0.00    0.00    0.00    0.00
IF620.1  4.3623     0.00 8.8483     0.00    0.00    0.00    0.00    0.00
IF623.4  4.6964     0.00 8.8501     0.00    0.00    0.00    0.00    0.00
IF626.6  5.0031     0.00 8.8537     0.00    0.00    0.00    0.00    0.00
IF629.9  5.1538     0.00 8.8613     0.00    0.00    0.00    0.00    0.00
IF633.2  5.6655     0.00 8.8655     0.00    0.00    0.00    0.00    0.00
IF636.5  6.3544     0.00 8.8745     0.00    0.00    0.00    0.00    0.00
IF639.8  6.8619     0.00 8.9083     0.00    0.00    0.00    0.00    0.00
IF643.0  7.0793     0.00 8.9441     0.00    0.00    0.00    0.00    0.00
IF646.3  6.9822     0.00 8.9756     0.00    0.00    0.00    0.00    0.00
IF649.6  6.8342     0.00 8.9916     0.00    0.00    0.00    0.00    0.00
IF652.9  6.6979     0.00 8.9996     0.00    0.00    0.00    0.00    0.00
IF656.2  6.5777     0.00 9.0034     0.00    0.00    0.00    0.00    0.00
IF659.4  6.4575     0.00 9.0058     0.00    0.00    0.00    0.00    0.00
IF662.7  6.3373     0.00 9.0074     0.00    0.00    0.00    0.00    0.00
IF666.0  6.2171     0.00 9.0083     0.00    0.00    0.00    0.00    0.00
IF669.3  6.0969     0.00 9.0091     0.00    0.00    0.00    0.00    0.00
IF672.6  5.9679     0.00 9.0098     0.00    0.00    0.00    0.00    0.00
IF675.9  5.8382     0.00 9.0103     0.00    0.00    0.00    0.00    0.00
IF679.1  5.7085     0.00 9.0108     0.00    0.00    0.00    0.00    0.00
IF682.4  5.5789     0.00 9.0111     0.00    0.00    0.00    0.00    0.00
IF685.7  5.4492     0.00 9.0115     0.00    0.00    0.00    0.00    0.00
IF689.0  5.3195     0.00 9.0118     0.00    0.00    0.00    0.00    0.00
IF692.3  5.2227     0.00 9.0119     0.00    0.00    0.00    0.00    0.00
IF695.5  5.179      0.00 9.012      0.00    0.00    0.00    0.00    0.00
IF698.8  5.1352     0.00 9.012      0.00    0.00    0.00    0.00    0.00
IF702.1  5.0914     0.00 9.012      0.00    0.00    0.00    0.00    0.00
IF705.4  5.0477     0.00 9.0121     0.00    0.00    0.00    0.00    0.00
IF708.7  5.0581     0.00 9.012      0.00    0.00    0.00    0.00    0.00
IF711.9  5.0811     0.00 9.0119     0.00    0.00    0.00    0.00    0.00
IF715.2  5.1042     0.00 9.0118     0.00    0.00    0.00    0.00    0.00
IF718.5  5.1273     0.00 9.0116     0.00    0.00    0.00    0.00    0.00
IF721.8  5.1044     0.00 9.0116     0.00    0.00    0.00    0.00    0.00
IF725.1  5.0429     0.00 9.0117     0.00    0.00    0.00    0.00    0.00
IF728.3  4.9813     0.00 9.0118     0.00    0.00    0.00    0.00    0.00
IF731.6  4.9198     0.00 9.0119     0.00    0.00    0.00    0.00    0.00
IF734.9  4.8583     0.00 9.012      0.00    0.00    0.00    0.00    0.00
IF738.2  4.7993     0.00 9.012      0.00    0.00    0.00    0.00    0.00
IF741.5  4.7496     0.00 9.012      0.00    0.00    0.00    0.00    0.00
IF744.7  4.6999     0.00 9.012      0.00    0.00    0.00    0.00    0.00
IF748.0  4.6503     0.00 9.0121     0.00    0.00    0.00    0.00    0.00
IF751.3  4.5842     0.00 9.0122     0.00    0.00    0.00    0.00    0.00
IF754.6  4.4683     0.00 9.0123     0.00    0.00    0.00    0.00    0.00
IF757.9  4.3991     0.00 9.0124     0.00    0.00    0.00    0.00    0.00
IF761.2  4.4588     0.00 9.0122     0.00    0.00    0.00    0.00    0.00
IF764.4  4.5185     0.00 9.012      0.00    0.00    0.00    0.00    0.00
IF767.7  4.5781     0.00 9.0118     0.00    0.00    0.00    0.00    0.00
IF771.0  4.6219     0.00 9.0117     0.00    0.00    0.00    0.00    0.00
IF774.3  4.6641     0.00 9.0116     0.00    0.00    0.00    0.00    0.00
IF777.6  4.7063     0.00 9.0114     0.00    0.00    0.00    0.00    0.00
IF780.8  4.7287     0.00 9.0113     0.00    0.00    0.00    0.00    0.00
IF784.1  4.5797     0.00 9.0115     0.00    0.00    0.00    0.00    0.00
IF787.4  4.4401     0.00 9.0117     0.00    0.00    0.00    0.00    0.00
IF790.7  4.3686     0.00 9.0118     0.00    0.00    0.00    0.00    0.00
IF794.0  4.2972     0.00 9.0119     0.00    0.00    0.00    0.00    0.00
IF797.2  4.2257     0.00 9.0119     0.00    0.00    0.00    0.00    0.00
IF800.5  4.1543     0.00 9.012      0.00    0.00    0.00    0.00    0.00
IF803.8  4.0828     0.00 9.012      0.00    0.00    0.00    0.00    0.00
IF807.1  4.0113     0.00 9.012      0.00    0.00    0.00    0.00    0.00
IF810.4  3.9399     0.00 9.0121     0.00    0.00    0.00    0.00    0.00
IF813.6  3.8684     0.00 9.0122     0.00    0.00    0.00    0.00    0.00
IF816.9  3.797      0.00 9.0122     0.00    0.00    0.00    0.00    0.00
IF820.2  3.7255     0.00 9.0122     0.00    0.00    0.00    0.00    0.00
IF823.5  3.6621     0.00 9.0123     0.00    0.00    0.00    0.00    0.00
IF826.8  3.6447     0.00 9.0123     0.00    0.00    0.00    0.00    0.00
IF830.1  3.6272     0.00 9.0122     0.00    0.00    0.00    0.00    0.00
IF833.3  3.6098     0.00 9.0122     0.00    0.00    0.00    0.00    0.00
IF836.6  3.5923     0.00 9.0122     0.00    0.00    0.00    0.00    0.00
IF839.9  3.5749     0.00 9.0122     0.00    0.00    0.00    0.00    0.00
IF843.2  3.5575     0.00 9.0121     0.00    0.00    0.00    0.00    0.00
IF846.5  3.54       0.00 9.0121     0.00    0.00    0.00    0.00    0.00
IF849.7  3.5226     0.00 9.0121     0.00    0.00    0.00    0.00    0.00
IF853.0  3.5052     0.00 9.0121     0.00    0.00    0.00    0.00    0.00
IF856.3  3.4877     0.00 9.012      0.00    0.00    0.00    0.00    0.00
IF859.6  3.4703     0.00 9.012      0.00    0.00    0.00    0.00    0.00
IF862.9  3.4528     0.00 9.012      0.00    0.00    0.00    0.00    0.00
IF866.1  3.4354     0.00 9.012      0.00    0.00    0.00    0.00    0.00
IF869.4  3.418      0.00 9.0119     0.00    0.00    0.00    0.00    0.00
IF872.7  3.4005     0.00 9.0119     0.00    0.00    0.00    0.00    0.00
IF876.0  3.5143     0.00 9.0118     0.00    0.00    0.00    0.00    0.00
IF879.3  3.6413     0.00 9.0116     0.00    0.00    0.00    0.00    0.00
IF882.5  3.7682     0.00 9.0114     0.00    0.00    0.00    0.00    0.00
IF885.8  3.8952     0.00 9.0112     0.00    0.00    0.00    0.00    0.00
IF889.1  3.8474     0.00 9.0112     0.00    0.00    0.00    0.00    0.00
IF892.4  3.6173     0.00 9.0115     0.00    0.00    0.00    0.00    0.00
IF895.7  3.4005     0.00 9.0117     0.00    0.00    0.00    0.00    0.00
IF898.9  3.4303     0.00 9.0116     0.00    0.00    0.00    0.00    0.00
IF902.2  3.4602     0.00 9.0116     0.00    0.00    0.00    0.00    0.00
IF905.5  3.4901     0.00 9.0115     0.00    0.00    0.00    0.00    0.00
IF908.8  3.52       0.00 9.0114     0.00    0.00    0.00    0.00    0.00
IF912.1  3.5498     0.00 9.0114     0.00    0.00    0.00    0.00    0.00
IF915.4  3.5797     0.00 9.0113     0.00    0.00    0.00    0.00    0.00
IF918.6  3.6096     0.00 9.0113     0.00    0.00    0.00    0.00    0.00
IF921.9  3.6394     0.00 9.0112     0.00    0.00    0.00    0.00    0.00
IF925.2  3.6693     0.00 9.0111     0.00    0.00    0.00    0.00    0.00
IF928.5  3.6992     0.00 9.011      0.00    0.00    0.00    0.00    0.00
IF931.8  3.729      0.00 9.011      0.00    0.00    0.00    0.00    0.00
IF935.0  3.7589     0.00 9.0109     0.00    0.00    0.00    0.00    0.00
IF938.3  4.1525     0.00 9.0103     0.00    0.00    0.00    0.00    0.00
IF941.6  4.6058     0.00 9.0095     0.00    0.00    0.00    0.00    0.00
IF944.9  5.0111     0.00 9.0086     0.00    0.00    0.00    0.00    0.00
IF948.2  5.0503     0.00 9.0085     0.00    0.00    0.00    0.00    0.00
IF951.4  5.0895     0.00 9.0084     0.00    0.00    0.00    0.00    0.00
IF954.7  5.1287     0.00 9.0082     0.00    0.00    0.00    0.00    0.00
IF958.0  5.1679     0.00 9.0081     0.00    0.00    0.00    0.00    0.00
IF961.3  5.2299     0.00 9.0079     0.00    0.00    0.00    0.00    0.00
IF964.6  5.2959     0.00 9.0077     0.00    0.00    0.00    0.00    0.00
IF967.8  5.3619     0.00 9.0075     0.00    0.00    0.00    0.00    0.00
IF971.1  5.428      0.00 9.0074     0.00    0.00    0.00    0.00    0.00
IF974.4  5.494      0.00 9.0072     0.00    0.00    0.00    0.00    0.00
IF977.7  5.56       0.00 9.0071     0.00    0.00    0.00    0.00    0.00
IF981.0  5.626      0.00 9.007      0.00    0.00    0.00    0.00    0.00
IF984.2  5.6634     0.00 9.007      0.00    0.00    0.00    0.00    0.00
IF987.5  5.7005     0.00 9.0071     0.00    0.00    0.00    0.00    0.00
IF990.8  5.7376     0.00 9.0072     0.00    0.00    0.00    0.00    0.00
IF994.1  5.7748     0.00 9.0072     0.00    0.00    0.00    0.00    0.00
IF997.4  5.7343     0.00 9.0076     0.00    0.00    0.00    0.00    0.00
IF1000.7 5.6357     0.00 9.0081     0.00    0.00    0.00    0.00    0.00
IF1003.9 5.537      0.00 9.0086     0.00    0.00    0.00    0.00    0.00
IF1007.2 5.4383     0.00 9.0089     0.00    0.00    0.00    0.00    0.00
IF1010.5 5.5689     0.00 9.0085     0.00    0.00    0.00    0.00    0.00
IF1013.8 5.7212     0.00 9.008      0.00    0.00    0.00    0.00    0.00
IF1017.1 5.8735     0.00 9.0077     0.00    0.00    0.00    0.00    0.00
IF1020.3 6.0258     0.00 9.0073     0.00    0.00    0.00    0.00    0.00
IF1023.6 5.9361     0.00 9.0081     0.00    0.00    0.00    0.00    0.00
IF1026.9 5.7854     0.00 9.0089     0.00    0.00    0.00    0.00    0.00
IF1030.2 5.6347     0.00 9.0097     0.00    0.00    0.00    0.00    0.00
IF1033.5 5.6609     0.00 9.0096     0.00    0.00    0.00    0.00    0.00
IF1036.7 5.746      0.00 9.0094     0.00    0.00    0.00    0.00    0.00
IF1040.0 5.831      0.00 9.0092     0.00    0.00    0.00    0.00    0.00
IF1043.3 5.8951     0.00 9.0091     0.00    0.00    0.00    0.00    0.00
IF1046.6 5.9502     0.00 9.009      0.00    0.00    0.00    0.00    0.00
IF1049.9 5.8771     0.00 9.0097     0.00    0.00    0.00    0.00    0.00
IF1053.1 5.6492     0.00 9.0105     0.00    0.00    0.00    0.00    0.00
IF1056.4 5.7983     0.00 9.0101     0.00    0.00    0.00    0.00    0.00
IF1059.7 5.9473     0.00 9.0096     0.00    0.00    0.00    0.00    0.00
IF1063.0 6.0964     0.00 9.0093     0.00    0.00    0.00    0.00    0.00
IF1066.3 6.247      0.00 9.0089     0.00    0.00    0.00    0.00    0.00
IF1069.6 6.4        0.00 9.009      0.00    0.00    0.00    0.00    0.00
IF1072.8 6.5531     0.00 9.0091     0.00    0.00    0.00    0.00    0.00
IF1076.1 6.7062     0.00 9.0096     0.00    0.00    0.00    0.00    0.00
IF1079.4 6.8593     0.00 9.0107     0.00    0.00    0.00    0.00    0.00
IF1082.7 7.0124     0.00 9.0121     0.00    0.00    0.00    0.00    0.00
IF1086.0 7.1655     0.00 9.0142     0.00    0.00    0.00    0.00    0.00
IF1089.2 7.2499     0.00 9.0174     0.00    0.00    0.00    0.00    0.00
IF1092.5 7.2732     0.00 9.0204     0.00    0.00    0.00    0.00    0.00
IF1095.8 7.2965     0.00 9.023      0.00    0.00    0.00    0.00    0.00
IF1099.1 7.3198     0.00 9.0254     0.00    0.00    0.00    0.00    0.00
IF1102.4 7.3432     0.00 9.0271     0.00    0.00    0.00    0.00    0.00
IF1105.6 7.364      0.00 9.0286     0.00    0.00    0.00    0.00    0.00
IF1108.9 7.3304     0.00 9.0302     0.00    0.00    0.00    0.00    0.00
IF1112.2 7.2968     0.00 9.0314     0.00    0.00    0.00    0.00    0.00
IF1115.5 7.2631     0.00 9.0324     0.00    0.00    0.00    0.00    0.00
IF1118.8 7.2295     0.00 9.0331     0.00    0.00    0.00    0.00    0.00
IF1122.0 7.1921     0.00 9.0336     0.00    0.00    0.00    0.00    0.00
IF1125.3 7.136      0.00 9.0343     0.00    0.00    0.00    0.00    0.00
IF1128.6 7.08       0.00 9.0347     0.00    0.00    0.00    0.00    0.00
IF1131.9 7.0239     0.00 9.0351     0.00    0.00    0.00    0.00    0.00
IF1135.2 6.9678     0.00 9.0353     0.00    0.00    0.00    0.00    0.00
IF1138.4 6.9117     0.00 9.0356     0.00    0.00    0.00    0.00    0.00
IF1141.7 6.8893     0.00 9.0357     0.00    0.00    0.00    0.00    0.00
IF1145.0 6.9229     0.00 9.0355     0.00    0.00    0.00    0.00    0.00
IF1148.3 6.9565     0.00 9.0354     0.00    0.00    0.00    0.00    0.00
IF1151.6 6.9902     0.00 9.0352     0.00    0.00    0.00    0.00    0.00
IF1154.9 7.0238     0.00 9.0351     0.00    0.00    0.00    0.00    0.00
IF1158.1 7.1664     0.00 9.0344     0.00    0.00    0.00    0.00    0.00
IF1161.4 7.4188     0.00 9.0334     0.00    0.00    0.00    0.00    0.00
IF1164.7 7.6712     0.00 9.0332     0.00    0.00    0.00    0.00    0.00
IF1168.0 7.9236     0.00 9.0354     0.00    0.00    0.00    0.00    0.00
IF1171.3 8.1279     0.00 9.0414     0.00    0.00    0.00    0.00    0.00
IF1174.5 7.7682     0.00 9.049      0.00    0.00    0.00    0.00    0.00
IF1177.8 7.4086     0.00 9.0516     0.00    0.00    0.00    0.00    0.00
IF1181.1 7.0489     0.00 9.0528     0.00    0.00    0.00    0.00    0.00
IF1184.4 6.9737     0.00 9.053      0.00    0.00    0.00    0.00    0.00
IF1187.7 7.2902     0.00 9.0522     0.00    0.00    0.00    0.00    0.00
IF1190.9 7.6067     0.00 9.051      0.00    0.00    0.00    0.00    0.00
IF1194.2 7.9231     0.00 9.0494     0.00    0.00    0.00    0.00    0.00
IF1197.5 8.2396     0.00 9.0501     0.00    0.00    0.00    0.00    0.00
IF1200.8 8.2615     0.00 9.0548     0.00    0.00    0.00    0.00    0.00
IF1204.1 8.231      0.00 9.0585     0.00    0.00    0.00    0.00    0.00
IF1207.3 8.2005     0.00 9.0606     0.00    0.00    0.00    0.00    0.00
IF1210.6 8.17       0.00 9.0618     0.00    0.00    0.00    0.00    0.00
IF1213.9 8.1395     0.00 9.0626     0.00    0.00    0.00    0.00    0.00
IF1217.2 8.0933     0.00 9.0631     0.00    0.00    0.00    0.00    0.00
IF1220.5 8.0193     0.00 9.0636     0.00    0.00    0.00    0.00    0.00
IF1223.8 7.9454     0.00 9.064      0.00    0.00    0.00    0.00    0.00
IF1227.0 7.8714     0.00 9.0644     0.00    0.00    0.00    0.00    0.00
IF1230.3 7.9149     0.00 9.0641     0.00    0.00    0.00    0.00    0.00
IF1233.6 7.9779     0.00 9.0639     0.00    0.00    0.00    0.00    0.00
IF1236.9 8.0409     0.00 9.0636     0.00    0.00    0.00    0.00    0.00
IF1240.2 8.1039     0.00 9.0634     0.00    0.00    0.00    0.00    0.00
IF1243.4 8.1933     0.00 9.0631     0.00    0.00    0.00    0.00    0.00
IF1246.7 8.292      0.00 9.0632     0.00    0.00    0.00    0.00    0.00
IF1250.0 8.3907     0.00 9.0642     0.00    0.00    0.00    0.00    0.00
IF1253.3 8.505      0.00 9.0667     0.00    0.00    0.00    0.00    0.00
IF1256.6 8.7888     0.00 9.0781     0.00    0.00    0.00    0.00    0.00
IF1259.9 9.0781     0.00 9.0781     0.00    0.00    0.00    0.00    0.00
AS1273.9 8.8553     0.00 8.8553     0.00    0.00    0.00    0.00    0.00
IF1278.0 8.6122     0.00 8.8553     0.00    0.00    0.00    0.00    0.00
IF1287.0 8.8553     0.00 8.8553     0.00    0.00    0.00    0.00    0.00
PS START(419517.6773,4845666.4069)
PS END(419374.3103,4845220.0835)
ET
 
 
 
