header
IE0.0    -18.610       1       1 9.023   5.6271  5.0206    56.14   56.14
OF1.0    -18.576    0.00 9.023      0.00    0.00    0.00    0.00    0.00
OF2.0    -18.542    0.00 9.023      0.00    0.00    0.00    0.00    0.00
OF3.0    -18.508    0.00 9.023      0.00    0.00    0.00    0.00    0.00
OF4.0    -18.474    0.00 9.023      0.00    0.00    0.00    0.00    0.00
OF5.0    -18.441    0.00 9.023      0.00    0.00    0.00    0.00    0.00
OF6.0    -18.407    0.00 9.023      0.00    0.00    0.00    0.00    0.00
OF7.0    -18.373    0.00 9.023      0.00    0.00    0.00    0.00    0.00
OF8.0    -18.339    0.00 9.023      0.00    0.00    0.00    0.00    0.00
OF9.0    -18.305    0.00 9.023      0.00    0.00    0.00    0.00    0.00
OF10.0   -18.271    0.00 9.023      0.00    0.00    0.00    0.00    0.00
OF11.0   -18.237    0.00 9.023      0.00    0.00    0.00    0.00    0.00
OF12.0   -18.203    0.00 9.023      0.00    0.00    0.00    0.00    0.00
OF13.0   -18.169    0.00 9.023      0.00    0.00    0.00    0.00    0.00
OF14.0   -18.135    0.00 9.023      0.00    0.00    0.00    0.00    0.00
OF15.0   -18.101    0.00 9.023      0.00    0.00    0.00    0.00    0.00
OF16.0   -18.068    0.00 9.023      0.00    0.00    0.00    0.00    0.00
OF17.0   -18.034    0.00 9.023      0.00    0.00    0.00    0.00    0.00
OF18.0   -18.000    0.00 9.023      0.00    0.00    0.00    0.00    0.00
OF19.0   -17.966    0.00 9.023      0.00    0.00    0.00    0.00    0.00
OF20.0   -17.932    0.00 9.023      0.00    0.00    0.00    0.00    0.00
OF21.0   -17.898    0.00 9.023      0.00    0.00    0.00    0.00    0.00
OF22.0   -17.864    0.00 9.023      0.00    0.00    0.00    0.00    0.00
OF23.0   -17.830    0.00 9.023      0.00    0.00    0.00    0.00    0.00
OF24.0   -17.796    0.00 9.023      0.00    0.00    0.00    0.00    0.00
OF25.0   -17.762    0.00 9.023      0.00    0.00    0.00    0.00    0.00
OF26.0   -17.728    0.00 9.023      0.00    0.00    0.00    0.00    0.00
OF27.0   -17.694    0.00 9.023      0.00    0.00    0.00    0.00    0.00
OF28.0   -17.661    0.00 9.023      0.00    0.00    0.00    0.00    0.00
OF29.0   -17.627    0.00 9.023      0.00    0.00    0.00    0.00    0.00
OF30.0   -17.593    0.00 9.023      0.00    0.00    0.00    0.00    0.00
OF31.0   -17.559    0.00 9.023      0.00    0.00    0.00    0.00    0.00
OF32.0   -17.525    0.00 9.023      0.00    0.00    0.00    0.00    0.00
OF33.0   -17.491    0.00 9.023      0.00    0.00    0.00    0.00    0.00
OF34.0   -17.457    0.00 9.023      0.00    0.00    0.00    0.00    0.00
OF35.0   -17.423    0.00 9.023      0.00    0.00    0.00    0.00    0.00
OF36.0   -17.389    0.00 9.023      0.00    0.00    0.00    0.00    0.00
OF37.0   -17.355    0.00 9.023      0.00    0.00    0.00    0.00    0.00
OF38.0   -17.321    0.00 9.023      0.00    0.00    0.00    0.00    0.00
OF39.0   -17.287    0.00 9.023      0.00    0.00    0.00    0.00    0.00
OF40.0   -17.254    0.00 9.023      0.00    0.00    0.00    0.00    0.00
OF41.0   -17.220    0.00 9.023      0.00    0.00    0.00    0.00    0.00
OF42.0   -17.186    0.00 9.023      0.00    0.00    0.00    0.00    0.00
OF43.0   -17.152    0.00 9.023      0.00    0.00    0.00    0.00    0.00
OF44.0   -17.118    0.00 9.023      0.00    0.00    0.00    0.00    0.00
OF45.0   -17.084    0.00 9.023      0.00    0.00    0.00    0.00    0.00
OF46.0   -17.050    0.00 9.023      0.00    0.00    0.00    0.00    0.00
OF47.0   -17.016    0.00 9.023      0.00    0.00    0.00    0.00    0.00
OF48.0   -16.982    0.00 9.023      0.00    0.00    0.00    0.00    0.00
OF49.0   -16.948    0.00 9.023      0.00    0.00    0.00    0.00    0.00
OF50.0   -16.914    0.00 9.023      0.00    0.00    0.00    0.00    0.00
OF51.0   -16.881    0.00 9.023      0.00    0.00    0.00    0.00    0.00
OF52.0   -16.847    0.00 9.023      0.00    0.00    0.00    0.00    0.00
OF53.0   -16.813    0.00 9.023      0.00    0.00    0.00    0.00    0.00
OF54.0   -16.779    0.00 9.023      0.00    0.00    0.00    0.00    0.00
OF55.0   -16.745    0.00 9.023      0.00    0.00    0.00    0.00    0.00
OF56.0   -16.711    0.00 9.023      0.00    0.00    0.00    0.00    0.00
OF57.0   -16.677    0.00 9.023      0.00    0.00    0.00    0.00    0.00
OF58.0   -16.643    0.00 9.023      0.00    0.00    0.00    0.00    0.00
OF59.0   -16.609    0.00 9.023      0.00    0.00    0.00    0.00    0.00
OF60.0   -16.575    0.00 9.023      0.00    0.00    0.00    0.00    0.00
OF61.0   -16.541    0.00 9.023      0.00    0.00    0.00    0.00    0.00
OF62.0   -16.507    0.00 9.023      0.00    0.00    0.00    0.00    0.00
OF63.0   -16.474    0.00 9.0231     0.00    0.00    0.00    0.00    0.00
OF64.0   -16.44     0.00 9.0231     0.00    0.00    0.00    0.00    0.00
OF65.0   -16.406    0.00 9.0231     0.00    0.00    0.00    0.00    0.00
OF66.0   -16.372    0.00 9.0231     0.00    0.00    0.00    0.00    0.00
OF67.0   -16.338    0.00 9.0231     0.00    0.00    0.00    0.00    0.00
OF68.0   -16.304    0.00 9.0231     0.00    0.00    0.00    0.00    0.00
OF69.0   -16.270    0.00 9.0231     0.00    0.00    0.00    0.00    0.00
OF70.0   -16.236    0.00 9.0231     0.00    0.00    0.00    0.00    0.00
OF71.0   -16.202    0.00 9.0231     0.00    0.00    0.00    0.00    0.00
OF72.0   -16.168    0.00 9.0231     0.00    0.00    0.00    0.00    0.00
OF73.0   -16.134    0.00 9.0231     0.00    0.00    0.00    0.00    0.00
OF74.0   -16.100    0.00 9.0231     0.00    0.00    0.00    0.00    0.00
OF75.0   -16.067    0.00 9.0231     0.00    0.00    0.00    0.00    0.00
OF76.0   -16.033    0.00 9.0231     0.00    0.00    0.00    0.00    0.00
OF77.0   -15.999    0.00 9.0231     0.00    0.00    0.00    0.00    0.00
OF78.0   -15.965    0.00 9.0231     0.00    0.00    0.00    0.00    0.00
OF79.0   -15.931    0.00 9.0231     0.00    0.00    0.00    0.00    0.00
OF80.0   -15.897    0.00 9.0231     0.00    0.00    0.00    0.00    0.00
OF81.0   -15.863    0.00 9.0231     0.00    0.00    0.00    0.00    0.00
OF82.0   -15.829    0.00 9.0231     0.00    0.00    0.00    0.00    0.00
OF83.0   -15.795    0.00 9.0231     0.00    0.00    0.00    0.00    0.00
OF84.0   -15.761    0.00 9.0231     0.00    0.00    0.00    0.00    0.00
OF85.0   -15.727    0.00 9.0231     0.00    0.00    0.00    0.00    0.00
OF86.0   -15.694    0.00 9.0231     0.00    0.00    0.00    0.00    0.00
OF87.0   -15.66     0.00 9.0231     0.00    0.00    0.00    0.00    0.00
OF88.0   -15.626    0.00 9.0231     0.00    0.00    0.00    0.00    0.00
OF89.0   -15.592    0.00 9.0231     0.00    0.00    0.00    0.00    0.00
OF90.0   -15.558    0.00 9.0231     0.00    0.00    0.00    0.00    0.00
OF91.0   -15.524    0.00 9.0231     0.00    0.00    0.00    0.00    0.00
OF92.0   -15.490    0.00 9.0231     0.00    0.00    0.00    0.00    0.00
OF93.0   -15.456    0.00 9.0231     0.00    0.00    0.00    0.00    0.00
OF94.0   -15.422    0.00 9.0231     0.00    0.00    0.00    0.00    0.00
OF95.0   -15.388    0.00 9.0231     0.00    0.00    0.00    0.00    0.00
OF96.0   -15.354    0.00 9.0231     0.00    0.00    0.00    0.00    0.00
OF97.0   -15.320    0.00 9.0231     0.00    0.00    0.00    0.00    0.00
OF98.0   -15.287    0.00 9.0231     0.00    0.00    0.00    0.00    0.00
OF99.0   -15.253    0.00 9.0231     0.00    0.00    0.00    0.00    0.00
OF100.0  -15.219    0.00 9.0231     0.00    0.00    0.00    0.00    0.00
OF101.0  -15.185    0.00 9.0231     0.00    0.00    0.00    0.00    0.00
OF102.0  -15.151    0.00 9.0231     0.00    0.00    0.00    0.00    0.00
OF103.0  -15.117    0.00 9.0231     0.00    0.00    0.00    0.00    0.00
OF104.0  -15.083    0.00 9.0231     0.00    0.00    0.00    0.00    0.00
OF105.0  -15.049    0.00 9.0231     0.00    0.00    0.00    0.00    0.00
OF106.0  -15.015    0.00 9.0231     0.00    0.00    0.00    0.00    0.00
OF107.0  -14.981    0.00 9.0231     0.00    0.00    0.00    0.00    0.00
OF108.0  -14.947    0.00 9.0231     0.00    0.00    0.00    0.00    0.00
OF109.0  -14.913    0.00 9.0231     0.00    0.00    0.00    0.00    0.00
OF110.0  -14.88     0.00 9.0231     0.00    0.00    0.00    0.00    0.00
OF111.0  -14.846    0.00 9.0231     0.00    0.00    0.00    0.00    0.00
OF112.0  -14.812    0.00 9.0231     0.00    0.00    0.00    0.00    0.00
OF113.0  -14.778    0.00 9.0231     0.00    0.00    0.00    0.00    0.00
OF114.0  -14.744    0.00 9.0231     0.00    0.00    0.00    0.00    0.00
OF115.0  -14.710    0.00 9.0231     0.00    0.00    0.00    0.00    0.00
OF116.0  -14.676    0.00 9.0231     0.00    0.00    0.00    0.00    0.00
OF117.0  -14.642    0.00 9.0231     0.00    0.00    0.00    0.00    0.00
OF118.0  -14.608    0.00 9.0231     0.00    0.00    0.00    0.00    0.00
OF119.0  -14.574    0.00 9.0231     0.00    0.00    0.00    0.00    0.00
OF120.0  -14.540    0.00 9.0231     0.00    0.00    0.00    0.00    0.00
OF121.0  -14.506    0.00 9.0231     0.00    0.00    0.00    0.00    0.00
OF122.0  -14.473    0.00 9.0231     0.00    0.00    0.00    0.00    0.00
OF123.0  -14.439    0.00 9.0231     0.00    0.00    0.00    0.00    0.00
OF124.0  -14.416    0.00 9.0231     0.00    0.00    0.00    0.00    0.00
OF125.0  -14.399    0.00 9.0231     0.00    0.00    0.00    0.00    0.00
OF126.0  -14.381    0.00 9.0231     0.00    0.00    0.00    0.00    0.00
OF127.0  -14.364    0.00 9.0231     0.00    0.00    0.00    0.00    0.00
OF128.0  -14.347    0.00 9.0231     0.00    0.00    0.00    0.00    0.00
OF129.0  -14.329    0.00 9.0232     0.00    0.00    0.00    0.00    0.00
OF130.0  -14.312    0.00 9.0232     0.00    0.00    0.00    0.00    0.00
OF131.0  -14.295    0.00 9.0232     0.00    0.00    0.00    0.00    0.00
OF132.0  -14.277    0.00 9.0232     0.00    0.00    0.00    0.00    0.00
OF133.0  -14.260    0.00 9.0232     0.00    0.00    0.00    0.00    0.00
OF134.0  -14.243    0.00 9.0232     0.00    0.00    0.00    0.00    0.00
OF135.0  -14.225    0.00 9.0232     0.00    0.00    0.00    0.00    0.00
OF136.0  -14.208    0.00 9.0232     0.00    0.00    0.00    0.00    0.00
OF137.0  -14.191    0.00 9.0232     0.00    0.00    0.00    0.00    0.00
OF138.0  -14.173    0.00 9.0232     0.00    0.00    0.00    0.00    0.00
OF139.0  -14.156    0.00 9.0232     0.00    0.00    0.00    0.00    0.00
OF140.0  -14.139    0.00 9.0232     0.00    0.00    0.00    0.00    0.00
OF141.0  -14.121    0.00 9.0232     0.00    0.00    0.00    0.00    0.00
OF142.0  -14.104    0.00 9.0232     0.00    0.00    0.00    0.00    0.00
OF143.0  -14.086    0.00 9.0232     0.00    0.00    0.00    0.00    0.00
OF144.0  -14.069    0.00 9.0232     0.00    0.00    0.00    0.00    0.00
OF145.0  -14.052    0.00 9.0232     0.00    0.00    0.00    0.00    0.00
OF146.0  -14.035    0.00 9.0232     0.00    0.00    0.00    0.00    0.00
OF147.0  -14.017    0.00 9.0232     0.00    0.00    0.00    0.00    0.00
OF148.0  -14.000    0.00 9.0232     0.00    0.00    0.00    0.00    0.00
OF149.0  -13.982    0.00 9.0232     0.00    0.00    0.00    0.00    0.00
OF150.0  -13.965    0.00 9.0232     0.00    0.00    0.00    0.00    0.00
OF151.0  -13.948    0.00 9.0232     0.00    0.00    0.00    0.00    0.00
OF152.0  -13.930    0.00 9.0232     0.00    0.00    0.00    0.00    0.00
OF153.0  -13.913    0.00 9.0232     0.00    0.00    0.00    0.00    0.00
OF154.0  -13.896    0.00 9.0232     0.00    0.00    0.00    0.00    0.00
OF155.0  -13.878    0.00 9.0232     0.00    0.00    0.00    0.00    0.00
OF156.0  -13.861    0.00 9.0232     0.00    0.00    0.00    0.00    0.00
OF157.0  -13.844    0.00 9.0232     0.00    0.00    0.00    0.00    0.00
OF158.0  -13.826    0.00 9.0232     0.00    0.00    0.00    0.00    0.00
OF159.0  -13.809    0.00 9.0232     0.00    0.00    0.00    0.00    0.00
OF160.0  -13.792    0.00 9.0232     0.00    0.00    0.00    0.00    0.00
OF161.0  -13.774    0.00 9.0232     0.00    0.00    0.00    0.00    0.00
OF162.0  -13.757    0.00 9.0232     0.00    0.00    0.00    0.00    0.00
OF163.0  -13.740    0.00 9.0232     0.00    0.00    0.00    0.00    0.00
OF164.0  -13.722    0.00 9.0232     0.00    0.00    0.00    0.00    0.00
OF165.0  -13.705    0.00 9.0232     0.00    0.00    0.00    0.00    0.00
OF166.0  -13.688    0.00 9.0232     0.00    0.00    0.00    0.00    0.00
OF167.0  -13.670    0.00 9.0232     0.00    0.00    0.00    0.00    0.00
OF168.0  -13.653    0.00 9.0232     0.00    0.00    0.00    0.00    0.00
OF169.0  -13.636    0.00 9.0232     0.00    0.00    0.00    0.00    0.00
OF170.0  -13.618    0.00 9.0232     0.00    0.00    0.00    0.00    0.00
OF171.0  -13.601    0.00 9.0232     0.00    0.00    0.00    0.00    0.00
OF172.0  -13.584    0.00 9.0232     0.00    0.00    0.00    0.00    0.00
OF173.0  -13.566    0.00 9.0232     0.00    0.00    0.00    0.00    0.00
OF174.0  -13.549    0.00 9.0232     0.00    0.00    0.00    0.00    0.00
OF175.0  -13.531    0.00 9.0232     0.00    0.00    0.00    0.00    0.00
OF176.0  -13.514    0.00 9.0232     0.00    0.00    0.00    0.00    0.00
OF177.0  -13.497    0.00 9.0232     0.00    0.00    0.00    0.00    0.00
OF178.0  -13.479    0.00 9.0232     0.00    0.00    0.00    0.00    0.00
OF179.0  -13.462    0.00 9.0232     0.00    0.00    0.00    0.00    0.00
OF180.0  -13.445    0.00 9.0232     0.00    0.00    0.00    0.00    0.00
OF181.0  -13.427    0.00 9.0232     0.00    0.00    0.00    0.00    0.00
OF182.0  -13.410    0.00 9.0232     0.00    0.00    0.00    0.00    0.00
OF183.0  -13.393    0.00 9.0232     0.00    0.00    0.00    0.00    0.00
OF184.0  -13.375    0.00 9.0232     0.00    0.00    0.00    0.00    0.00
OF185.0  -13.358    0.00 9.0232     0.00    0.00    0.00    0.00    0.00
OF186.0  -13.341    0.00 9.0232     0.00    0.00    0.00    0.00    0.00
OF187.0  -13.323    0.00 9.0232     0.00    0.00    0.00    0.00    0.00
OF188.0  -13.306    0.00 9.0232     0.00    0.00    0.00    0.00    0.00
OF189.0  -13.289    0.00 9.0232     0.00    0.00    0.00    0.00    0.00
OF190.0  -13.271    0.00 9.0232     0.00    0.00    0.00    0.00    0.00
OF191.0  -13.254    0.00 9.0232     0.00    0.00    0.00    0.00    0.00
OF192.0  -13.237    0.00 9.0233     0.00    0.00    0.00    0.00    0.00
OF193.0  -13.219    0.00 9.0233     0.00    0.00    0.00    0.00    0.00
OF194.0  -13.202    0.00 9.0233     0.00    0.00    0.00    0.00    0.00
OF195.0  -13.185    0.00 9.0233     0.00    0.00    0.00    0.00    0.00
OF196.0  -13.167    0.00 9.0233     0.00    0.00    0.00    0.00    0.00
OF197.0  -13.150    0.00 9.0233     0.00    0.00    0.00    0.00    0.00
OF198.0  -13.132    0.00 9.0233     0.00    0.00    0.00    0.00    0.00
OF199.0  -13.115    0.00 9.0233     0.00    0.00    0.00    0.00    0.00
OF200.0  -13.098    0.00 9.0233     0.00    0.00    0.00    0.00    0.00
OF201.0  -13.080    0.00 9.0233     0.00    0.00    0.00    0.00    0.00
OF202.0  -13.063    0.00 9.0233     0.00    0.00    0.00    0.00    0.00
OF203.0  -13.046    0.00 9.0233     0.00    0.00    0.00    0.00    0.00
OF204.0  -13.028    0.00 9.0233     0.00    0.00    0.00    0.00    0.00
OF205.0  -13.011    0.00 9.0233     0.00    0.00    0.00    0.00    0.00
OF206.0  -12.994    0.00 9.0233     0.00    0.00    0.00    0.00    0.00
OF207.0  -12.976    0.00 9.0233     0.00    0.00    0.00    0.00    0.00
OF208.0  -12.959    0.00 9.0233     0.00    0.00    0.00    0.00    0.00
OF209.0  -12.942    0.00 9.0233     0.00    0.00    0.00    0.00    0.00
OF210.0  -12.924    0.00 9.0233     0.00    0.00    0.00    0.00    0.00
OF211.0  -12.907    0.00 9.0233     0.00    0.00    0.00    0.00    0.00
OF212.0  -12.890    0.00 9.0233     0.00    0.00    0.00    0.00    0.00
OF213.0  -12.872    0.00 9.0233     0.00    0.00    0.00    0.00    0.00
OF214.0  -12.855    0.00 9.0233     0.00    0.00    0.00    0.00    0.00
OF215.0  -12.838    0.00 9.0233     0.00    0.00    0.00    0.00    0.00
OF216.0  -12.820    0.00 9.0233     0.00    0.00    0.00    0.00    0.00
OF217.0  -12.803    0.00 9.0233     0.00    0.00    0.00    0.00    0.00
OF218.0  -12.786    0.00 9.0233     0.00    0.00    0.00    0.00    0.00
OF219.0  -12.768    0.00 9.0233     0.00    0.00    0.00    0.00    0.00
OF220.0  -12.751    0.00 9.0233     0.00    0.00    0.00    0.00    0.00
OF221.0  -12.735    0.00 9.0233     0.00    0.00    0.00    0.00    0.00
OF222.0  -12.720    0.00 9.0233     0.00    0.00    0.00    0.00    0.00
OF223.0  -12.706    0.00 9.0233     0.00    0.00    0.00    0.00    0.00
OF224.0  -12.691    0.00 9.0233     0.00    0.00    0.00    0.00    0.00
OF225.0  -12.676    0.00 9.0233     0.00    0.00    0.00    0.00    0.00
OF226.0  -12.661    0.00 9.0233     0.00    0.00    0.00    0.00    0.00
OF227.0  -12.647    0.00 9.0233     0.00    0.00    0.00    0.00    0.00
OF228.0  -12.632    0.00 9.0233     0.00    0.00    0.00    0.00    0.00
OF229.0  -12.617    0.00 9.0233     0.00    0.00    0.00    0.00    0.00
OF230.0  -12.602    0.00 9.0233     0.00    0.00    0.00    0.00    0.00
OF231.0  -12.588    0.00 9.0233     0.00    0.00    0.00    0.00    0.00
OF232.0  -12.573    0.00 9.0233     0.00    0.00    0.00    0.00    0.00
OF233.0  -12.558    0.00 9.0233     0.00    0.00    0.00    0.00    0.00
OF234.0  -12.543    0.00 9.0233     0.00    0.00    0.00    0.00    0.00
OF235.0  -12.529    0.00 9.0233     0.00    0.00    0.00    0.00    0.00
OF236.0  -12.514    0.00 9.0233     0.00    0.00    0.00    0.00    0.00
OF237.0  -12.499    0.00 9.0233     0.00    0.00    0.00    0.00    0.00
OF238.0  -12.484    0.00 9.0233     0.00    0.00    0.00    0.00    0.00
OF239.0  -12.470    0.00 9.0233     0.00    0.00    0.00    0.00    0.00
OF240.0  -12.455    0.00 9.0233     0.00    0.00    0.00    0.00    0.00
OF241.0  -12.440    0.00 9.0233     0.00    0.00    0.00    0.00    0.00
OF242.0  -12.425    0.00 9.0233     0.00    0.00    0.00    0.00    0.00
OF243.0  -12.411    0.00 9.0233     0.00    0.00    0.00    0.00    0.00
OF244.0  -12.396    0.00 9.0233     0.00    0.00    0.00    0.00    0.00
OF245.0  -12.380    0.00 9.0233     0.00    0.00    0.00    0.00    0.00
OF246.0  -12.365    0.00 9.0233     0.00    0.00    0.00    0.00    0.00
OF247.0  -12.350    0.00 9.0233     0.00    0.00    0.00    0.00    0.00
OF248.0  -12.335    0.00 9.0233     0.00    0.00    0.00    0.00    0.00
OF249.0  -12.319    0.00 9.0233     0.00    0.00    0.00    0.00    0.00
OF250.0  -12.304    0.00 9.0233     0.00    0.00    0.00    0.00    0.00
OF251.0  -12.289    0.00 9.0233     0.00    0.00    0.00    0.00    0.00
OF252.0  -12.274    0.00 9.0233     0.00    0.00    0.00    0.00    0.00
OF253.0  -12.258    0.00 9.0233     0.00    0.00    0.00    0.00    0.00
OF254.0  -12.243    0.00 9.0233     0.00    0.00    0.00    0.00    0.00
OF255.0  -12.228    0.00 9.0233     0.00    0.00    0.00    0.00    0.00
OF256.0  -12.213    0.00 9.0233     0.00    0.00    0.00    0.00    0.00
OF257.0  -12.197    0.00 9.0233     0.00    0.00    0.00    0.00    0.00
OF258.0  -12.182    0.00 9.0233     0.00    0.00    0.00    0.00    0.00
OF259.0  -12.167    0.00 9.0233     0.00    0.00    0.00    0.00    0.00
OF260.0  -12.152    0.00 9.0233     0.00    0.00    0.00    0.00    0.00
OF261.0  -12.136    0.00 9.0233     0.00    0.00    0.00    0.00    0.00
OF262.0  -12.121    0.00 9.0233     0.00    0.00    0.00    0.00    0.00
OF263.0  -12.106    0.00 9.0233     0.00    0.00    0.00    0.00    0.00
OF264.0  -12.091    0.00 9.0233     0.00    0.00    0.00    0.00    0.00
OF265.0  -12.075    0.00 9.0233     0.00    0.00    0.00    0.00    0.00
OF266.0  -12.060    0.00 9.0233     0.00    0.00    0.00    0.00    0.00
OF267.0  -12.045    0.00 9.0233     0.00    0.00    0.00    0.00    0.00
OF268.0  -12.030    0.00 9.0233     0.00    0.00    0.00    0.00    0.00
OF269.0  -12.015    0.00 9.0233     0.00    0.00    0.00    0.00    0.00
OF270.0  -11.999    0.00 9.0233     0.00    0.00    0.00    0.00    0.00
OF271.0  -11.984    0.00 9.0233     0.00    0.00    0.00    0.00    0.00
OF272.0  -11.969    0.00 9.0233     0.00    0.00    0.00    0.00    0.00
OF273.0  -11.955    0.00 9.0233     0.00    0.00    0.00    0.00    0.00
OF274.0  -11.942    0.00 9.0233     0.00    0.00    0.00    0.00    0.00
OF275.0  -11.929    0.00 9.0233     0.00    0.00    0.00    0.00    0.00
OF276.0  -11.916    0.00 9.0233     0.00    0.00    0.00    0.00    0.00
OF277.0  -11.903    0.00 9.0233     0.00    0.00    0.00    0.00    0.00
OF278.0  -11.891    0.00 9.0233     0.00    0.00    0.00    0.00    0.00
OF279.0  -11.878    0.00 9.0233     0.00    0.00    0.00    0.00    0.00
OF280.0  -11.865    0.00 9.0233     0.00    0.00    0.00    0.00    0.00
OF281.0  -11.852    0.00 9.0233     0.00    0.00    0.00    0.00    0.00
OF282.0  -11.839    0.00 9.0233     0.00    0.00    0.00    0.00    0.00
OF283.0  -11.827    0.00 9.0233     0.00    0.00    0.00    0.00    0.00
OF284.0  -11.814    0.00 9.0233     0.00    0.00    0.00    0.00    0.00
OF285.0  -11.801    0.00 9.0233     0.00    0.00    0.00    0.00    0.00
OF286.0  -11.788    0.00 9.0233     0.00    0.00    0.00    0.00    0.00
OF287.0  -11.775    0.00 9.0233     0.00    0.00    0.00    0.00    0.00
OF288.0  -11.762    0.00 9.0233     0.00    0.00    0.00    0.00    0.00
OF289.0  -11.75     0.00 9.0233     0.00    0.00    0.00    0.00    0.00
OF290.0  -11.737    0.00 9.0233     0.00    0.00    0.00    0.00    0.00
OF291.0  -11.724    0.00 9.0233     0.00    0.00    0.00    0.00    0.00
OF292.0  -11.711    0.00 9.0233     0.00    0.00    0.00    0.00    0.00
OF293.0  -11.698    0.00 9.0233     0.00    0.00    0.00    0.00    0.00
OF294.0  -11.685    0.00 9.0234     0.00    0.00    0.00    0.00    0.00
OF295.0  -11.673    0.00 9.0234     0.00    0.00    0.00    0.00    0.00
OF296.0  -11.660    0.00 9.0234     0.00    0.00    0.00    0.00    0.00
OF297.0  -11.647    0.00 9.0234     0.00    0.00    0.00    0.00    0.00
OF298.0  -11.634    0.00 9.0234     0.00    0.00    0.00    0.00    0.00
OF299.0  -11.621    0.00 9.0234     0.00    0.00    0.00    0.00    0.00
OF300.0  -11.608    0.00 9.0234     0.00    0.00    0.00    0.00    0.00
OF301.0  -11.596    0.00 9.0234     0.00    0.00    0.00    0.00    0.00
OF302.0  -11.583    0.00 9.0234     0.00    0.00    0.00    0.00    0.00
OF303.0  -11.570    0.00 9.0234     0.00    0.00    0.00    0.00    0.00
OF304.0  -11.557    0.00 9.0234     0.00    0.00    0.00    0.00    0.00
OF305.0  -11.544    0.00 9.0234     0.00    0.00    0.00    0.00    0.00
OF306.0  -11.531    0.00 9.0234     0.00    0.00    0.00    0.00    0.00
OF307.0  -11.519    0.00 9.0234     0.00    0.00    0.00    0.00    0.00
OF308.0  -11.506    0.00 9.0234     0.00    0.00    0.00    0.00    0.00
OF309.0  -11.493    0.00 9.0234     0.00    0.00    0.00    0.00    0.00
OF310.0  -11.480    0.00 9.0234     0.00    0.00    0.00    0.00    0.00
OF311.0  -11.467    0.00 9.0234     0.00    0.00    0.00    0.00    0.00
OF312.0  -11.454    0.00 9.0234     0.00    0.00    0.00    0.00    0.00
OF313.0  -11.442    0.00 9.0234     0.00    0.00    0.00    0.00    0.00
OF314.0  -11.429    0.00 9.0234     0.00    0.00    0.00    0.00    0.00
OF315.0  -11.416    0.00 9.0234     0.00    0.00    0.00    0.00    0.00
OF316.0  -11.403    0.00 9.0234     0.00    0.00    0.00    0.00    0.00
OF317.0  -11.390    0.00 9.0234     0.00    0.00    0.00    0.00    0.00
OF318.0  -11.378    0.00 9.0234     0.00    0.00    0.00    0.00    0.00
OF319.0  -11.365    0.00 9.0234     0.00    0.00    0.00    0.00    0.00
OF320.0  -11.352    0.00 9.0234     0.00    0.00    0.00    0.00    0.00
OF321.0  -11.339    0.00 9.0234     0.00    0.00    0.00    0.00    0.00
OF322.0  -11.326    0.00 9.0234     0.00    0.00    0.00    0.00    0.00
OF323.0  -11.313    0.00 9.0234     0.00    0.00    0.00    0.00    0.00
OF324.0  -11.300    0.00 9.0234     0.00    0.00    0.00    0.00    0.00
OF325.0  -11.288    0.00 9.0234     0.00    0.00    0.00    0.00    0.00
OF326.0  -11.275    0.00 9.0234     0.00    0.00    0.00    0.00    0.00
OF327.0  -11.262    0.00 9.0234     0.00    0.00    0.00    0.00    0.00
OF328.0  -11.249    0.00 9.0234     0.00    0.00    0.00    0.00    0.00
OF329.0  -11.236    0.00 9.0234     0.00    0.00    0.00    0.00    0.00
OF330.0  -11.224    0.00 9.0234     0.00    0.00    0.00    0.00    0.00
OF331.0  -11.211    0.00 9.0234     0.00    0.00    0.00    0.00    0.00
OF332.0  -11.198    0.00 9.0234     0.00    0.00    0.00    0.00    0.00
OF333.0  -11.185    0.00 9.0234     0.00    0.00    0.00    0.00    0.00
OF334.0  -11.172    0.00 9.0234     0.00    0.00    0.00    0.00    0.00
OF335.0  -11.159    0.00 9.0234     0.00    0.00    0.00    0.00    0.00
OF336.0  -11.125    0.00 9.0234     0.00    0.00    0.00    0.00    0.00
OF337.0  -11.057    0.00 9.0234     0.00    0.00    0.00    0.00    0.00
OF338.0  -10.989    0.00 9.0234     0.00    0.00    0.00    0.00    0.00
OF339.0  -10.921    0.00 9.0234     0.00    0.00    0.00    0.00    0.00
OF340.0  -10.852    0.00 9.0234     0.00    0.00    0.00    0.00    0.00
OF341.0  -10.784    0.00 9.0234     0.00    0.00    0.00    0.00    0.00
OF342.0  -10.716    0.00 9.0234     0.00    0.00    0.00    0.00    0.00
OF343.0  -10.648    0.00 9.0234     0.00    0.00    0.00    0.00    0.00
OF344.0  -10.579    0.00 9.0234     0.00    0.00    0.00    0.00    0.00
OF345.0  -10.511    0.00 9.0234     0.00    0.00    0.00    0.00    0.00
OF346.0  -10.443    0.00 9.0234     0.00    0.00    0.00    0.00    0.00
OF347.0  -10.375    0.00 9.0234     0.00    0.00    0.00    0.00    0.00
OF348.0  -10.307    0.00 9.0234     0.00    0.00    0.00    0.00    0.00
OF349.0  -10.238    0.00 9.0234     0.00    0.00    0.00    0.00    0.00
OF350.0  -10.170    0.00 9.0234     0.00    0.00    0.00    0.00    0.00
OF351.0  -10.102    0.00 9.0234     0.00    0.00    0.00    0.00    0.00
OF352.0  -10.033    0.00 9.0234     0.00    0.00    0.00    0.00    0.00
OF353.0  -9.9657    0.00 9.0234     0.00    0.00    0.00    0.00    0.00
OF354.0  -9.8975    0.00 9.0234     0.00    0.00    0.00    0.00    0.00
OF355.0  -9.8292    0.00 9.0234     0.00    0.00    0.00    0.00    0.00
OF356.0  -9.7609    0.00 9.0234     0.00    0.00    0.00    0.00    0.00
OF357.0  -9.6928    0.00 9.0234     0.00    0.00    0.00    0.00    0.00
OF358.0  -9.6245    0.00 9.0234     0.00    0.00    0.00    0.00    0.00
OF359.0  -9.5563    0.00 9.0234     0.00    0.00    0.00    0.00    0.00
OF360.0  -9.4879    0.00 9.0234     0.00    0.00    0.00    0.00    0.00
OF361.0  -9.4196    0.00 9.0234     0.00    0.00    0.00    0.00    0.00
OF362.0  -9.3516    0.00 9.0234     0.00    0.00    0.00    0.00    0.00
OF363.0  -9.2832    0.00 9.0234     0.00    0.00    0.00    0.00    0.00
OF364.0  -9.215     0.00 9.0234     0.00    0.00    0.00    0.00    0.00
OF365.0  -9.1467    0.00 9.0234     0.00    0.00    0.00    0.00    0.00
OF366.0  -9.0787    0.00 9.0234     0.00    0.00    0.00    0.00    0.00
OF367.0  -9.0103    0.00 9.0234     0.00    0.00    0.00    0.00    0.00
OF368.0  -8.942     0.00 9.0234     0.00    0.00    0.00    0.00    0.00
OF369.0  -8.8738    0.00 9.0234     0.00    0.00    0.00    0.00    0.00
OF370.0  -8.8055    0.00 9.0234     0.00    0.00    0.00    0.00    0.00
OF371.0  -8.7374    0.00 9.0234     0.00    0.00    0.00    0.00    0.00
OF372.0  -8.6691    0.00 9.0234     0.00    0.00    0.00    0.00    0.00
OF373.0  -8.6008    0.00 9.0234     0.00    0.00    0.00    0.00    0.00
OF374.0  -8.5325    0.00 9.0234     0.00    0.00    0.00    0.00    0.00
OF375.0  -8.4642    0.00 9.0234     0.00    0.00    0.00    0.00    0.00
OF376.0  -8.3962    0.00 9.0234     0.00    0.00    0.00    0.00    0.00
OF377.0  -8.3278    0.00 9.0234     0.00    0.00    0.00    0.00    0.00
OF378.0  -8.2596    0.00 9.0234     0.00    0.00    0.00    0.00    0.00
OF379.0  -8.1913    0.00 9.0234     0.00    0.00    0.00    0.00    0.00
OF380.0  -8.1231    0.00 9.0234     0.00    0.00    0.00    0.00    0.00
OF381.0  -8.0536    0.00 9.0234     0.00    0.00    0.00    0.00    0.00
OF382.0  -7.9825    0.00 9.0234     0.00    0.00    0.00    0.00    0.00
OF383.0  -7.9116    0.00 9.0234     0.00    0.00    0.00    0.00    0.00
OF385.0  -7.7696    0.00 9.0234     0.00    0.00    0.00    0.00    0.00
OF386.0  -7.6987    0.00 9.0234     0.00    0.00    0.00    0.00    0.00
OF388.0  -7.5567    0.00 9.0234     0.00    0.00    0.00    0.00    0.00
OF389.0  -7.4858    0.00 9.0234     0.00    0.00    0.00    0.00    0.00
OF391.0  -7.3438    0.00 9.0234     0.00    0.00    0.00    0.00    0.00
OF392.0  -7.2727    0.00 9.0234     0.00    0.00    0.00    0.00    0.00
OF394.0  -7.1309    0.00 9.0234     0.00    0.00    0.00    0.00    0.00
OF395.0  -7.06      0.00 9.0234     0.00    0.00    0.00    0.00    0.00
OF397.0  -6.9178    0.00 9.0234     0.00    0.00    0.00    0.00    0.00
OF398.0  -6.8469    0.00 9.0234     0.00    0.00    0.00    0.00    0.00
OF400.0  -6.7051    0.00 9.0234     0.00    0.00    0.00    0.00    0.00
OF401.0  -6.634     0.00 9.0234     0.00    0.00    0.00    0.00    0.00
OF403.0  -6.4922    0.00 9.0234     0.00    0.00    0.00    0.00    0.00
OF404.0  -6.4211    0.00 9.0234     0.00    0.00    0.00    0.00    0.00
OF406.0  -6.2791    0.00 9.0234     0.00    0.00    0.00    0.00    0.00
OF407.0  -6.2082    0.00 9.0234     0.00    0.00    0.00    0.00    0.00
OF409.0  -6.0662    0.00 9.0234     0.00    0.00    0.00    0.00    0.00
OF410.0  -5.9953    0.00 9.0234     0.00    0.00    0.00    0.00    0.00
OF412.0  -5.8533    0.00 9.0234     0.00    0.00    0.00    0.00    0.00
OF413.0  -5.7836    0.00 9.0233     0.00    0.00    0.00    0.00    0.00
OF415.0  -5.6456    0.00 9.0233     0.00    0.00    0.00    0.00    0.00
OF416.0  -5.5765    0.00 9.0233     0.00    0.00    0.00    0.00    0.00
OF418.0  -5.4388    0.00 9.0233     0.00    0.00    0.00    0.00    0.00
OF419.0  -5.3698    0.00 9.0232     0.00    0.00    0.00    0.00    0.00
OF421.0  -5.2317    0.00 9.0232     0.00    0.00    0.00    0.00    0.00
OF422.0  -5.163     0.00 9.0232     0.00    0.00    0.00    0.00    0.00
OF427.0  -4.8182    0.00 9.0231     0.00    0.00    0.00    0.00    0.00
OF428.0  -4.7491    0.00 9.0231     0.00    0.00    0.00    0.00    0.00
OF433.0  -4.4043    0.00 9.023      0.00    0.00    0.00    0.00    0.00
OF434.0  -4.3354    0.00 9.023      0.00    0.00    0.00    0.00    0.00
OF439.0  -3.9906    0.00 9.0229     0.00    0.00    0.00    0.00    0.00
OF440.0  -3.9217    0.00 9.0228     0.00    0.00    0.00    0.00    0.00
OF446.0  -3.508     0.00 9.0227     0.00    0.00    0.00    0.00    0.00
OF449.0  -3.3012    0.00 9.0227     0.00    0.00    0.00    0.00    0.00
IF537.0  2.87       0.00 9.0219     0.00    0.00    0.00    0.00    0.00
IF538.0  2.9403     0.00 9.0219     0.00    0.00    0.00    0.00    0.00
IF564.3  3.5329     0.00 9.0232     0.00    0.00    0.00    0.00    0.00
IF567.6  3.6068     0.00 9.0263     0.00    0.00    0.00    0.00    0.00
IF570.9  3.6807     0.00 9.0294     0.00    0.00    0.00    0.00    0.00
IF574.1  3.7546     0.00 9.0325     0.00    0.00    0.00    0.00    0.00
IF577.4  3.8285     0.00 9.0352     0.00    0.00    0.00    0.00    0.00
IF580.7  3.9024     0.00 9.0385     0.00    0.00    0.00    0.00    0.00
IF584.0  3.9763     0.00 9.0417     0.00    0.00    0.00    0.00    0.00
IF587.3  4.0502     0.00 9.0449     0.00    0.00    0.00    0.00    0.00
IF590.5  4.1241     0.00 9.0477     0.00    0.00    0.00    0.00    0.00
IF593.8  4.198      0.00 9.051      0.00    0.00    0.00    0.00    0.00
IF597.1  4.272      0.00 9.0542     0.00    0.00    0.00    0.00    0.00
IF600.4  4.3459     0.00 9.0574     0.00    0.00    0.00    0.00    0.00
IF603.7  4.4198     0.00 9.0603     0.00    0.00    0.00    0.00    0.00
IF607.0  4.4937     0.00 9.0636     0.00    0.00    0.00    0.00    0.00
IF610.2  4.5676     0.00 9.0669     0.00    0.00    0.00    0.00    0.00
IF613.5  4.6415     0.00 9.0701     0.00    0.00    0.00    0.00    0.00
IF616.8  4.7154     0.00 9.073      0.00    0.00    0.00    0.00    0.00
IF620.1  4.7893     0.00 9.0762     0.00    0.00    0.00    0.00    0.00
IF623.4  4.8632     0.00 9.0795     0.00    0.00    0.00    0.00    0.00
IF626.6  4.9371     0.00 9.0827     0.00    0.00    0.00    0.00    0.00
IF629.9  5.011      0.00 9.0856     0.00    0.00    0.00    0.00    0.00
IF633.2  5.0849     0.00 9.0889     0.00    0.00    0.00    0.00    0.00
IF636.5  5.1588     0.00 9.0921     0.00    0.00    0.00    0.00    0.00
IF639.8  5.2328     0.00 9.0954     0.00    0.00    0.00    0.00    0.00
IF643.0  5.3067     0.00 9.0983     0.00    0.00    0.00    0.00    0.00
IF646.3  5.3806     0.00 9.1016     0.00    0.00    0.00    0.00    0.00
IF649.6  5.4545     0.00 9.1049     0.00    0.00    0.00    0.00    0.00
IF652.9  5.5284     0.00 9.1081     0.00    0.00    0.00    0.00    0.00
IF656.2  5.6023     0.00 9.1111     0.00    0.00    0.00    0.00    0.00
IF659.4  5.6762     0.00 9.1145     0.00    0.00    0.00    0.00    0.00
IF662.7  5.7501     0.00 9.1178     0.00    0.00    0.00    0.00    0.00
IF666.0  5.824      0.00 9.121      0.00    0.00    0.00    0.00    0.00
IF669.3  5.8979     0.00 9.1241     0.00    0.00    0.00    0.00    0.00
IF672.6  5.9718     0.00 9.1276     0.00    0.00    0.00    0.00    0.00
IF675.9  6.0457     0.00 9.131      0.00    0.00    0.00    0.00    0.00
IF679.1  6.1196     0.00 9.1341     0.00    0.00    0.00    0.00    0.00
IF682.4  6.1935     0.00 9.1377     0.00    0.00    0.00    0.00    0.00
IF685.7  6.2675     0.00 9.1414     0.00    0.00    0.00    0.00    0.00
IF689.0  6.3414     0.00 9.1453     0.00    0.00    0.00    0.00    0.00
IF692.3  6.4153     0.00 9.1492     0.00    0.00    0.00    0.00    0.00
IF695.5  6.4892     0.00 9.1535     0.00    0.00    0.00    0.00    0.00
IF698.8  6.5631     0.00 9.1576     0.00    0.00    0.00    0.00    0.00
IF702.1  6.637      0.00 9.1615     0.00    0.00    0.00    0.00    0.00
IF705.4  6.7109     0.00 9.1651     0.00    0.00    0.00    0.00    0.00
IF708.7  6.7848     0.00 9.1688     0.00    0.00    0.00    0.00    0.00
IF711.9  6.8587     0.00 9.1724     0.00    0.00    0.00    0.00    0.00
IF715.2  6.9326     0.00 9.1757     0.00    0.00    0.00    0.00    0.00
IF718.5  7.0065     0.00 9.1788     0.00    0.00    0.00    0.00    0.00
IF721.8  7.0804     0.00 9.182      0.00    0.00    0.00    0.00    0.00
IF725.1  7.1543     0.00 9.1851     0.00    0.00    0.00    0.00    0.00
IF728.3  7.2283     0.00 9.188      0.00    0.00    0.00    0.00    0.00
IF731.6  7.3022     0.00 9.1906     0.00    0.00    0.00    0.00    0.00
IF734.9  7.9656     0.00 9.1964     0.00    0.00    0.00    0.00    0.00
IF736.7  9.1964     0.00 9.1964     0.00    0.00    0.00    0.00    0.00
PS START(420295.0524,4851501.5466)
PS END(420688.3141,4851437.9232)
ET
 
 
 
