header
IE0.0    -19.636       1       1 8.8157  2.806   2.7       56.14   56.14
OF3.3    -19.662    0.00 8.8157     0.00    0.00    0.00    0.00    0.00
OF6.6    -19.689    0.00 8.8157     0.00    0.00    0.00    0.00    0.00
OF9.8    -19.715    0.00 8.8157     0.00    0.00    0.00    0.00    0.00
OF13.1   -19.742    0.00 8.8157     0.00    0.00    0.00    0.00    0.00
OF16.4   -19.768    0.00 8.8157     0.00    0.00    0.00    0.00    0.00
OF19.7   -19.794    0.00 8.8157     0.00    0.00    0.00    0.00    0.00
OF23.0   -19.821    0.00 8.8157     0.00    0.00    0.00    0.00    0.00
OF26.2   -19.847    0.00 8.8157     0.00    0.00    0.00    0.00    0.00
OF29.5   -19.87     0.00 8.8157     0.00    0.00    0.00    0.00    0.00
OF32.0   -19.884    0.00 8.8157     0.00    0.00    0.00    0.00    0.00
OF33.0   -19.890    0.00 8.8157     0.00    0.00    0.00    0.00    0.00
OF38.0   -19.025    0.00 8.8157     0.00    0.00    0.00    0.00    0.00
OF39.0   -18.671    0.00 8.8157     0.00    0.00    0.00    0.00    0.00
OF45.0   -16.461    0.00 8.8157     0.00    0.00    0.00    0.00    0.00
OF50.0   -14.500    0.00 8.8157     0.00    0.00    0.00    0.00    0.00
OF51.0   -14.109    0.00 8.8157     0.00    0.00    0.00    0.00    0.00
IF82.0   4.2159     0.00 8.8157     0.00    0.00    0.00    0.00    0.00
IF95.0   5.0066     0.00 8.8157     0.00    0.00    0.00    0.00    0.00
IF101.0  8.8157     0.00 8.8157     0.00    0.00    0.00    0.00    0.00
AS258.2  8.8571     0.00 8.8571     0.00    0.00    0.00    0.00    0.00
IF263.5  6.3517     0.00 8.8571     0.00    0.00    0.00    0.00    0.00
IF270.0  6.0564     0.00 8.8571     0.00    0.00    0.00    0.00    0.00
IF281.5  5.6266     0.00 8.8571     0.00    0.00    0.00    0.00    0.00
IF486.5  4.4488     0.00 8.8571     0.00    0.00    0.00    0.00    0.00
OF590.0  -18.731    0.00 8.8556     0.00    0.00    0.00    0.00    0.00
OF591.0  -19.002    0.00 8.8556     0.00    0.00    0.00    0.00    0.00
OF597.0  -19.337    0.00 8.8556     0.00    0.00    0.00    0.00    0.00
OF598.0  -19.335    0.00 8.8556     0.00    0.00    0.00    0.00    0.00
OF603.0  -19.323    0.00 8.8556     0.00    0.00    0.00    0.00    0.00
OF604.0  -19.321    0.00 8.8556     0.00    0.00    0.00    0.00    0.00
OF609.0  -19.309    0.00 8.8556     0.00    0.00    0.00    0.00    0.00
OF610.0  -19.307    0.00 8.8556     0.00    0.00    0.00    0.00    0.00
OF615.0  -19.295    0.00 8.8556     0.00    0.00    0.00    0.00    0.00
OF616.0  -19.293    0.00 8.8556     0.00    0.00    0.00    0.00    0.00
OF621.0  -19.281    0.00 8.8556     0.00    0.00    0.00    0.00    0.00
OF622.0  -19.279    0.00 8.8556     0.00    0.00    0.00    0.00    0.00
OF627.0  -19.267    0.00 8.8556     0.00    0.00    0.00    0.00    0.00
OF628.0  -19.265    0.00 8.8556     0.00    0.00    0.00    0.00    0.00
OF633.0  -19.253    0.00 8.8556     0.00    0.00    0.00    0.00    0.00
OF634.0  -19.251    0.00 8.8556     0.00    0.00    0.00    0.00    0.00
OF639.0  -19.239    0.00 8.8556     0.00    0.00    0.00    0.00    0.00
OF640.0  -19.236    0.00 8.8556     0.00    0.00    0.00    0.00    0.00
OF645.0  -19.225    0.00 8.8556     0.00    0.00    0.00    0.00    0.00
OF646.0  -19.222    0.00 8.8556     0.00    0.00    0.00    0.00    0.00
OF651.0  -19.211    0.00 8.8556     0.00    0.00    0.00    0.00    0.00
OF652.0  -19.208    0.00 8.8556     0.00    0.00    0.00    0.00    0.00
OF657.0  -19.197    0.00 8.8556     0.00    0.00    0.00    0.00    0.00
OF658.0  -19.194    0.00 8.8556     0.00    0.00    0.00    0.00    0.00
OF663.0  -19.138    0.00 8.8555     0.00    0.00    0.00    0.00    0.00
OF664.0  -19.111    0.00 8.8555     0.00    0.00    0.00    0.00    0.00
OF669.0  -18.973    0.00 8.8555     0.00    0.00    0.00    0.00    0.00
OF670.0  -18.945    0.00 8.8555     0.00    0.00    0.00    0.00    0.00
OF675.0  -18.808    0.00 8.8554     0.00    0.00    0.00    0.00    0.00
OF676.0  -18.780    0.00 8.8554     0.00    0.00    0.00    0.00    0.00
OF682.0  -18.693    0.00 8.8554     0.00    0.00    0.00    0.00    0.00
OF683.0  -18.692    0.00 8.8554     0.00    0.00    0.00    0.00    0.00
OF688.0  -18.687    0.00 8.8555     0.00    0.00    0.00    0.00    0.00
OF689.0  -18.686    0.00 8.8555     0.00    0.00    0.00    0.00    0.00
OF694.0  -18.681    0.00 8.8556     0.00    0.00    0.00    0.00    0.00
OF695.0  -18.680    0.00 8.8556     0.00    0.00    0.00    0.00    0.00
OF700.0  -18.610    0.00 8.8556     0.00    0.00    0.00    0.00    0.00
OF701.0  -18.592    0.00 8.8556     0.00    0.00    0.00    0.00    0.00
OF706.0  -18.501    0.00 8.8557     0.00    0.00    0.00    0.00    0.00
OF707.0  -18.482    0.00 8.8557     0.00    0.00    0.00    0.00    0.00
OF712.0  -18.391    0.00 8.8557     0.00    0.00    0.00    0.00    0.00
OF713.0  -18.373    0.00 8.8558     0.00    0.00    0.00    0.00    0.00
OF718.0  -18.281    0.00 8.8558     0.00    0.00    0.00    0.00    0.00
OF719.0  -18.263    0.00 8.8558     0.00    0.00    0.00    0.00    0.00
OF724.0  -18.172    0.00 8.8559     0.00    0.00    0.00    0.00    0.00
OF725.0  -18.154    0.00 8.8559     0.00    0.00    0.00    0.00    0.00
OF730.0  -18.062    0.00 8.8559     0.00    0.00    0.00    0.00    0.00
OF731.0  -18.044    0.00 8.8559     0.00    0.00    0.00    0.00    0.00
OF736.0  -17.953    0.00 8.856      0.00    0.00    0.00    0.00    0.00
OF737.0  -17.934    0.00 8.856      0.00    0.00    0.00    0.00    0.00
OF742.0  -17.843    0.00 8.856      0.00    0.00    0.00    0.00    0.00
OF743.0  -17.825    0.00 8.8561     0.00    0.00    0.00    0.00    0.00
OF748.0  -17.734    0.00 8.8561     0.00    0.00    0.00    0.00    0.00
OF749.0  -17.715    0.00 8.8561     0.00    0.00    0.00    0.00    0.00
OF754.0  -17.624    0.00 8.8562     0.00    0.00    0.00    0.00    0.00
OF755.0  -17.606    0.00 8.8562     0.00    0.00    0.00    0.00    0.00
OF758.0  -17.551    0.00 8.8562     0.00    0.00    0.00    0.00    0.00
OF814.0  -17.702    0.00 8.856      0.00    0.00    0.00    0.00    0.00
OF815.0  -17.705    0.00 8.856      0.00    0.00    0.00    0.00    0.00
OF820.0  -17.641    0.00 8.856      0.00    0.00    0.00    0.00    0.00
OF821.0  -17.627    0.00 8.856      0.00    0.00    0.00    0.00    0.00
OF826.0  -17.557    0.00 8.8561     0.00    0.00    0.00    0.00    0.00
OF827.0  -17.543    0.00 8.8561     0.00    0.00    0.00    0.00    0.00
OF832.0  -17.473    0.00 8.8561     0.00    0.00    0.00    0.00    0.00
OF833.0  -17.459    0.00 8.8561     0.00    0.00    0.00    0.00    0.00
OF838.0  -17.388    0.00 8.8561     0.00    0.00    0.00    0.00    0.00
OF839.0  -17.374    0.00 8.8561     0.00    0.00    0.00    0.00    0.00
OF844.0  -17.304    0.00 8.8561     0.00    0.00    0.00    0.00    0.00
OF845.0  -17.290    0.00 8.8561     0.00    0.00    0.00    0.00    0.00
OF850.0  -17.22     0.00 8.8561     0.00    0.00    0.00    0.00    0.00
OF851.0  -17.206    0.00 8.8561     0.00    0.00    0.00    0.00    0.00
OF856.0  -17.135    0.00 8.8561     0.00    0.00    0.00    0.00    0.00
OF857.0  -17.121    0.00 8.8561     0.00    0.00    0.00    0.00    0.00
OF862.0  -17.051    0.00 8.8561     0.00    0.00    0.00    0.00    0.00
OF863.0  -17.037    0.00 8.8561     0.00    0.00    0.00    0.00    0.00
OF866.0  -16.995    0.00 8.8561     0.00    0.00    0.00    0.00    0.00
OF868.0  -16.967    0.00 8.8561     0.00    0.00    0.00    0.00    0.00
OF873.0  -16.908    0.00 8.8561     0.00    0.00    0.00    0.00    0.00
OF874.0  -16.897    0.00 8.8561     0.00    0.00    0.00    0.00    0.00
OF879.0  -16.842    0.00 8.8561     0.00    0.00    0.00    0.00    0.00
OF880.0  -16.831    0.00 8.8561     0.00    0.00    0.00    0.00    0.00
OF885.0  -16.775    0.00 8.8561     0.00    0.00    0.00    0.00    0.00
OF886.0  -16.764    0.00 8.8561     0.00    0.00    0.00    0.00    0.00
OF891.0  -16.709    0.00 8.8561     0.00    0.00    0.00    0.00    0.00
OF892.0  -16.698    0.00 8.8561     0.00    0.00    0.00    0.00    0.00
OF897.0  -16.642    0.00 8.8561     0.00    0.00    0.00    0.00    0.00
OF898.0  -16.631    0.00 8.8561     0.00    0.00    0.00    0.00    0.00
OF903.0  -16.576    0.00 8.8561     0.00    0.00    0.00    0.00    0.00
OF904.0  -16.565    0.00 8.8561     0.00    0.00    0.00    0.00    0.00
OF909.0  -16.51     0.00 8.856      0.00    0.00    0.00    0.00    0.00
OF910.0  -16.498    0.00 8.856      0.00    0.00    0.00    0.00    0.00
OF915.0  -16.443    0.00 8.856      0.00    0.00    0.00    0.00    0.00
OF916.0  -16.432    0.00 8.856      0.00    0.00    0.00    0.00    0.00
OF921.0  -16.377    0.00 8.856      0.00    0.00    0.00    0.00    0.00
OF922.0  -16.366    0.00 8.856      0.00    0.00    0.00    0.00    0.00
OF927.0  -16.310    0.00 8.856      0.00    0.00    0.00    0.00    0.00
OF928.0  -16.299    0.00 8.856      0.00    0.00    0.00    0.00    0.00
OF933.0  -16.244    0.00 8.856      0.00    0.00    0.00    0.00    0.00
OF934.0  -16.233    0.00 8.856      0.00    0.00    0.00    0.00    0.00
OF939.0  -16.177    0.00 8.856      0.00    0.00    0.00    0.00    0.00
OF940.0  -16.166    0.00 8.856      0.00    0.00    0.00    0.00    0.00
OF947.0  -16.115    0.00 8.8559     0.00    0.00    0.00    0.00    0.00
OF948.0  -16.111    0.00 8.8559     0.00    0.00    0.00    0.00    0.00
OF953.0  -16.094    0.00 8.8559     0.00    0.00    0.00    0.00    0.00
OF954.0  -16.090    0.00 8.8558     0.00    0.00    0.00    0.00    0.00
OF959.0  -16.073    0.00 8.8558     0.00    0.00    0.00    0.00    0.00
OF960.0  -16.069    0.00 8.8557     0.00    0.00    0.00    0.00    0.00
OF965.0  -16.052    0.00 8.8557     0.00    0.00    0.00    0.00    0.00
OF966.0  -16.048    0.00 8.8556     0.00    0.00    0.00    0.00    0.00
OF971.0  -16.030    0.00 8.8556     0.00    0.00    0.00    0.00    0.00
OF972.0  -16.027    0.00 8.8555     0.00    0.00    0.00    0.00    0.00
OF977.0  -16.009    0.00 8.8555     0.00    0.00    0.00    0.00    0.00
OF978.0  -16.006    0.00 8.8554     0.00    0.00    0.00    0.00    0.00
OF983.0  -15.988    0.00 8.8554     0.00    0.00    0.00    0.00    0.00
OF984.0  -15.985    0.00 8.8553     0.00    0.00    0.00    0.00    0.00
OF989.0  -15.967    0.00 8.8553     0.00    0.00    0.00    0.00    0.00
OF990.0  -15.963    0.00 8.8553     0.00    0.00    0.00    0.00    0.00
OF995.0  -15.946    0.00 8.8552     0.00    0.00    0.00    0.00    0.00
OF996.0  -15.942    0.00 8.8552     0.00    0.00    0.00    0.00    0.00
OF1001.0 -15.925    0.00 8.8551     0.00    0.00    0.00    0.00    0.00
OF1002.0 -15.921    0.00 8.8551     0.00    0.00    0.00    0.00    0.00
OF1007.0 -15.888    0.00 8.855      0.00    0.00    0.00    0.00    0.00
OF1008.0 -15.879    0.00 8.855      0.00    0.00    0.00    0.00    0.00
OF1013.0 -15.830    0.00 8.855      0.00    0.00    0.00    0.00    0.00
OF1014.0 -15.820    0.00 8.855      0.00    0.00    0.00    0.00    0.00
OF1019.0 -15.772    0.00 8.855      0.00    0.00    0.00    0.00    0.00
OF1020.0 -15.762    0.00 8.855      0.00    0.00    0.00    0.00    0.00
OF1025.0 -15.713    0.00 8.855      0.00    0.00    0.00    0.00    0.00
OF1026.0 -15.704    0.00 8.855      0.00    0.00    0.00    0.00    0.00
OF1031.0 -15.655    0.00 8.855      0.00    0.00    0.00    0.00    0.00
OF1032.0 -15.645    0.00 8.855      0.00    0.00    0.00    0.00    0.00
OF1037.0 -15.597    0.00 8.8549     0.00    0.00    0.00    0.00    0.00
OF1038.0 -15.587    0.00 8.8549     0.00    0.00    0.00    0.00    0.00
OF1043.0 -15.538    0.00 8.8549     0.00    0.00    0.00    0.00    0.00
OF1044.0 -15.529    0.00 8.8549     0.00    0.00    0.00    0.00    0.00
OF1049.0 -15.480    0.00 8.8549     0.00    0.00    0.00    0.00    0.00
OF1050.0 -15.470    0.00 8.8549     0.00    0.00    0.00    0.00    0.00
OF1055.0 -15.422    0.00 8.8549     0.00    0.00    0.00    0.00    0.00
OF1056.0 -15.412    0.00 8.8549     0.00    0.00    0.00    0.00    0.00
OF1061.0 -15.363    0.00 8.8549     0.00    0.00    0.00    0.00    0.00
OF1062.0 -15.354    0.00 8.8549     0.00    0.00    0.00    0.00    0.00
OF1067.0 -15.305    0.00 8.8549     0.00    0.00    0.00    0.00    0.00
OF1068.0 -15.295    0.00 8.8549     0.00    0.00    0.00    0.00    0.00
OF1073.0 -15.247    0.00 8.8549     0.00    0.00    0.00    0.00    0.00
OF1074.0 -15.237    0.00 8.8549     0.00    0.00    0.00    0.00    0.00
OF1079.0 -15.188    0.00 8.8549     0.00    0.00    0.00    0.00    0.00
OF1080.0 -15.179    0.00 8.8549     0.00    0.00    0.00    0.00    0.00
OF1085.0 -15.130    0.00 8.8549     0.00    0.00    0.00    0.00    0.00
OF1086.0 -15.120    0.00 8.8549     0.00    0.00    0.00    0.00    0.00
OF1091.0 -15.072    0.00 8.8548     0.00    0.00    0.00    0.00    0.00
OF1092.0 -15.062    0.00 8.8548     0.00    0.00    0.00    0.00    0.00
OF1097.0 -14.765    0.00 8.8548     0.00    0.00    0.00    0.00    0.00
OF1098.0 -14.631    0.00 8.8548     0.00    0.00    0.00    0.00    0.00
OF1103.0 -13.963    0.00 8.8548     0.00    0.00    0.00    0.00    0.00
OF1104.0 -13.829    0.00 8.8548     0.00    0.00    0.00    0.00    0.00
OF1109.0 -13.161    0.00 8.8548     0.00    0.00    0.00    0.00    0.00
OF1110.0 -13.030    0.00 8.8548     0.00    0.00    0.00    0.00    0.00
OF1119.0 -12.743    0.00 8.8548     0.00    0.00    0.00    0.00    0.00
OF1120.0 -12.738    0.00 8.8548     0.00    0.00    0.00    0.00    0.00
OF1126.0 -12.717    0.00 8.8548     0.00    0.00    0.00    0.00    0.00
OF1127.0 -12.713    0.00 8.8548     0.00    0.00    0.00    0.00    0.00
OF1132.0 -12.694    0.00 8.8548     0.00    0.00    0.00    0.00    0.00
OF1133.0 -12.690    0.00 8.8548     0.00    0.00    0.00    0.00    0.00
OF1139.0 -12.669    0.00 8.8548     0.00    0.00    0.00    0.00    0.00
OF1140.0 -12.665    0.00 8.8548     0.00    0.00    0.00    0.00    0.00
OF1145.0 -12.646    0.00 8.8548     0.00    0.00    0.00    0.00    0.00
OF1146.0 -12.642    0.00 8.8548     0.00    0.00    0.00    0.00    0.00
OF1152.0 -12.620    0.00 8.8548     0.00    0.00    0.00    0.00    0.00
OF1153.0 -12.616    0.00 8.8548     0.00    0.00    0.00    0.00    0.00
OF1158.0 -12.598    0.00 8.8548     0.00    0.00    0.00    0.00    0.00
OF1159.0 -12.594    0.00 8.8548     0.00    0.00    0.00    0.00    0.00
OF1165.0 -12.572    0.00 8.8548     0.00    0.00    0.00    0.00    0.00
OF1166.0 -12.568    0.00 8.8548     0.00    0.00    0.00    0.00    0.00
OF1175.0 -12.535    0.00 8.8548     0.00    0.00    0.00    0.00    0.00
OF1176.0 -12.531    0.00 8.8548     0.00    0.00    0.00    0.00    0.00
OF1181.0 -12.513    0.00 8.8548     0.00    0.00    0.00    0.00    0.00
OF1182.0 -12.509    0.00 8.8548     0.00    0.00    0.00    0.00    0.00
OF1187.0 -12.490    0.00 8.8548     0.00    0.00    0.00    0.00    0.00
OF1188.0 -12.486    0.00 8.8548     0.00    0.00    0.00    0.00    0.00
OF1194.0 -12.465    0.00 8.8548     0.00    0.00    0.00    0.00    0.00
OF1195.0 -12.461    0.00 8.8548     0.00    0.00    0.00    0.00    0.00
OF1200.0 -12.442    0.00 8.8548     0.00    0.00    0.00    0.00    0.00
OF1201.0 -12.438    0.00 8.8548     0.00    0.00    0.00    0.00    0.00
OF1207.0 -12.417    0.00 8.8548     0.00    0.00    0.00    0.00    0.00
OF1208.0 -12.413    0.00 8.8548     0.00    0.00    0.00    0.00    0.00
OF1213.0 -12.394    0.00 8.8548     0.00    0.00    0.00    0.00    0.00
OF1214.0 -12.390    0.00 8.8548     0.00    0.00    0.00    0.00    0.00
OF1220.0 -12.368    0.00 8.8548     0.00    0.00    0.00    0.00    0.00
OF1221.0 -12.364    0.00 8.8548     0.00    0.00    0.00    0.00    0.00
OF1230.0 -12.331    0.00 8.8548     0.00    0.00    0.00    0.00    0.00
OF1231.0 -12.328    0.00 8.8548     0.00    0.00    0.00    0.00    0.00
OF1236.0 -12.309    0.00 8.8548     0.00    0.00    0.00    0.00    0.00
OF1237.0 -12.305    0.00 8.8548     0.00    0.00    0.00    0.00    0.00
OF1243.0 -12.283    0.00 8.8548     0.00    0.00    0.00    0.00    0.00
OF1244.0 -12.279    0.00 8.8548     0.00    0.00    0.00    0.00    0.00
OF1249.0 -12.261    0.00 8.8548     0.00    0.00    0.00    0.00    0.00
OF1250.0 -12.257    0.00 8.8548     0.00    0.00    0.00    0.00    0.00
OF1264.0 -14.457    0.00 8.8548     0.00    0.00    0.00    0.00    0.00
OF1270.0 -14.976    0.00 8.8526     0.00    0.00    0.00    0.00    0.00
OF1271.0 -14.975    0.00 8.8526     0.00    0.00    0.00    0.00    0.00
OF1276.0 -14.974    0.00 8.8526     0.00    0.00    0.00    0.00    0.00
OF1277.0 -14.974    0.00 8.8526     0.00    0.00    0.00    0.00    0.00
OF1282.0 -14.972    0.00 8.8526     0.00    0.00    0.00    0.00    0.00
OF1283.0 -14.972    0.00 8.8526     0.00    0.00    0.00    0.00    0.00
OF1288.0 -14.970    0.00 8.8526     0.00    0.00    0.00    0.00    0.00
OF1289.0 -14.970    0.00 8.8526     0.00    0.00    0.00    0.00    0.00
OF1294.0 -14.968    0.00 8.8526     0.00    0.00    0.00    0.00    0.00
OF1295.0 -14.968    0.00 8.8526     0.00    0.00    0.00    0.00    0.00
OF1300.0 -14.966    0.00 8.8526     0.00    0.00    0.00    0.00    0.00
OF1301.0 -14.966    0.00 8.8526     0.00    0.00    0.00    0.00    0.00
OF1306.0 -14.964    0.00 8.8526     0.00    0.00    0.00    0.00    0.00
OF1307.0 -14.964    0.00 8.8526     0.00    0.00    0.00    0.00    0.00
OF1312.0 -14.962    0.00 8.8526     0.00    0.00    0.00    0.00    0.00
OF1313.0 -14.962    0.00 8.8526     0.00    0.00    0.00    0.00    0.00
OF1318.0 -14.960    0.00 8.8526     0.00    0.00    0.00    0.00    0.00
OF1319.0 -14.960    0.00 8.8526     0.00    0.00    0.00    0.00    0.00
OF1324.0 -14.958    0.00 8.8526     0.00    0.00    0.00    0.00    0.00
OF1325.0 -14.958    0.00 8.8526     0.00    0.00    0.00    0.00    0.00
OF1330.0 -14.956    0.00 8.8525     0.00    0.00    0.00    0.00    0.00
OF1331.0 -14.956    0.00 8.8525     0.00    0.00    0.00    0.00    0.00
OF1336.0 -14.954    0.00 8.8525     0.00    0.00    0.00    0.00    0.00
OF1337.0 -14.954    0.00 8.8525     0.00    0.00    0.00    0.00    0.00
OF1342.0 -14.952    0.00 8.8525     0.00    0.00    0.00    0.00    0.00
OF1343.0 -14.952    0.00 8.8525     0.00    0.00    0.00    0.00    0.00
OF1348.0 -14.950    0.00 8.8525     0.00    0.00    0.00    0.00    0.00
OF1349.0 -14.950    0.00 8.8525     0.00    0.00    0.00    0.00    0.00
OF1354.0 -14.949    0.00 8.8525     0.00    0.00    0.00    0.00    0.00
OF1355.0 -14.948    0.00 8.8525     0.00    0.00    0.00    0.00    0.00
OF1360.0 -14.947    0.00 8.8525     0.00    0.00    0.00    0.00    0.00
OF1361.0 -14.946    0.00 8.8525     0.00    0.00    0.00    0.00    0.00
OF1366.0 -14.942    0.00 8.8525     0.00    0.00    0.00    0.00    0.00
OF1367.0 -14.940    0.00 8.8525     0.00    0.00    0.00    0.00    0.00
OF1372.0 -14.931    0.00 8.8525     0.00    0.00    0.00    0.00    0.00
OF1373.0 -14.929    0.00 8.8525     0.00    0.00    0.00    0.00    0.00
OF1378.0 -14.920    0.00 8.8525     0.00    0.00    0.00    0.00    0.00
OF1379.0 -14.918    0.00 8.8525     0.00    0.00    0.00    0.00    0.00
OF1384.0 -14.909    0.00 8.8525     0.00    0.00    0.00    0.00    0.00
OF1385.0 -14.907    0.00 8.8525     0.00    0.00    0.00    0.00    0.00
OF1390.0 -14.898    0.00 8.8525     0.00    0.00    0.00    0.00    0.00
OF1391.0 -14.896    0.00 8.8525     0.00    0.00    0.00    0.00    0.00
OF1396.0 -14.887    0.00 8.8525     0.00    0.00    0.00    0.00    0.00
OF1397.0 -14.885    0.00 8.8525     0.00    0.00    0.00    0.00    0.00
OF1402.0 -14.878    0.00 8.8525     0.00    0.00    0.00    0.00    0.00
OF1403.0 -14.877    0.00 8.8525     0.00    0.00    0.00    0.00    0.00
OF1408.0 -14.876    0.00 8.8525     0.00    0.00    0.00    0.00    0.00
OF1409.0 -14.876    0.00 8.8524     0.00    0.00    0.00    0.00    0.00
OF1414.0 -14.874    0.00 8.8524     0.00    0.00    0.00    0.00    0.00
OF1415.0 -14.874    0.00 8.8524     0.00    0.00    0.00    0.00    0.00
OF1420.0 -14.873    0.00 8.8524     0.00    0.00    0.00    0.00    0.00
OF1421.0 -14.872    0.00 8.8524     0.00    0.00    0.00    0.00    0.00
OF1426.0 -14.871    0.00 8.8524     0.00    0.00    0.00    0.00    0.00
OF1427.0 -14.871    0.00 8.8524     0.00    0.00    0.00    0.00    0.00
OF1432.0 -14.869    0.00 8.8524     0.00    0.00    0.00    0.00    0.00
OF1433.0 -14.869    0.00 8.8524     0.00    0.00    0.00    0.00    0.00
OF1438.0 -14.868    0.00 8.8523     0.00    0.00    0.00    0.00    0.00
OF1439.0 -14.867    0.00 8.8523     0.00    0.00    0.00    0.00    0.00
OF1444.0 -14.866    0.00 8.8523     0.00    0.00    0.00    0.00    0.00
OF1445.0 -14.866    0.00 8.8523     0.00    0.00    0.00    0.00    0.00
OF1450.0 -14.864    0.00 8.8523     0.00    0.00    0.00    0.00    0.00
OF1451.0 -14.864    0.00 8.8523     0.00    0.00    0.00    0.00    0.00
OF1456.0 -14.863    0.00 8.8523     0.00    0.00    0.00    0.00    0.00
OF1457.0 -14.862    0.00 8.8523     0.00    0.00    0.00    0.00    0.00
OF1462.0 -14.861    0.00 8.8522     0.00    0.00    0.00    0.00    0.00
OF1463.0 -14.861    0.00 8.8522     0.00    0.00    0.00    0.00    0.00
OF1468.0 -14.859    0.00 8.8522     0.00    0.00    0.00    0.00    0.00
OF1469.0 -14.859    0.00 8.8522     0.00    0.00    0.00    0.00    0.00
OF1474.0 -14.858    0.00 8.8522     0.00    0.00    0.00    0.00    0.00
OF1475.0 -14.857    0.00 8.8522     0.00    0.00    0.00    0.00    0.00
OF1480.0 -14.856    0.00 8.8522     0.00    0.00    0.00    0.00    0.00
OF1481.0 -14.856    0.00 8.8522     0.00    0.00    0.00    0.00    0.00
OF1486.0 -14.854    0.00 8.8522     0.00    0.00    0.00    0.00    0.00
OF1487.0 -14.854    0.00 8.8522     0.00    0.00    0.00    0.00    0.00
OF1492.0 -14.853    0.00 8.8521     0.00    0.00    0.00    0.00    0.00
OF1493.0 -14.852    0.00 8.8521     0.00    0.00    0.00    0.00    0.00
OF1498.0 -14.831    0.00 8.8521     0.00    0.00    0.00    0.00    0.00
OF1499.0 -14.824    0.00 8.8521     0.00    0.00    0.00    0.00    0.00
OF1504.0 -14.789    0.00 8.8521     0.00    0.00    0.00    0.00    0.00
OF1505.0 -14.782    0.00 8.8521     0.00    0.00    0.00    0.00    0.00
OF1510.0 -14.746    0.00 8.8521     0.00    0.00    0.00    0.00    0.00
OF1511.0 -14.739    0.00 8.8521     0.00    0.00    0.00    0.00    0.00
OF1516.0 -14.703    0.00 8.852      0.00    0.00    0.00    0.00    0.00
OF1517.0 -14.696    0.00 8.852      0.00    0.00    0.00    0.00    0.00
OF1522.0 -14.661    0.00 8.852      0.00    0.00    0.00    0.00    0.00
OF1523.0 -14.654    0.00 8.852      0.00    0.00    0.00    0.00    0.00
OF1528.0 -14.618    0.00 8.852      0.00    0.00    0.00    0.00    0.00
OF1529.0 -14.611    0.00 8.852      0.00    0.00    0.00    0.00    0.00
OF1534.0 -14.575    0.00 8.852      0.00    0.00    0.00    0.00    0.00
OF1535.0 -14.568    0.00 8.852      0.00    0.00    0.00    0.00    0.00
OF1540.0 -14.532    0.00 8.852      0.00    0.00    0.00    0.00    0.00
OF1541.0 -14.525    0.00 8.852      0.00    0.00    0.00    0.00    0.00
OF1546.0 -14.49     0.00 8.852      0.00    0.00    0.00    0.00    0.00
OF1547.0 -14.482    0.00 8.852      0.00    0.00    0.00    0.00    0.00
OF1552.0 -14.447    0.00 8.852      0.00    0.00    0.00    0.00    0.00
OF1553.0 -14.440    0.00 8.852      0.00    0.00    0.00    0.00    0.00
OF1558.0 -14.404    0.00 8.852      0.00    0.00    0.00    0.00    0.00
OF1559.0 -14.397    0.00 8.852      0.00    0.00    0.00    0.00    0.00
OF1564.0 -14.361    0.00 8.852      0.00    0.00    0.00    0.00    0.00
OF1565.0 -14.354    0.00 8.852      0.00    0.00    0.00    0.00    0.00
OF1570.0 -14.318    0.00 8.852      0.00    0.00    0.00    0.00    0.00
OF1571.0 -14.311    0.00 8.852      0.00    0.00    0.00    0.00    0.00
OF1576.0 -14.276    0.00 8.852      0.00    0.00    0.00    0.00    0.00
OF1577.0 -14.269    0.00 8.852      0.00    0.00    0.00    0.00    0.00
OF1582.0 -14.233    0.00 8.852      0.00    0.00    0.00    0.00    0.00
OF1583.0 -14.226    0.00 8.852      0.00    0.00    0.00    0.00    0.00
OF1588.0 -14.190    0.00 8.852      0.00    0.00    0.00    0.00    0.00
OF1589.0 -14.183    0.00 8.852      0.00    0.00    0.00    0.00    0.00
OF1594.0 -14.147    0.00 8.852      0.00    0.00    0.00    0.00    0.00
OF1595.0 -14.140    0.00 8.852      0.00    0.00    0.00    0.00    0.00
OF1600.0 -14.105    0.00 8.852      0.00    0.00    0.00    0.00    0.00
OF1601.0 -14.097    0.00 8.852      0.00    0.00    0.00    0.00    0.00
OF1606.0 -14.058    0.00 8.852      0.00    0.00    0.00    0.00    0.00
OF1607.0 -14.050    0.00 8.852      0.00    0.00    0.00    0.00    0.00
OF1612.0 -14.012    0.00 8.852      0.00    0.00    0.00    0.00    0.00
OF1613.0 -14.004    0.00 8.852      0.00    0.00    0.00    0.00    0.00
OF1618.0 -13.965    0.00 8.852      0.00    0.00    0.00    0.00    0.00
OF1619.0 -13.958    0.00 8.852      0.00    0.00    0.00    0.00    0.00
OF1624.0 -13.919    0.00 8.852      0.00    0.00    0.00    0.00    0.00
OF1625.0 -13.911    0.00 8.852      0.00    0.00    0.00    0.00    0.00
OF1630.0 -13.873    0.00 8.852      0.00    0.00    0.00    0.00    0.00
OF1631.0 -13.865    0.00 8.852      0.00    0.00    0.00    0.00    0.00
OF1636.0 -13.826    0.00 8.852      0.00    0.00    0.00    0.00    0.00
OF1637.0 -13.818    0.00 8.852      0.00    0.00    0.00    0.00    0.00
OF1642.0 -13.792    0.00 8.8519     0.00    0.00    0.00    0.00    0.00
OF1643.0 -13.786    0.00 8.8518     0.00    0.00    0.00    0.00    0.00
OF1648.0 -13.755    0.00 8.8517     0.00    0.00    0.00    0.00    0.00
OF1649.0 -13.748    0.00 8.8517     0.00    0.00    0.00    0.00    0.00
OF1654.0 -13.713    0.00 8.8517     0.00    0.00    0.00    0.00    0.00
OF1655.0 -13.706    0.00 8.8516     0.00    0.00    0.00    0.00    0.00
OF1660.0 -13.670    0.00 8.8516     0.00    0.00    0.00    0.00    0.00
OF1661.0 -13.663    0.00 8.8516     0.00    0.00    0.00    0.00    0.00
OF1666.0 -13.628    0.00 8.8515     0.00    0.00    0.00    0.00    0.00
OF1667.0 -13.621    0.00 8.8515     0.00    0.00    0.00    0.00    0.00
OF1672.0 -13.586    0.00 8.8514     0.00    0.00    0.00    0.00    0.00
OF1673.0 -13.579    0.00 8.8514     0.00    0.00    0.00    0.00    0.00
OF1678.0 -13.543    0.00 8.8513     0.00    0.00    0.00    0.00    0.00
OF1679.0 -13.536    0.00 8.8513     0.00    0.00    0.00    0.00    0.00
OF1684.0 -13.501    0.00 8.8512     0.00    0.00    0.00    0.00    0.00
OF1685.0 -13.494    0.00 8.8512     0.00    0.00    0.00    0.00    0.00
OF1690.0 -13.459    0.00 8.8512     0.00    0.00    0.00    0.00    0.00
OF1691.0 -13.452    0.00 8.8511     0.00    0.00    0.00    0.00    0.00
OF1696.0 -13.416    0.00 8.8511     0.00    0.00    0.00    0.00    0.00
OF1697.0 -13.409    0.00 8.8511     0.00    0.00    0.00    0.00    0.00
OF1702.0 -13.373    0.00 8.851      0.00    0.00    0.00    0.00    0.00
OF1703.0 -13.366    0.00 8.851      0.00    0.00    0.00    0.00    0.00
OF1708.0 -13.330    0.00 8.8509     0.00    0.00    0.00    0.00    0.00
OF1709.0 -13.323    0.00 8.8509     0.00    0.00    0.00    0.00    0.00
OF1714.0 -13.287    0.00 8.8508     0.00    0.00    0.00    0.00    0.00
OF1715.0 -13.279    0.00 8.8508     0.00    0.00    0.00    0.00    0.00
OF1720.0 -13.244    0.00 8.8507     0.00    0.00    0.00    0.00    0.00
OF1721.0 -13.236    0.00 8.8507     0.00    0.00    0.00    0.00    0.00
OF1726.0 -13.200    0.00 8.8506     0.00    0.00    0.00    0.00    0.00
OF1727.0 -13.193    0.00 8.8506     0.00    0.00    0.00    0.00    0.00
OF1732.0 -13.157    0.00 8.8505     0.00    0.00    0.00    0.00    0.00
OF1733.0 -13.150    0.00 8.8505     0.00    0.00    0.00    0.00    0.00
OF1738.0 -13.114    0.00 8.8504     0.00    0.00    0.00    0.00    0.00
OF1739.0 -13.107    0.00 8.8504     0.00    0.00    0.00    0.00    0.00
OF1744.0 -13.071    0.00 8.8503     0.00    0.00    0.00    0.00    0.00
OF1745.0 -13.064    0.00 8.8503     0.00    0.00    0.00    0.00    0.00
OF1750.0 -13.028    0.00 8.8502     0.00    0.00    0.00    0.00    0.00
OF1751.0 -13.021    0.00 8.8502     0.00    0.00    0.00    0.00    0.00
OF1756.0 -12.985    0.00 8.8501     0.00    0.00    0.00    0.00    0.00
OF1757.0 -12.977    0.00 8.8501     0.00    0.00    0.00    0.00    0.00
OF1762.0 -12.942    0.00 8.85       0.00    0.00    0.00    0.00    0.00
OF1763.0 -12.934    0.00 8.85       0.00    0.00    0.00    0.00    0.00
OF1768.0 -12.898    0.00 8.85       0.00    0.00    0.00    0.00    0.00
OF1769.0 -12.891    0.00 8.85       0.00    0.00    0.00    0.00    0.00
OF1774.0 -12.855    0.00 8.8499     0.00    0.00    0.00    0.00    0.00
OF1775.0 -12.848    0.00 8.8499     0.00    0.00    0.00    0.00    0.00
OF1780.0 -12.812    0.00 8.8499     0.00    0.00    0.00    0.00    0.00
OF1781.0 -12.805    0.00 8.8499     0.00    0.00    0.00    0.00    0.00
OF1786.0 -12.769    0.00 8.8499     0.00    0.00    0.00    0.00    0.00
OF1787.0 -12.762    0.00 8.8499     0.00    0.00    0.00    0.00    0.00
OF1792.0 -12.726    0.00 8.8499     0.00    0.00    0.00    0.00    0.00
OF1793.0 -12.719    0.00 8.8498     0.00    0.00    0.00    0.00    0.00
OF1798.0 -12.683    0.00 8.8498     0.00    0.00    0.00    0.00    0.00
OF1799.0 -12.675    0.00 8.8498     0.00    0.00    0.00    0.00    0.00
OF1804.0 -12.583    0.00 8.8498     0.00    0.00    0.00    0.00    0.00
OF1805.0 -12.564    0.00 8.8498     0.00    0.00    0.00    0.00    0.00
OF1810.0 -12.467    0.00 8.8497     0.00    0.00    0.00    0.00    0.00
OF1811.0 -12.447    0.00 8.8497     0.00    0.00    0.00    0.00    0.00
OF1816.0 -12.350    0.00 8.8496     0.00    0.00    0.00    0.00    0.00
OF1817.0 -12.330    0.00 8.8496     0.00    0.00    0.00    0.00    0.00
OF1822.0 -12.233    0.00 8.8496     0.00    0.00    0.00    0.00    0.00
OF1823.0 -12.213    0.00 8.8496     0.00    0.00    0.00    0.00    0.00
OF1828.0 -12.116    0.00 8.8495     0.00    0.00    0.00    0.00    0.00
OF1829.0 -12.096    0.00 8.8495     0.00    0.00    0.00    0.00    0.00
OF1834.0 -11.999    0.00 8.8494     0.00    0.00    0.00    0.00    0.00
OF1835.0 -11.98     0.00 8.8494     0.00    0.00    0.00    0.00    0.00
OF1840.0 -11.882    0.00 8.8494     0.00    0.00    0.00    0.00    0.00
OF1841.0 -11.863    0.00 8.8494     0.00    0.00    0.00    0.00    0.00
OF1846.0 -11.765    0.00 8.8493     0.00    0.00    0.00    0.00    0.00
OF1847.0 -11.746    0.00 8.8493     0.00    0.00    0.00    0.00    0.00
OF1852.0 -11.648    0.00 8.8493     0.00    0.00    0.00    0.00    0.00
OF1853.0 -11.629    0.00 8.8492     0.00    0.00    0.00    0.00    0.00
OF1858.0 -11.531    0.00 8.8492     0.00    0.00    0.00    0.00    0.00
OF1859.0 -11.512    0.00 8.8492     0.00    0.00    0.00    0.00    0.00
OF1864.0 -11.415    0.00 8.8491     0.00    0.00    0.00    0.00    0.00
OF1865.0 -11.395    0.00 8.8491     0.00    0.00    0.00    0.00    0.00
OF1870.0 -11.298    0.00 8.8491     0.00    0.00    0.00    0.00    0.00
OF1871.0 -11.278    0.00 8.849      0.00    0.00    0.00    0.00    0.00
OF1877.0 -11.161    0.00 8.849      0.00    0.00    0.00    0.00    0.00
OF1909.0 -11.104    0.00 8.8484     0.00    0.00    0.00    0.00    0.00
OF1937.0 -11.112    0.00 8.8478     0.00    0.00    0.00    0.00    0.00
OF1950.0 -11.115    0.00 8.8476     0.00    0.00    0.00    0.00    0.00
OF1953.0 -11.116    0.00 8.8475     0.00    0.00    0.00    0.00    0.00
OF1967.0 -11.394    0.00 8.8474     0.00    0.00    0.00    0.00    0.00
OF1968.0 -11.425    0.00 8.8474     0.00    0.00    0.00    0.00    0.00
OF1973.0 -11.413    0.00 8.8474     0.00    0.00    0.00    0.00    0.00
OF1974.0 -11.405    0.00 8.8474     0.00    0.00    0.00    0.00    0.00
OF1979.0 -11.369    0.00 8.8474     0.00    0.00    0.00    0.00    0.00
OF1980.0 -11.362    0.00 8.8474     0.00    0.00    0.00    0.00    0.00
OF1985.0 -11.325    0.00 8.8474     0.00    0.00    0.00    0.00    0.00
OF1986.0 -11.318    0.00 8.8473     0.00    0.00    0.00    0.00    0.00
OF1991.0 -11.281    0.00 8.8473     0.00    0.00    0.00    0.00    0.00
OF1992.0 -11.274    0.00 8.8473     0.00    0.00    0.00    0.00    0.00
OF1997.0 -11.238    0.00 8.8473     0.00    0.00    0.00    0.00    0.00
OF1998.0 -11.230    0.00 8.8473     0.00    0.00    0.00    0.00    0.00
OF2003.0 -11.194    0.00 8.8473     0.00    0.00    0.00    0.00    0.00
OF2004.0 -11.187    0.00 8.8473     0.00    0.00    0.00    0.00    0.00
OF2009.0 -11.150    0.00 8.8473     0.00    0.00    0.00    0.00    0.00
OF2010.0 -11.143    0.00 8.8473     0.00    0.00    0.00    0.00    0.00
OF2015.0 -11.106    0.00 8.8473     0.00    0.00    0.00    0.00    0.00
OF2016.0 -11.099    0.00 8.8473     0.00    0.00    0.00    0.00    0.00
OF2021.0 -11.062    0.00 8.8473     0.00    0.00    0.00    0.00    0.00
OF2022.0 -11.054    0.00 8.8473     0.00    0.00    0.00    0.00    0.00
OF2027.0 -11.018    0.00 8.8473     0.00    0.00    0.00    0.00    0.00
OF2028.0 -11.010    0.00 8.8473     0.00    0.00    0.00    0.00    0.00
OF2033.0 -10.973    0.00 8.8473     0.00    0.00    0.00    0.00    0.00
OF2034.0 -10.966    0.00 8.8473     0.00    0.00    0.00    0.00    0.00
OF2039.0 -10.929    0.00 8.8473     0.00    0.00    0.00    0.00    0.00
OF2040.0 -10.922    0.00 8.8473     0.00    0.00    0.00    0.00    0.00
OF2046.0 -10.878    0.00 8.8472     0.00    0.00    0.00    0.00    0.00
OF2051.0 -10.841    0.00 8.8472     0.00    0.00    0.00    0.00    0.00
OF2052.0 -10.833    0.00 8.8472     0.00    0.00    0.00    0.00    0.00
OF2063.0 -10.752    0.00 8.8472     0.00    0.00    0.00    0.00    0.00
OF2064.0 -10.745    0.00 8.8472     0.00    0.00    0.00    0.00    0.00
OF2075.0 -10.664    0.00 8.8472     0.00    0.00    0.00    0.00    0.00
OF2076.0 -10.657    0.00 8.8472     0.00    0.00    0.00    0.00    0.00
OF2087.0 -10.578    0.00 8.8472     0.00    0.00    0.00    0.00    0.00
OF2088.0 -10.571    0.00 8.8472     0.00    0.00    0.00    0.00    0.00
OF2099.0 -10.494    0.00 8.8472     0.00    0.00    0.00    0.00    0.00
OF2100.0 -10.487    0.00 8.8472     0.00    0.00    0.00    0.00    0.00
OF2111.0 -10.410    0.00 8.8471     0.00    0.00    0.00    0.00    0.00
OF2112.0 -10.404    0.00 8.8471     0.00    0.00    0.00    0.00    0.00
OF2123.0 -10.327    0.00 8.8471     0.00    0.00    0.00    0.00    0.00
OF2124.0 -10.320    0.00 8.8471     0.00    0.00    0.00    0.00    0.00
OF2135.0 -10.244    0.00 8.8471     0.00    0.00    0.00    0.00    0.00
OF2136.0 -10.237    0.00 8.8471     0.00    0.00    0.00    0.00    0.00
OF2147.0 -10.161    0.00 8.8471     0.00    0.00    0.00    0.00    0.00
OF2148.0 -10.154    0.00 8.8471     0.00    0.00    0.00    0.00    0.00
OF2159.0 -10.078    0.00 8.8471     0.00    0.00    0.00    0.00    0.00
OF2160.0 -10.071    0.00 8.8471     0.00    0.00    0.00    0.00    0.00
OF2171.0 -9.995     0.00 8.8471     0.00    0.00    0.00    0.00    0.00
OF2172.0 -9.9881    0.00 8.8471     0.00    0.00    0.00    0.00    0.00
OF2183.0 -9.9119    0.00 8.8471     0.00    0.00    0.00    0.00    0.00
OF2184.0 -9.9049    0.00 8.8471     0.00    0.00    0.00    0.00    0.00
OF2190.0 -9.8633    0.00 8.8471     0.00    0.00    0.00    0.00    0.00
OF2193.0 -9.8425    0.00 8.8471     0.00    0.00    0.00    0.00    0.00
OF2204.0 -9.7995    0.00 8.8471     0.00    0.00    0.00    0.00    0.00
OF2205.0 -9.7966    0.00 8.8471     0.00    0.00    0.00    0.00    0.00
OF2216.0 -9.7651    0.00 8.847      0.00    0.00    0.00    0.00    0.00
OF2217.0 -9.7622    0.00 8.847      0.00    0.00    0.00    0.00    0.00
OF2228.0 -9.7307    0.00 8.847      0.00    0.00    0.00    0.00    0.00
PS START(428206.0356,4848829.5743)
PS END(427526.8943,4848848.3598)
ET
 
 
 
