header
IE0.0    -50.257       1       1 8.8764  6.8258  10.7504   56.14   56.14
OF1.0    -50.117    0.00 8.8764     0.00    0.00    0.00    0.00    0.00
OF2.0    -49.978    0.00 8.8764     0.00    0.00    0.00    0.00    0.00
OF3.0    -49.839    0.00 8.8764     0.00    0.00    0.00    0.00    0.00
OF4.0    -49.700    0.00 8.8764     0.00    0.00    0.00    0.00    0.00
OF5.0    -49.561    0.00 8.8764     0.00    0.00    0.00    0.00    0.00
OF6.0    -49.422    0.00 8.8764     0.00    0.00    0.00    0.00    0.00
OF7.0    -49.282    0.00 8.8764     0.00    0.00    0.00    0.00    0.00
OF8.0    -49.143    0.00 8.8764     0.00    0.00    0.00    0.00    0.00
OF9.0    -49.003    0.00 8.8764     0.00    0.00    0.00    0.00    0.00
OF10.0   -48.864    0.00 8.8764     0.00    0.00    0.00    0.00    0.00
OF11.0   -48.725    0.00 8.8764     0.00    0.00    0.00    0.00    0.00
OF12.0   -48.586    0.00 8.8764     0.00    0.00    0.00    0.00    0.00
OF13.0   -48.440    0.00 8.8764     0.00    0.00    0.00    0.00    0.00
OF14.0   -48.295    0.00 8.8764     0.00    0.00    0.00    0.00    0.00
OF15.0   -48.149    0.00 8.8764     0.00    0.00    0.00    0.00    0.00
OF16.0   -48.003    0.00 8.8764     0.00    0.00    0.00    0.00    0.00
OF17.0   -47.858    0.00 8.8764     0.00    0.00    0.00    0.00    0.00
OF18.0   -47.712    0.00 8.8764     0.00    0.00    0.00    0.00    0.00
OF19.0   -47.566    0.00 8.8764     0.00    0.00    0.00    0.00    0.00
OF20.0   -47.420    0.00 8.8764     0.00    0.00    0.00    0.00    0.00
OF21.0   -47.275    0.00 8.8764     0.00    0.00    0.00    0.00    0.00
OF22.0   -47.129    0.00 8.8764     0.00    0.00    0.00    0.00    0.00
OF23.0   -46.984    0.00 8.8764     0.00    0.00    0.00    0.00    0.00
OF24.0   -46.838    0.00 8.8764     0.00    0.00    0.00    0.00    0.00
OF25.0   -46.693    0.00 8.8764     0.00    0.00    0.00    0.00    0.00
OF26.0   -46.547    0.00 8.8764     0.00    0.00    0.00    0.00    0.00
OF27.0   -46.401    0.00 8.8764     0.00    0.00    0.00    0.00    0.00
OF28.0   -46.256    0.00 8.8764     0.00    0.00    0.00    0.00    0.00
OF29.0   -46.110    0.00 8.8764     0.00    0.00    0.00    0.00    0.00
OF30.0   -45.964    0.00 8.8764     0.00    0.00    0.00    0.00    0.00
OF31.0   -45.818    0.00 8.8764     0.00    0.00    0.00    0.00    0.00
OF32.0   -45.673    0.00 8.8764     0.00    0.00    0.00    0.00    0.00
OF33.0   -45.527    0.00 8.8764     0.00    0.00    0.00    0.00    0.00
OF34.0   -45.381    0.00 8.8764     0.00    0.00    0.00    0.00    0.00
OF35.0   -45.236    0.00 8.8764     0.00    0.00    0.00    0.00    0.00
OF36.0   -45.091    0.00 8.8764     0.00    0.00    0.00    0.00    0.00
OF37.0   -44.944    0.00 8.8764     0.00    0.00    0.00    0.00    0.00
OF38.0   -44.799    0.00 8.8764     0.00    0.00    0.00    0.00    0.00
OF39.0   -44.653    0.00 8.8764     0.00    0.00    0.00    0.00    0.00
OF40.0   -44.508    0.00 8.8764     0.00    0.00    0.00    0.00    0.00
OF41.0   -44.362    0.00 8.8765     0.00    0.00    0.00    0.00    0.00
OF42.0   -44.216    0.00 8.8765     0.00    0.00    0.00    0.00    0.00
OF43.0   -44.071    0.00 8.8765     0.00    0.00    0.00    0.00    0.00
OF44.0   -43.925    0.00 8.8765     0.00    0.00    0.00    0.00    0.00
OF45.0   -43.779    0.00 8.8765     0.00    0.00    0.00    0.00    0.00
OF46.0   -43.634    0.00 8.8765     0.00    0.00    0.00    0.00    0.00
OF47.0   -43.488    0.00 8.8765     0.00    0.00    0.00    0.00    0.00
OF48.0   -43.342    0.00 8.8765     0.00    0.00    0.00    0.00    0.00
OF49.0   -43.197    0.00 8.8765     0.00    0.00    0.00    0.00    0.00
OF50.0   -43.051    0.00 8.8765     0.00    0.00    0.00    0.00    0.00
OF51.0   -42.905    0.00 8.8765     0.00    0.00    0.00    0.00    0.00
OF52.0   -42.760    0.00 8.8765     0.00    0.00    0.00    0.00    0.00
OF53.0   -42.614    0.00 8.8765     0.00    0.00    0.00    0.00    0.00
OF54.0   -42.469    0.00 8.8765     0.00    0.00    0.00    0.00    0.00
OF55.0   -42.323    0.00 8.8765     0.00    0.00    0.00    0.00    0.00
OF56.0   -42.177    0.00 8.8765     0.00    0.00    0.00    0.00    0.00
OF57.0   -42.032    0.00 8.8765     0.00    0.00    0.00    0.00    0.00
OF58.0   -41.886    0.00 8.8765     0.00    0.00    0.00    0.00    0.00
OF59.0   -41.740    0.00 8.8765     0.00    0.00    0.00    0.00    0.00
OF60.0   -41.595    0.00 8.8765     0.00    0.00    0.00    0.00    0.00
OF61.0   -41.449    0.00 8.8765     0.00    0.00    0.00    0.00    0.00
OF62.0   -41.303    0.00 8.8765     0.00    0.00    0.00    0.00    0.00
OF63.0   -41.158    0.00 8.8765     0.00    0.00    0.00    0.00    0.00
OF64.0   -41.012    0.00 8.8765     0.00    0.00    0.00    0.00    0.00
OF65.0   -40.866    0.00 8.8765     0.00    0.00    0.00    0.00    0.00
OF66.0   -40.721    0.00 8.8765     0.00    0.00    0.00    0.00    0.00
OF67.0   -40.575    0.00 8.8765     0.00    0.00    0.00    0.00    0.00
OF68.0   -40.429    0.00 8.8765     0.00    0.00    0.00    0.00    0.00
OF69.0   -40.284    0.00 8.8765     0.00    0.00    0.00    0.00    0.00
OF70.0   -40.138    0.00 8.8765     0.00    0.00    0.00    0.00    0.00
OF71.0   -39.993    0.00 8.8765     0.00    0.00    0.00    0.00    0.00
OF72.0   -39.847    0.00 8.8765     0.00    0.00    0.00    0.00    0.00
OF73.0   -39.701    0.00 8.8765     0.00    0.00    0.00    0.00    0.00
OF74.0   -39.556    0.00 8.8765     0.00    0.00    0.00    0.00    0.00
OF75.0   -39.410    0.00 8.8765     0.00    0.00    0.00    0.00    0.00
OF76.0   -39.264    0.00 8.8765     0.00    0.00    0.00    0.00    0.00
OF77.0   -39.119    0.00 8.8765     0.00    0.00    0.00    0.00    0.00
OF78.0   -38.973    0.00 8.8765     0.00    0.00    0.00    0.00    0.00
OF79.0   -38.827    0.00 8.8765     0.00    0.00    0.00    0.00    0.00
OF80.0   -38.682    0.00 8.8765     0.00    0.00    0.00    0.00    0.00
OF81.0   -38.536    0.00 8.8765     0.00    0.00    0.00    0.00    0.00
OF82.0   -38.390    0.00 8.8765     0.00    0.00    0.00    0.00    0.00
OF83.0   -38.245    0.00 8.8765     0.00    0.00    0.00    0.00    0.00
OF84.0   -38.099    0.00 8.8765     0.00    0.00    0.00    0.00    0.00
OF85.0   -37.954    0.00 8.8765     0.00    0.00    0.00    0.00    0.00
OF86.0   -37.808    0.00 8.8765     0.00    0.00    0.00    0.00    0.00
OF87.0   -37.662    0.00 8.8765     0.00    0.00    0.00    0.00    0.00
OF88.0   -37.517    0.00 8.8765     0.00    0.00    0.00    0.00    0.00
OF89.0   -37.371    0.00 8.8765     0.00    0.00    0.00    0.00    0.00
OF90.0   -37.290    0.00 8.8765     0.00    0.00    0.00    0.00    0.00
OF91.0   -37.220    0.00 8.8765     0.00    0.00    0.00    0.00    0.00
OF92.0   -37.150    0.00 8.8765     0.00    0.00    0.00    0.00    0.00
OF93.0   -37.080    0.00 8.8765     0.00    0.00    0.00    0.00    0.00
OF94.0   -37.010    0.00 8.8765     0.00    0.00    0.00    0.00    0.00
OF95.0   -36.940    0.00 8.8765     0.00    0.00    0.00    0.00    0.00
OF96.0   -36.871    0.00 8.8765     0.00    0.00    0.00    0.00    0.00
OF97.0   -36.801    0.00 8.8765     0.00    0.00    0.00    0.00    0.00
OF98.0   -36.731    0.00 8.8765     0.00    0.00    0.00    0.00    0.00
OF99.0   -36.661    0.00 8.8765     0.00    0.00    0.00    0.00    0.00
OF100.0  -36.591    0.00 8.8765     0.00    0.00    0.00    0.00    0.00
OF101.0  -36.522    0.00 8.8765     0.00    0.00    0.00    0.00    0.00
OF102.0  -36.452    0.00 8.8765     0.00    0.00    0.00    0.00    0.00
OF103.0  -36.382    0.00 8.8765     0.00    0.00    0.00    0.00    0.00
OF104.0  -36.312    0.00 8.8765     0.00    0.00    0.00    0.00    0.00
OF105.0  -36.242    0.00 8.8765     0.00    0.00    0.00    0.00    0.00
OF106.0  -36.172    0.00 8.8765     0.00    0.00    0.00    0.00    0.00
OF107.0  -36.103    0.00 8.8765     0.00    0.00    0.00    0.00    0.00
OF108.0  -36.033    0.00 8.8765     0.00    0.00    0.00    0.00    0.00
OF109.0  -35.963    0.00 8.8765     0.00    0.00    0.00    0.00    0.00
OF110.0  -35.893    0.00 8.8765     0.00    0.00    0.00    0.00    0.00
OF111.0  -35.823    0.00 8.8765     0.00    0.00    0.00    0.00    0.00
OF112.0  -35.753    0.00 8.8765     0.00    0.00    0.00    0.00    0.00
OF113.0  -35.684    0.00 8.8765     0.00    0.00    0.00    0.00    0.00
OF114.0  -35.614    0.00 8.8765     0.00    0.00    0.00    0.00    0.00
OF115.0  -35.544    0.00 8.8765     0.00    0.00    0.00    0.00    0.00
OF116.0  -35.474    0.00 8.8765     0.00    0.00    0.00    0.00    0.00
OF117.0  -35.404    0.00 8.8765     0.00    0.00    0.00    0.00    0.00
OF118.0  -35.335    0.00 8.8765     0.00    0.00    0.00    0.00    0.00
OF119.0  -35.265    0.00 8.8765     0.00    0.00    0.00    0.00    0.00
OF120.0  -35.195    0.00 8.8765     0.00    0.00    0.00    0.00    0.00
OF121.0  -35.125    0.00 8.8765     0.00    0.00    0.00    0.00    0.00
OF122.0  -35.055    0.00 8.8765     0.00    0.00    0.00    0.00    0.00
OF123.0  -34.985    0.00 8.8765     0.00    0.00    0.00    0.00    0.00
OF124.0  -34.916    0.00 8.8765     0.00    0.00    0.00    0.00    0.00
OF125.0  -34.846    0.00 8.8765     0.00    0.00    0.00    0.00    0.00
OF126.0  -34.776    0.00 8.8765     0.00    0.00    0.00    0.00    0.00
OF127.0  -34.706    0.00 8.8765     0.00    0.00    0.00    0.00    0.00
OF128.0  -34.636    0.00 8.8765     0.00    0.00    0.00    0.00    0.00
OF129.0  -34.567    0.00 8.8765     0.00    0.00    0.00    0.00    0.00
OF130.0  -34.497    0.00 8.8765     0.00    0.00    0.00    0.00    0.00
OF131.0  -34.427    0.00 8.8765     0.00    0.00    0.00    0.00    0.00
OF132.0  -34.357    0.00 8.8765     0.00    0.00    0.00    0.00    0.00
OF133.0  -34.287    0.00 8.8765     0.00    0.00    0.00    0.00    0.00
OF134.0  -34.217    0.00 8.8765     0.00    0.00    0.00    0.00    0.00
OF135.0  -34.148    0.00 8.8765     0.00    0.00    0.00    0.00    0.00
OF136.0  -34.078    0.00 8.8766     0.00    0.00    0.00    0.00    0.00
OF137.0  -34.008    0.00 8.8766     0.00    0.00    0.00    0.00    0.00
OF138.0  -33.938    0.00 8.8766     0.00    0.00    0.00    0.00    0.00
OF139.0  -33.868    0.00 8.8766     0.00    0.00    0.00    0.00    0.00
OF140.0  -33.798    0.00 8.8766     0.00    0.00    0.00    0.00    0.00
OF141.0  -33.729    0.00 8.8766     0.00    0.00    0.00    0.00    0.00
OF142.0  -33.659    0.00 8.8766     0.00    0.00    0.00    0.00    0.00
OF143.0  -33.589    0.00 8.8766     0.00    0.00    0.00    0.00    0.00
OF144.0  -33.519    0.00 8.8766     0.00    0.00    0.00    0.00    0.00
OF145.0  -33.449    0.00 8.8766     0.00    0.00    0.00    0.00    0.00
OF146.0  -33.38     0.00 8.8766     0.00    0.00    0.00    0.00    0.00
OF147.0  -33.305    0.00 8.8766     0.00    0.00    0.00    0.00    0.00
OF148.0  -33.226    0.00 8.8765     0.00    0.00    0.00    0.00    0.00
OF149.0  -33.147    0.00 8.8765     0.00    0.00    0.00    0.00    0.00
OF150.0  -33.068    0.00 8.8765     0.00    0.00    0.00    0.00    0.00
OF151.0  -32.989    0.00 8.8765     0.00    0.00    0.00    0.00    0.00
OF152.0  -32.910    0.00 8.8765     0.00    0.00    0.00    0.00    0.00
OF153.0  -32.831    0.00 8.8765     0.00    0.00    0.00    0.00    0.00
OF154.0  -32.752    0.00 8.8765     0.00    0.00    0.00    0.00    0.00
OF155.0  -32.673    0.00 8.8765     0.00    0.00    0.00    0.00    0.00
OF156.0  -32.594    0.00 8.8765     0.00    0.00    0.00    0.00    0.00
OF157.0  -32.515    0.00 8.8764     0.00    0.00    0.00    0.00    0.00
OF158.0  -32.436    0.00 8.8764     0.00    0.00    0.00    0.00    0.00
OF159.0  -32.357    0.00 8.8764     0.00    0.00    0.00    0.00    0.00
OF160.0  -32.278    0.00 8.8764     0.00    0.00    0.00    0.00    0.00
OF161.0  -32.199    0.00 8.8764     0.00    0.00    0.00    0.00    0.00
OF162.0  -32.120    0.00 8.8764     0.00    0.00    0.00    0.00    0.00
OF163.0  -32.041    0.00 8.8764     0.00    0.00    0.00    0.00    0.00
OF164.0  -31.962    0.00 8.8764     0.00    0.00    0.00    0.00    0.00
OF165.0  -31.883    0.00 8.8764     0.00    0.00    0.00    0.00    0.00
OF166.0  -31.804    0.00 8.8764     0.00    0.00    0.00    0.00    0.00
OF167.0  -31.725    0.00 8.8763     0.00    0.00    0.00    0.00    0.00
OF168.0  -31.646    0.00 8.8763     0.00    0.00    0.00    0.00    0.00
OF169.0  -31.567    0.00 8.8763     0.00    0.00    0.00    0.00    0.00
OF170.0  -31.488    0.00 8.8763     0.00    0.00    0.00    0.00    0.00
OF171.0  -31.409    0.00 8.8763     0.00    0.00    0.00    0.00    0.00
OF172.0  -31.330    0.00 8.8763     0.00    0.00    0.00    0.00    0.00
OF173.0  -31.251    0.00 8.8763     0.00    0.00    0.00    0.00    0.00
OF174.0  -31.172    0.00 8.8763     0.00    0.00    0.00    0.00    0.00
OF175.0  -31.093    0.00 8.8763     0.00    0.00    0.00    0.00    0.00
OF176.0  -31.014    0.00 8.8762     0.00    0.00    0.00    0.00    0.00
OF177.0  -30.935    0.00 8.8763     0.00    0.00    0.00    0.00    0.00
OF178.0  -30.856    0.00 8.8763     0.00    0.00    0.00    0.00    0.00
OF179.0  -30.777    0.00 8.8763     0.00    0.00    0.00    0.00    0.00
OF180.0  -30.698    0.00 8.8763     0.00    0.00    0.00    0.00    0.00
OF181.0  -30.619    0.00 8.8763     0.00    0.00    0.00    0.00    0.00
OF182.0  -30.540    0.00 8.8763     0.00    0.00    0.00    0.00    0.00
OF183.0  -30.461    0.00 8.8763     0.00    0.00    0.00    0.00    0.00
OF184.0  -30.382    0.00 8.8763     0.00    0.00    0.00    0.00    0.00
OF185.0  -30.303    0.00 8.8763     0.00    0.00    0.00    0.00    0.00
OF186.0  -30.224    0.00 8.8763     0.00    0.00    0.00    0.00    0.00
OF187.0  -30.145    0.00 8.8763     0.00    0.00    0.00    0.00    0.00
OF188.0  -30.066    0.00 8.8763     0.00    0.00    0.00    0.00    0.00
OF189.0  -29.987    0.00 8.8763     0.00    0.00    0.00    0.00    0.00
OF190.0  -29.908    0.00 8.8763     0.00    0.00    0.00    0.00    0.00
OF191.0  -29.829    0.00 8.8763     0.00    0.00    0.00    0.00    0.00
OF192.0  -29.750    0.00 8.8763     0.00    0.00    0.00    0.00    0.00
OF193.0  -29.671    0.00 8.8763     0.00    0.00    0.00    0.00    0.00
OF194.0  -29.592    0.00 8.8763     0.00    0.00    0.00    0.00    0.00
OF195.0  -29.513    0.00 8.8764     0.00    0.00    0.00    0.00    0.00
OF196.0  -29.434    0.00 8.8764     0.00    0.00    0.00    0.00    0.00
OF197.0  -29.355    0.00 8.8764     0.00    0.00    0.00    0.00    0.00
OF198.0  -29.276    0.00 8.8764     0.00    0.00    0.00    0.00    0.00
OF199.0  -29.197    0.00 8.8764     0.00    0.00    0.00    0.00    0.00
OF200.0  -29.118    0.00 8.8764     0.00    0.00    0.00    0.00    0.00
OF201.0  -29.039    0.00 8.8764     0.00    0.00    0.00    0.00    0.00
OF202.0  -28.960    0.00 8.8764     0.00    0.00    0.00    0.00    0.00
OF203.0  -28.881    0.00 8.8764     0.00    0.00    0.00    0.00    0.00
OF204.0  -28.802    0.00 8.8764     0.00    0.00    0.00    0.00    0.00
OF205.0  -28.723    0.00 8.8764     0.00    0.00    0.00    0.00    0.00
OF206.0  -28.644    0.00 8.8764     0.00    0.00    0.00    0.00    0.00
OF207.0  -28.565    0.00 8.8764     0.00    0.00    0.00    0.00    0.00
OF208.0  -28.486    0.00 8.8764     0.00    0.00    0.00    0.00    0.00
OF209.0  -28.407    0.00 8.8764     0.00    0.00    0.00    0.00    0.00
OF210.0  -28.328    0.00 8.8764     0.00    0.00    0.00    0.00    0.00
OF211.0  -28.249    0.00 8.8764     0.00    0.00    0.00    0.00    0.00
OF212.0  -28.170    0.00 8.8764     0.00    0.00    0.00    0.00    0.00
OF213.0  -28.091    0.00 8.8765     0.00    0.00    0.00    0.00    0.00
OF214.0  -28.012    0.00 8.8765     0.00    0.00    0.00    0.00    0.00
OF215.0  -27.933    0.00 8.8765     0.00    0.00    0.00    0.00    0.00
OF216.0  -27.854    0.00 8.8765     0.00    0.00    0.00    0.00    0.00
OF217.0  -27.775    0.00 8.8765     0.00    0.00    0.00    0.00    0.00
OF218.0  -27.696    0.00 8.8765     0.00    0.00    0.00    0.00    0.00
OF219.0  -27.617    0.00 8.8765     0.00    0.00    0.00    0.00    0.00
OF220.0  -27.538    0.00 8.8765     0.00    0.00    0.00    0.00    0.00
OF221.0  -27.459    0.00 8.8765     0.00    0.00    0.00    0.00    0.00
OF222.0  -27.379    0.00 8.8765     0.00    0.00    0.00    0.00    0.00
OF223.0  -27.301    0.00 8.8765     0.00    0.00    0.00    0.00    0.00
OF224.0  -27.222    0.00 8.8765     0.00    0.00    0.00    0.00    0.00
OF225.0  -27.143    0.00 8.8765     0.00    0.00    0.00    0.00    0.00
OF226.0  -27.064    0.00 8.8765     0.00    0.00    0.00    0.00    0.00
OF227.0  -26.985    0.00 8.8765     0.00    0.00    0.00    0.00    0.00
OF228.0  -26.906    0.00 8.8765     0.00    0.00    0.00    0.00    0.00
OF229.0  -26.827    0.00 8.8765     0.00    0.00    0.00    0.00    0.00
OF230.0  -26.747    0.00 8.8765     0.00    0.00    0.00    0.00    0.00
OF231.0  -26.669    0.00 8.8765     0.00    0.00    0.00    0.00    0.00
OF232.0  -26.59     0.00 8.8766     0.00    0.00    0.00    0.00    0.00
OF233.0  -26.510    0.00 8.8766     0.00    0.00    0.00    0.00    0.00
OF234.0  -26.432    0.00 8.8766     0.00    0.00    0.00    0.00    0.00
OF235.0  -26.353    0.00 8.8766     0.00    0.00    0.00    0.00    0.00
OF236.0  -26.273    0.00 8.8766     0.00    0.00    0.00    0.00    0.00
OF237.0  -26.195    0.00 8.8766     0.00    0.00    0.00    0.00    0.00
OF238.0  -26.116    0.00 8.8766     0.00    0.00    0.00    0.00    0.00
OF239.0  -26.037    0.00 8.8766     0.00    0.00    0.00    0.00    0.00
OF240.0  -25.958    0.00 8.8766     0.00    0.00    0.00    0.00    0.00
OF241.0  -25.878    0.00 8.8766     0.00    0.00    0.00    0.00    0.00
OF242.0  -25.8      0.00 8.8766     0.00    0.00    0.00    0.00    0.00
OF243.0  -25.721    0.00 8.8766     0.00    0.00    0.00    0.00    0.00
OF244.0  -25.641    0.00 8.8766     0.00    0.00    0.00    0.00    0.00
OF245.0  -25.562    0.00 8.8766     0.00    0.00    0.00    0.00    0.00
OF246.0  -25.484    0.00 8.8766     0.00    0.00    0.00    0.00    0.00
OF247.0  -25.404    0.00 8.8766     0.00    0.00    0.00    0.00    0.00
OF248.0  -25.325    0.00 8.8766     0.00    0.00    0.00    0.00    0.00
OF249.0  -25.247    0.00 8.8766     0.00    0.00    0.00    0.00    0.00
OF250.0  -25.167    0.00 8.8767     0.00    0.00    0.00    0.00    0.00
OF251.0  -25.088    0.00 8.8767     0.00    0.00    0.00    0.00    0.00
OF252.0  -25.009    0.00 8.8767     0.00    0.00    0.00    0.00    0.00
OF253.0  -24.930    0.00 8.8767     0.00    0.00    0.00    0.00    0.00
OF254.0  -24.852    0.00 8.8767     0.00    0.00    0.00    0.00    0.00
OF255.0  -24.772    0.00 8.8767     0.00    0.00    0.00    0.00    0.00
OF256.0  -24.693    0.00 8.8767     0.00    0.00    0.00    0.00    0.00
OF257.0  -24.615    0.00 8.8767     0.00    0.00    0.00    0.00    0.00
OF258.0  -24.535    0.00 8.8767     0.00    0.00    0.00    0.00    0.00
OF259.0  -24.456    0.00 8.8767     0.00    0.00    0.00    0.00    0.00
OF261.0  -24.217    0.00 8.8767     0.00    0.00    0.00    0.00    0.00
OF262.0  -23.876    0.00 8.8767     0.00    0.00    0.00    0.00    0.00
OF264.0  -23.192    0.00 8.8768     0.00    0.00    0.00    0.00    0.00
OF265.0  -22.850    0.00 8.8768     0.00    0.00    0.00    0.00    0.00
OF267.0  -22.167    0.00 8.8769     0.00    0.00    0.00    0.00    0.00
OF268.0  -21.824    0.00 8.8769     0.00    0.00    0.00    0.00    0.00
OF270.0  -21.141    0.00 8.877      0.00    0.00    0.00    0.00    0.00
OF271.0  -20.799    0.00 8.877      0.00    0.00    0.00    0.00    0.00
OF273.0  -20.116    0.00 8.877      0.00    0.00    0.00    0.00    0.00
OF274.0  -19.774    0.00 8.8771     0.00    0.00    0.00    0.00    0.00
OF277.0  -18.749    0.00 8.8772     0.00    0.00    0.00    0.00    0.00
OF279.0  -18.388    0.00 8.8773     0.00    0.00    0.00    0.00    0.00
OF280.0  -18.258    0.00 8.8774     0.00    0.00    0.00    0.00    0.00
OF282.0  -17.998    0.00 8.8777     0.00    0.00    0.00    0.00    0.00
OF283.0  -17.868    0.00 8.8778     0.00    0.00    0.00    0.00    0.00
OF285.0  -17.608    0.00 8.878      0.00    0.00    0.00    0.00    0.00
OF286.0  -17.477    0.00 8.8781     0.00    0.00    0.00    0.00    0.00
OF288.0  -17.218    0.00 8.8783     0.00    0.00    0.00    0.00    0.00
OF289.0  -17.087    0.00 8.8784     0.00    0.00    0.00    0.00    0.00
OF291.0  -16.827    0.00 8.8787     0.00    0.00    0.00    0.00    0.00
OF292.0  -16.697    0.00 8.8788     0.00    0.00    0.00    0.00    0.00
OF294.0  -16.436    0.00 8.879      0.00    0.00    0.00    0.00    0.00
OF295.0  -16.307    0.00 8.8791     0.00    0.00    0.00    0.00    0.00
OF297.0  -16.046    0.00 8.8793     0.00    0.00    0.00    0.00    0.00
OF298.0  -15.917    0.00 8.8795     0.00    0.00    0.00    0.00    0.00
OF303.0  -15.183    0.00 8.88       0.00    0.00    0.00    0.00    0.00
OF304.0  -14.966    0.00 8.8801     0.00    0.00    0.00    0.00    0.00
OF309.0  -13.886    0.00 8.8805     0.00    0.00    0.00    0.00    0.00
OF310.0  -13.670    0.00 8.8806     0.00    0.00    0.00    0.00    0.00
OF315.0  -12.590    0.00 8.881      0.00    0.00    0.00    0.00    0.00
OF316.0  -12.374    0.00 8.8811     0.00    0.00    0.00    0.00    0.00
OF321.0  -11.294    0.00 8.8815     0.00    0.00    0.00    0.00    0.00
OF322.0  -11.078    0.00 8.8816     0.00    0.00    0.00    0.00    0.00
OF327.0  -9.9977    0.00 8.882      0.00    0.00    0.00    0.00    0.00
OF328.0  -9.7821    0.00 8.8821     0.00    0.00    0.00    0.00    0.00
OF333.0  -8.7018    0.00 8.8825     0.00    0.00    0.00    0.00    0.00
OF334.0  -8.4862    0.00 8.8826     0.00    0.00    0.00    0.00    0.00
OF340.0  -7.1897    0.00 8.8831     0.00    0.00    0.00    0.00    0.00
OF346.0  -6.3535    0.00 8.8828     0.00    0.00    0.00    0.00    0.00
OF352.0  -5.5733    0.00 8.8824     0.00    0.00    0.00    0.00    0.00
IF414.0  2.901      0.00 8.88       0.00    0.00    0.00    0.00    0.00
IF419.9  6.8957     0.00 9.2097     0.00    0.00    0.00    0.00    0.00
IF421.0  9.2097     0.00 9.2097     0.00    0.00    0.00    0.00    0.00
AS425.5  8.8803     0.00 8.8803     0.00    0.00    0.00    0.00    0.00
IF445.5  8.3563     0.00 8.8803     0.00    0.00    0.00    0.00    0.00
IF457.2  8.8803     0.00 8.8803     0.00    0.00    0.00    0.00    0.00
AS463.7  8.8803     0.00 8.8803     0.00    0.00    0.00    0.00    0.00
IF469.5  8.3563     0.00 8.8803     0.00    0.00    0.00    0.00    0.00
IF481.5  8.6516     0.00 8.8803     0.00    0.00    0.00    0.00    0.00
IF486.3  8.8803     0.00 8.8803     0.00    0.00    0.00    0.00    0.00
AS505.5  8.8803     0.00 8.8803     0.00    0.00    0.00    0.00    0.00
IF507.0  8.8451     0.00 8.8803     0.00    0.00    0.00    0.00    0.00
IF507.8  8.8803     0.00 8.8803     0.00    0.00    0.00    0.00    0.00
AS804.3  8.8905     0.00 8.8905     0.00    0.00    0.00    0.00    0.00
IF807.5  8.3235     0.00 8.8905     0.00    0.00    0.00    0.00    0.00
IF831.0  5.2428     0.00 8.8905     0.00    0.00    0.00    0.00    0.00
IF843.5  3.3366     0.00 8.8905     0.00    0.00    0.00    0.00    0.00
OF1120.0 -9.5256    0.00 8.8908     0.00    0.00    0.00    0.00    0.00
OF1121.0 -9.5297    0.00 8.8909     0.00    0.00    0.00    0.00    0.00
OF1126.0 -9.3966    0.00 8.8909     0.00    0.00    0.00    0.00    0.00
OF1127.0 -9.37      0.00 8.8909     0.00    0.00    0.00    0.00    0.00
OF1132.0 -9.2368    0.00 8.8909     0.00    0.00    0.00    0.00    0.00
OF1133.0 -9.2102    0.00 8.8909     0.00    0.00    0.00    0.00    0.00
OF1138.0 -9.0771    0.00 8.8909     0.00    0.00    0.00    0.00    0.00
OF1139.0 -9.0504    0.00 8.891      0.00    0.00    0.00    0.00    0.00
OF1144.0 -8.9173    0.00 8.891      0.00    0.00    0.00    0.00    0.00
OF1145.0 -8.8907    0.00 8.891      0.00    0.00    0.00    0.00    0.00
OF1150.0 -8.7575    0.00 8.891      0.00    0.00    0.00    0.00    0.00
OF1151.0 -8.7309    0.00 8.891      0.00    0.00    0.00    0.00    0.00
OF1156.0 -8.5978    0.00 8.891      0.00    0.00    0.00    0.00    0.00
OF1157.0 -8.5711    0.00 8.891      0.00    0.00    0.00    0.00    0.00
OF1162.0 -8.4379    0.00 8.8911     0.00    0.00    0.00    0.00    0.00
OF1163.0 -8.4114    0.00 8.8911     0.00    0.00    0.00    0.00    0.00
OF1168.0 -8.2782    0.00 8.8911     0.00    0.00    0.00    0.00    0.00
OF1169.0 -8.2516    0.00 8.8911     0.00    0.00    0.00    0.00    0.00
OF1174.0 -8.1184    0.00 8.8911     0.00    0.00    0.00    0.00    0.00
OF1175.0 -8.0918    0.00 8.8911     0.00    0.00    0.00    0.00    0.00
OF1180.0 -7.9587    0.00 8.8911     0.00    0.00    0.00    0.00    0.00
OF1181.0 -7.932     0.00 8.8911     0.00    0.00    0.00    0.00    0.00
OF1186.0 -7.7989    0.00 8.8911     0.00    0.00    0.00    0.00    0.00
OF1187.0 -7.7723    0.00 8.8911     0.00    0.00    0.00    0.00    0.00
OF1192.0 -7.6392    0.00 8.8911     0.00    0.00    0.00    0.00    0.00
OF1193.0 -7.6125    0.00 8.8911     0.00    0.00    0.00    0.00    0.00
OF1199.0 -7.4527    0.00 8.8911     0.00    0.00    0.00    0.00    0.00
OF1204.0 -7.3196    0.00 8.8911     0.00    0.00    0.00    0.00    0.00
OF1205.0 -7.293     0.00 8.8911     0.00    0.00    0.00    0.00    0.00
OF1216.0 -7         0.00 8.8911     0.00    0.00    0.00    0.00    0.00
OF1217.0 -6.9735    0.00 8.8911     0.00    0.00    0.00    0.00    0.00
OF1228.0 -6.6806    0.00 8.891      0.00    0.00    0.00    0.00    0.00
OF1229.0 -6.6539    0.00 8.891      0.00    0.00    0.00    0.00    0.00
OF1240.0 -6.361     0.00 8.891      0.00    0.00    0.00    0.00    0.00
OF1241.0 -6.3343    0.00 8.891      0.00    0.00    0.00    0.00    0.00
OF1252.0 -6.0414    0.00 8.891      0.00    0.00    0.00    0.00    0.00
OF1253.0 -6.0148    0.00 8.891      0.00    0.00    0.00    0.00    0.00
OF1264.0 -5.7219    0.00 8.891      0.00    0.00    0.00    0.00    0.00
OF1265.0 -5.6953    0.00 8.891      0.00    0.00    0.00    0.00    0.00
OF1277.0 -5.4754    0.00 8.8909     0.00    0.00    0.00    0.00    0.00
OF1278.0 -5.46      0.00 8.8909     0.00    0.00    0.00    0.00    0.00
OF1289.0 -5.2907    0.00 8.8908     0.00    0.00    0.00    0.00    0.00
OF1290.0 -5.2753    0.00 8.8908     0.00    0.00    0.00    0.00    0.00
OF1301.0 -5.106     0.00 8.8907     0.00    0.00    0.00    0.00    0.00
OF1302.0 -5.0905    0.00 8.8907     0.00    0.00    0.00    0.00    0.00
OF1313.0 -4.9212    0.00 8.8906     0.00    0.00    0.00    0.00    0.00
OF1314.0 -4.9058    0.00 8.8905     0.00    0.00    0.00    0.00    0.00
OF1325.0 -4.7365    0.00 8.8904     0.00    0.00    0.00    0.00    0.00
OF1326.0 -4.7211    0.00 8.8904     0.00    0.00    0.00    0.00    0.00
OF1337.0 -4.5518    0.00 8.8903     0.00    0.00    0.00    0.00    0.00
OF1338.0 -4.5364    0.00 8.8903     0.00    0.00    0.00    0.00    0.00
OF1349.0 -4.3671    0.00 8.8902     0.00    0.00    0.00    0.00    0.00
OF1350.0 -4.3517    0.00 8.8902     0.00    0.00    0.00    0.00    0.00
OF1361.0 -4.1824    0.00 8.8901     0.00    0.00    0.00    0.00    0.00
OF1362.0 -4.167     0.00 8.8901     0.00    0.00    0.00    0.00    0.00
OF1373.0 -3.9977    0.00 8.89       0.00    0.00    0.00    0.00    0.00
OF1374.0 -3.9822    0.00 8.89       0.00    0.00    0.00    0.00    0.00
OF1411.0 -4.0804    0.00 8.8899     0.00    0.00    0.00    0.00    0.00
OF1496.0 -4.1482    0.00 8.8913     0.00    0.00    0.00    0.00    0.00
OF1497.0 -4.1489    0.00 8.8914     0.00    0.00    0.00    0.00    0.00
OF1508.0 -4.1415    0.00 8.8914     0.00    0.00    0.00    0.00    0.00
OF1509.0 -4.1407    0.00 8.8915     0.00    0.00    0.00    0.00    0.00
OF1527.0 -4.1264    0.00 8.8916     0.00    0.00    0.00    0.00    0.00
OF1530.0 -4.1241    0.00 8.8916     0.00    0.00    0.00    0.00    0.00
OF1541.0 -4.1135    0.00 8.8917     0.00    0.00    0.00    0.00    0.00
OF1542.0 -4.1123    0.00 8.8917     0.00    0.00    0.00    0.00    0.00
OF1553.0 -4.1001    0.00 8.8917     0.00    0.00    0.00    0.00    0.00
OF1554.0 -4.0989    0.00 8.8918     0.00    0.00    0.00    0.00    0.00
OF1565.0 -4.0866    0.00 8.8918     0.00    0.00    0.00    0.00    0.00
OF1566.0 -4.0855    0.00 8.8918     0.00    0.00    0.00    0.00    0.00
OF1577.0 -4.0732    0.00 8.8919     0.00    0.00    0.00    0.00    0.00
OF1578.0 -4.0721    0.00 8.8919     0.00    0.00    0.00    0.00    0.00
OF1589.0 -4.0598    0.00 8.8919     0.00    0.00    0.00    0.00    0.00
OF1590.0 -4.0587    0.00 8.892      0.00    0.00    0.00    0.00    0.00
OF1601.0 -4.0463    0.00 8.892      0.00    0.00    0.00    0.00    0.00
OF1602.0 -4.0452    0.00 8.892      0.00    0.00    0.00    0.00    0.00
OF1638.0 -4.1806    0.00 8.892      0.00    0.00    0.00    0.00    0.00
OF1639.0 -4.1849    0.00 8.892      0.00    0.00    0.00    0.00    0.00
OF1650.0 -4.1614    0.00 8.8921     0.00    0.00    0.00    0.00    0.00
OF1651.0 -4.1587    0.00 8.8921     0.00    0.00    0.00    0.00    0.00
OF1662.0 -4.1283    0.00 8.8922     0.00    0.00    0.00    0.00    0.00
OF1663.0 -4.1256    0.00 8.8922     0.00    0.00    0.00    0.00    0.00
OF1674.0 -4.0952    0.00 8.8923     0.00    0.00    0.00    0.00    0.00
OF1675.0 -4.0925    0.00 8.8923     0.00    0.00    0.00    0.00    0.00
OF1686.0 -4.0621    0.00 8.8924     0.00    0.00    0.00    0.00    0.00
OF1687.0 -4.0594    0.00 8.8924     0.00    0.00    0.00    0.00    0.00
OF1715.0 -4.1693    0.00 8.8926     0.00    0.00    0.00    0.00    0.00
OF1716.0 -4.1741    0.00 8.8926     0.00    0.00    0.00    0.00    0.00
OF1727.0 -4.0613    0.00 8.8926     0.00    0.00    0.00    0.00    0.00
OF1728.0 -4.0505    0.00 8.8926     0.00    0.00    0.00    0.00    0.00
OF1739.0 -3.6139    0.00 8.8928     0.00    0.00    0.00    0.00    0.00
OF1740.0 -3.5621    0.00 8.8928     0.00    0.00    0.00    0.00    0.00
OF1763.0 -2.3748    0.00 8.8933     0.00    0.00    0.00    0.00    0.00
OF1764.0 -2.3233    0.00 8.8934     0.00    0.00    0.00    0.00    0.00
OF2544.0 -6.4806    0.00 8.9057     0.00    0.00    0.00    0.00    0.00
OF2545.0 -6.4747    0.00 8.9057     0.00    0.00    0.00    0.00    0.00
OF2556.0 -6.4105    0.00 8.9058     0.00    0.00    0.00    0.00    0.00
OF2557.0 -6.4046    0.00 8.9058     0.00    0.00    0.00    0.00    0.00
OF2568.0 -6.3404    0.00 8.9058     0.00    0.00    0.00    0.00    0.00
OF2569.0 -6.3345    0.00 8.9058     0.00    0.00    0.00    0.00    0.00
OF2580.0 -6.2703    0.00 8.9059     0.00    0.00    0.00    0.00    0.00
OF2581.0 -6.2646    0.00 8.9059     0.00    0.00    0.00    0.00    0.00
OF2592.0 -6.2003    0.00 8.9059     0.00    0.00    0.00    0.00    0.00
OF2593.0 -6.1944    0.00 8.906      0.00    0.00    0.00    0.00    0.00
OF2604.0 -6.1302    0.00 8.906      0.00    0.00    0.00    0.00    0.00
OF2605.0 -6.1244    0.00 8.906      0.00    0.00    0.00    0.00    0.00
OF2616.0 -6.06      0.00 8.9061     0.00    0.00    0.00    0.00    0.00
OF2617.0 -6.0543    0.00 8.9061     0.00    0.00    0.00    0.00    0.00
OF2628.0 -5.99      0.00 8.9061     0.00    0.00    0.00    0.00    0.00
OF2629.0 -5.9842    0.00 8.9061     0.00    0.00    0.00    0.00    0.00
OF2640.0 -5.9199    0.00 8.9062     0.00    0.00    0.00    0.00    0.00
OF2641.0 -5.9141    0.00 8.9062     0.00    0.00    0.00    0.00    0.00
OF2652.0 -5.8464    0.00 8.9063     0.00    0.00    0.00    0.00    0.00
OF2653.0 -5.8354    0.00 8.9063     0.00    0.00    0.00    0.00    0.00
OF2663.0 -5.8305    0.00 8.9063     0.00    0.00    0.00    0.00    0.00
OF2664.0 -5.8394    0.00 8.9063     0.00    0.00    0.00    0.00    0.00
OF2927.0 -9.0947    0.00 8.9099     0.00    0.00    0.00    0.00    0.00
OF2928.0 -9.085     0.00 8.9099     0.00    0.00    0.00    0.00    0.00
OF2933.0 -9.0366    0.00 8.9101     0.00    0.00    0.00    0.00    0.00
OF2934.0 -9.027     0.00 8.9101     0.00    0.00    0.00    0.00    0.00
OF2939.0 -8.9785    0.00 8.9102     0.00    0.00    0.00    0.00    0.00
OF2940.0 -8.9688    0.00 8.9102     0.00    0.00    0.00    0.00    0.00
OF2945.0 -8.9204    0.00 8.9103     0.00    0.00    0.00    0.00    0.00
OF2946.0 -8.9107    0.00 8.9104     0.00    0.00    0.00    0.00    0.00
OF2951.0 -8.8624    0.00 8.9105     0.00    0.00    0.00    0.00    0.00
OF2952.0 -8.8527    0.00 8.9105     0.00    0.00    0.00    0.00    0.00
OF2957.0 -8.8042    0.00 8.9106     0.00    0.00    0.00    0.00    0.00
OF2958.0 -8.7946    0.00 8.9106     0.00    0.00    0.00    0.00    0.00
OF2963.0 -8.7462    0.00 8.9107     0.00    0.00    0.00    0.00    0.00
OF2964.0 -8.7365    0.00 8.9108     0.00    0.00    0.00    0.00    0.00
OF2969.0 -8.6886    0.00 8.9109     0.00    0.00    0.00    0.00    0.00
OF2970.0 -8.6794    0.00 8.9109     0.00    0.00    0.00    0.00    0.00
OF2975.0 -8.6331    0.00 8.9109     0.00    0.00    0.00    0.00    0.00
OF2976.0 -8.6239    0.00 8.9109     0.00    0.00    0.00    0.00    0.00
OF2981.0 -8.5776    0.00 8.911      0.00    0.00    0.00    0.00    0.00
OF2982.0 -8.5684    0.00 8.911      0.00    0.00    0.00    0.00    0.00
OF2987.0 -8.5221    0.00 8.911      0.00    0.00    0.00    0.00    0.00
OF2988.0 -8.5128    0.00 8.911      0.00    0.00    0.00    0.00    0.00
OF2993.0 -8.4666    0.00 8.9111     0.00    0.00    0.00    0.00    0.00
OF2994.0 -8.4573    0.00 8.9111     0.00    0.00    0.00    0.00    0.00
OF2999.0 -8.4111    0.00 8.9111     0.00    0.00    0.00    0.00    0.00
OF3000.0 -8.4018    0.00 8.9111     0.00    0.00    0.00    0.00    0.00
OF3005.0 -8.3556    0.00 8.9112     0.00    0.00    0.00    0.00    0.00
OF3006.0 -8.3463    0.00 8.9112     0.00    0.00    0.00    0.00    0.00
OF3011.0 -8.3001    0.00 8.9112     0.00    0.00    0.00    0.00    0.00
OF3012.0 -8.2908    0.00 8.9112     0.00    0.00    0.00    0.00    0.00
OF3017.0 -8.2446    0.00 8.9113     0.00    0.00    0.00    0.00    0.00
OF3018.0 -8.2353    0.00 8.9113     0.00    0.00    0.00    0.00    0.00
OF3023.0 -8.1892    0.00 8.9113     0.00    0.00    0.00    0.00    0.00
OF3024.0 -8.1801    0.00 8.9113     0.00    0.00    0.00    0.00    0.00
OF3029.0 -8.1346    0.00 8.9114     0.00    0.00    0.00    0.00    0.00
OF3030.0 -8.1255    0.00 8.9114     0.00    0.00    0.00    0.00    0.00
OF3036.0 -8.0704    0.00 8.9115     0.00    0.00    0.00    0.00    0.00
OF3039.0 -8.0427    0.00 8.9116     0.00    0.00    0.00    0.00    0.00
OF3044.0 -7.9966    0.00 8.9117     0.00    0.00    0.00    0.00    0.00
OF3045.0 -7.7966    0.00 8.9117     0.00    0.00    0.00    0.00    0.00
OF3056.0 -5.4765    0.00 8.9117     0.00    0.00    0.00    0.00    0.00
OF3057.0 -5.266     0.00 8.9117     0.00    0.00    0.00    0.00    0.00
IF3096.0 2.7464     0.00 8.9117     0.00    0.00    0.00    0.00    0.00
IF3097.0 2.9139     0.00 8.9117     0.00    0.00    0.00    0.00    0.00
IF3115.6 8.9117     0.00 8.9117     0.00    0.00    0.00    0.00    0.00
PS START(425365.8657,4849410.3126)
PS END(424933.156,4850281.0358)
ET
 
 
 
