header
IE0.0    -23.920       1       1 8.8313  3.4083  3.4768    56.14   56.14
OF1.0    -23.705    0.00 8.8313     0.00    0.00    0.00    0.00    0.00
OF2.0    -23.490    0.00 8.8313     0.00    0.00    0.00    0.00    0.00
OF3.0    -23.276    0.00 8.8312     0.00    0.00    0.00    0.00    0.00
OF4.0    -23.062    0.00 8.8312     0.00    0.00    0.00    0.00    0.00
OF5.0    -22.847    0.00 8.8312     0.00    0.00    0.00    0.00    0.00
OF6.0    -22.633    0.00 8.8312     0.00    0.00    0.00    0.00    0.00
OF7.0    -22.418    0.00 8.8312     0.00    0.00    0.00    0.00    0.00
OF8.0    -22.204    0.00 8.8312     0.00    0.00    0.00    0.00    0.00
OF9.0    -21.989    0.00 8.8311     0.00    0.00    0.00    0.00    0.00
OF10.0   -21.775    0.00 8.8311     0.00    0.00    0.00    0.00    0.00
OF11.0   -21.560    0.00 8.8311     0.00    0.00    0.00    0.00    0.00
OF12.0   -21.346    0.00 8.8311     0.00    0.00    0.00    0.00    0.00
OF13.0   -21.132    0.00 8.8311     0.00    0.00    0.00    0.00    0.00
OF14.0   -20.917    0.00 8.8311     0.00    0.00    0.00    0.00    0.00
OF15.0   -20.703    0.00 8.831      0.00    0.00    0.00    0.00    0.00
OF16.0   -20.488    0.00 8.831      0.00    0.00    0.00    0.00    0.00
OF17.0   -20.273    0.00 8.831      0.00    0.00    0.00    0.00    0.00
OF18.0   -20.059    0.00 8.831      0.00    0.00    0.00    0.00    0.00
OF19.0   -19.828    0.00 8.831      0.00    0.00    0.00    0.00    0.00
OF20.0   -19.597    0.00 8.8309     0.00    0.00    0.00    0.00    0.00
OF21.0   -19.366    0.00 8.8309     0.00    0.00    0.00    0.00    0.00
OF22.0   -19.136    0.00 8.8309     0.00    0.00    0.00    0.00    0.00
OF23.0   -18.905    0.00 8.8309     0.00    0.00    0.00    0.00    0.00
OF24.0   -18.674    0.00 8.8309     0.00    0.00    0.00    0.00    0.00
OF25.0   -18.443    0.00 8.8309     0.00    0.00    0.00    0.00    0.00
OF26.0   -18.212    0.00 8.8308     0.00    0.00    0.00    0.00    0.00
OF27.0   -17.981    0.00 8.8308     0.00    0.00    0.00    0.00    0.00
OF28.0   -17.750    0.00 8.8308     0.00    0.00    0.00    0.00    0.00
OF29.0   -17.52     0.00 8.8308     0.00    0.00    0.00    0.00    0.00
OF30.0   -17.289    0.00 8.8308     0.00    0.00    0.00    0.00    0.00
OF31.0   -17.058    0.00 8.8307     0.00    0.00    0.00    0.00    0.00
OF32.0   -16.827    0.00 8.8307     0.00    0.00    0.00    0.00    0.00
OF33.0   -16.596    0.00 8.8307     0.00    0.00    0.00    0.00    0.00
OF34.0   -16.365    0.00 8.8307     0.00    0.00    0.00    0.00    0.00
OF35.0   -16.134    0.00 8.8307     0.00    0.00    0.00    0.00    0.00
OF36.0   -15.903    0.00 8.8307     0.00    0.00    0.00    0.00    0.00
OF37.0   -15.672    0.00 8.8306     0.00    0.00    0.00    0.00    0.00
OF38.0   -15.442    0.00 8.8306     0.00    0.00    0.00    0.00    0.00
OF39.0   -15.211    0.00 8.8306     0.00    0.00    0.00    0.00    0.00
OF40.0   -14.979    0.00 8.8306     0.00    0.00    0.00    0.00    0.00
OF41.0   -14.749    0.00 8.8306     0.00    0.00    0.00    0.00    0.00
OF42.0   -14.518    0.00 8.8305     0.00    0.00    0.00    0.00    0.00
OF43.0   -14.287    0.00 8.8305     0.00    0.00    0.00    0.00    0.00
OF44.0   -14.056    0.00 8.8305     0.00    0.00    0.00    0.00    0.00
OF45.0   -13.825    0.00 8.8305     0.00    0.00    0.00    0.00    0.00
OF46.0   -13.594    0.00 8.8305     0.00    0.00    0.00    0.00    0.00
OF47.0   -13.364    0.00 8.8305     0.00    0.00    0.00    0.00    0.00
OF48.0   -13.132    0.00 8.8304     0.00    0.00    0.00    0.00    0.00
OF49.0   -12.901    0.00 8.8304     0.00    0.00    0.00    0.00    0.00
OF50.0   -12.671    0.00 8.8304     0.00    0.00    0.00    0.00    0.00
OF51.0   -12.440    0.00 8.8304     0.00    0.00    0.00    0.00    0.00
OF52.0   -12.209    0.00 8.8304     0.00    0.00    0.00    0.00    0.00
OF53.0   -11.978    0.00 8.8304     0.00    0.00    0.00    0.00    0.00
OF54.0   -11.747    0.00 8.8303     0.00    0.00    0.00    0.00    0.00
OF55.0   -11.516    0.00 8.8303     0.00    0.00    0.00    0.00    0.00
OF56.0   -11.285    0.00 8.8303     0.00    0.00    0.00    0.00    0.00
OF57.0   -11.054    0.00 8.8303     0.00    0.00    0.00    0.00    0.00
OF58.0   -10.823    0.00 8.8303     0.00    0.00    0.00    0.00    0.00
OF59.0   -10.593    0.00 8.8302     0.00    0.00    0.00    0.00    0.00
OF60.0   -10.362    0.00 8.8302     0.00    0.00    0.00    0.00    0.00
OF61.0   -10.131    0.00 8.8302     0.00    0.00    0.00    0.00    0.00
OF62.0   -9.9005    0.00 8.8302     0.00    0.00    0.00    0.00    0.00
OF63.0   -9.6697    0.00 8.8302     0.00    0.00    0.00    0.00    0.00
OF64.0   -9.4386    0.00 8.8302     0.00    0.00    0.00    0.00    0.00
OF65.0   -9.2077    0.00 8.8301     0.00    0.00    0.00    0.00    0.00
OF66.0   -8.9769    0.00 8.8301     0.00    0.00    0.00    0.00    0.00
OF67.0   -8.7461    0.00 8.8301     0.00    0.00    0.00    0.00    0.00
OF68.0   -8.5153    0.00 8.8301     0.00    0.00    0.00    0.00    0.00
OF69.0   -8.2845    0.00 8.8301     0.00    0.00    0.00    0.00    0.00
OF70.0   -8.0536    0.00 8.83       0.00    0.00    0.00    0.00    0.00
OF71.0   -7.8228    0.00 8.83       0.00    0.00    0.00    0.00    0.00
OF72.0   -7.5914    0.00 8.83       0.00    0.00    0.00    0.00    0.00
OF73.0   -7.3606    0.00 8.83       0.00    0.00    0.00    0.00    0.00
OF74.0   -7.1298    0.00 8.83       0.00    0.00    0.00    0.00    0.00
OF75.0   -6.8989    0.00 8.83       0.00    0.00    0.00    0.00    0.00
OF76.0   -6.6681    0.00 8.8299     0.00    0.00    0.00    0.00    0.00
OF77.0   -6.4373    0.00 8.8299     0.00    0.00    0.00    0.00    0.00
OF78.0   -6.2065    0.00 8.8299     0.00    0.00    0.00    0.00    0.00
OF79.0   -5.9789    0.00 8.8299     0.00    0.00    0.00    0.00    0.00
OF80.0   -5.7734    0.00 8.8299     0.00    0.00    0.00    0.00    0.00
OF81.0   -5.568     0.00 8.8299     0.00    0.00    0.00    0.00    0.00
OF82.0   -5.3625    0.00 8.8299     0.00    0.00    0.00    0.00    0.00
OF83.0   -5.1571    0.00 8.8299     0.00    0.00    0.00    0.00    0.00
OF84.0   -4.9516    0.00 8.8299     0.00    0.00    0.00    0.00    0.00
OF85.0   -4.7462    0.00 8.8299     0.00    0.00    0.00    0.00    0.00
OF86.0   -4.5407    0.00 8.8299     0.00    0.00    0.00    0.00    0.00
OF87.0   -4.3348    0.00 8.8299     0.00    0.00    0.00    0.00    0.00
OF88.0   -4.1293    0.00 8.8299     0.00    0.00    0.00    0.00    0.00
OF89.0   -3.9239    0.00 8.8299     0.00    0.00    0.00    0.00    0.00
OF90.0   -3.7184    0.00 8.8299     0.00    0.00    0.00    0.00    0.00
OF91.0   -3.513     0.00 8.8299     0.00    0.00    0.00    0.00    0.00
OF92.0   -3.3075    0.00 8.8299     0.00    0.00    0.00    0.00    0.00
OF93.0   -3.1021    0.00 8.8299     0.00    0.00    0.00    0.00    0.00
OF94.0   -2.8966    0.00 8.8299     0.00    0.00    0.00    0.00    0.00
OF95.0   -2.6907    0.00 8.8299     0.00    0.00    0.00    0.00    0.00
OF96.0   -2.4852    0.00 8.8299     0.00    0.00    0.00    0.00    0.00
OF97.0   -2.2798    0.00 8.8299     0.00    0.00    0.00    0.00    0.00
OF98.0   -2.0743    0.00 8.8299     0.00    0.00    0.00    0.00    0.00
OF99.0   -1.8691    0.00 8.8299     0.00    0.00    0.00    0.00    0.00
OF100.0  -1.6636    0.00 8.8299     0.00    0.00    0.00    0.00    0.00
OF101.0  -1.4582    0.00 8.8299     0.00    0.00    0.00    0.00    0.00
OF102.0  -1.2527    0.00 8.8299     0.00    0.00    0.00    0.00    0.00
OF103.0  -1.0468    0.00 8.8299     0.00    0.00    0.00    0.00    0.00
OF104.0  -0.8413    0.00 8.8299     0.00    0.00    0.00    0.00    0.00
OF105.0  -0.6358    0.00 8.8299     0.00    0.00    0.00    0.00    0.00
OF106.0  -0.4304    0.00 8.8299     0.00    0.00    0.00    0.00    0.00
OF107.0  -0.2249    0.00 8.8299     0.00    0.00    0.00    0.00    0.00
OF108.0  -0.0195    0.00 8.8299     0.00    0.00    0.00    0.00    0.00
IF109.0  0.18595    0.00 8.8299     0.00    0.00    0.00    0.00    0.00
IF110.0  0.3914     0.00 8.8299     0.00    0.00    0.00    0.00    0.00
IF111.0  0.59737    0.00 8.8299     0.00    0.00    0.00    0.00    0.00
IF112.0  0.80282    0.00 8.8299     0.00    0.00    0.00    0.00    0.00
IF113.0  1.0083     0.00 8.8299     0.00    0.00    0.00    0.00    0.00
IF114.0  1.2137     0.00 8.8299     0.00    0.00    0.00    0.00    0.00
IF115.0  1.4192     0.00 8.8299     0.00    0.00    0.00    0.00    0.00
IF116.0  1.6246     0.00 8.8299     0.00    0.00    0.00    0.00    0.00
IF117.0  1.8301     0.00 8.8299     0.00    0.00    0.00    0.00    0.00
IF118.0  2.036      0.00 8.8299     0.00    0.00    0.00    0.00    0.00
IF119.0  2.2415     0.00 8.8299     0.00    0.00    0.00    0.00    0.00
IF120.0  2.4469     0.00 8.8299     0.00    0.00    0.00    0.00    0.00
IF121.0  2.6524     0.00 8.8299     0.00    0.00    0.00    0.00    0.00
IF122.0  2.8578     0.00 8.8299     0.00    0.00    0.00    0.00    0.00
IF156.5  4.3504     0.00 8.8299     0.00    0.00    0.00    0.00    0.00
IF165.0  5.0689     0.00 8.8299     0.00    0.00    0.00    0.00    0.00
IF165.9  8.8299     0.00 8.8299     0.00    0.00    0.00    0.00    0.00
PS START(420571.5907,4844879.2893)
PS END(420679.5905,4844850.7386)
ET
 
 
 
