header
IE0.0    -43.084       1       1 8.8177  4.1731  9.8857    56.14   56.14
OF2.0    -42.995    0.00 8.8177     0.00    0.00    0.00    0.00    0.00
OF4.0    -42.907    0.00 8.8177     0.00    0.00    0.00    0.00    0.00
OF6.0    -42.818    0.00 8.8177     0.00    0.00    0.00    0.00    0.00
OF8.0    -42.729    0.00 8.8177     0.00    0.00    0.00    0.00    0.00
OF10.0   -42.640    0.00 8.8177     0.00    0.00    0.00    0.00    0.00
OF12.0   -42.551    0.00 8.8177     0.00    0.00    0.00    0.00    0.00
OF14.0   -42.462    0.00 8.8177     0.00    0.00    0.00    0.00    0.00
OF16.0   -42.373    0.00 8.8177     0.00    0.00    0.00    0.00    0.00
OF18.0   -42.284    0.00 8.8177     0.00    0.00    0.00    0.00    0.00
OF20.0   -42.195    0.00 8.8177     0.00    0.00    0.00    0.00    0.00
OF22.0   -42.106    0.00 8.8177     0.00    0.00    0.00    0.00    0.00
OF24.0   -41.948    0.00 8.8178     0.00    0.00    0.00    0.00    0.00
OF26.0   -41.771    0.00 8.8178     0.00    0.00    0.00    0.00    0.00
OF28.0   -41.594    0.00 8.8178     0.00    0.00    0.00    0.00    0.00
OF30.0   -41.417    0.00 8.8178     0.00    0.00    0.00    0.00    0.00
OF32.0   -41.239    0.00 8.8178     0.00    0.00    0.00    0.00    0.00
OF34.0   -41.062    0.00 8.8178     0.00    0.00    0.00    0.00    0.00
OF36.0   -40.895    0.00 8.8178     0.00    0.00    0.00    0.00    0.00
OF38.0   -40.747    0.00 8.8178     0.00    0.00    0.00    0.00    0.00
OF40.0   -40.600    0.00 8.8178     0.00    0.00    0.00    0.00    0.00
OF42.0   -40.452    0.00 8.8178     0.00    0.00    0.00    0.00    0.00
OF44.0   -40.305    0.00 8.8178     0.00    0.00    0.00    0.00    0.00
OF46.0   -40.157    0.00 8.8178     0.00    0.00    0.00    0.00    0.00
OF48.0   -40.010    0.00 8.8178     0.00    0.00    0.00    0.00    0.00
OF50.0   -39.862    0.00 8.8178     0.00    0.00    0.00    0.00    0.00
OF52.0   -39.715    0.00 8.8178     0.00    0.00    0.00    0.00    0.00
OF54.0   -39.567    0.00 8.8178     0.00    0.00    0.00    0.00    0.00
OF56.0   -39.419    0.00 8.8178     0.00    0.00    0.00    0.00    0.00
OF58.0   -39.272    0.00 8.8178     0.00    0.00    0.00    0.00    0.00
OF60.0   -39.124    0.00 8.8178     0.00    0.00    0.00    0.00    0.00
OF62.0   -38.977    0.00 8.8178     0.00    0.00    0.00    0.00    0.00
OF64.0   -38.829    0.00 8.8178     0.00    0.00    0.00    0.00    0.00
OF66.0   -38.682    0.00 8.8178     0.00    0.00    0.00    0.00    0.00
OF68.0   -38.534    0.00 8.8178     0.00    0.00    0.00    0.00    0.00
OF70.0   -38.386    0.00 8.8178     0.00    0.00    0.00    0.00    0.00
OF72.0   -38.239    0.00 8.8178     0.00    0.00    0.00    0.00    0.00
OF74.0   -38.091    0.00 8.8178     0.00    0.00    0.00    0.00    0.00
OF76.0   -37.944    0.00 8.8178     0.00    0.00    0.00    0.00    0.00
OF78.0   -37.796    0.00 8.8178     0.00    0.00    0.00    0.00    0.00
OF80.0   -37.649    0.00 8.8178     0.00    0.00    0.00    0.00    0.00
OF82.0   -37.501    0.00 8.8179     0.00    0.00    0.00    0.00    0.00
OF84.0   -37.354    0.00 8.8179     0.00    0.00    0.00    0.00    0.00
OF86.0   -37.206    0.00 8.8179     0.00    0.00    0.00    0.00    0.00
OF88.0   -37.058    0.00 8.8179     0.00    0.00    0.00    0.00    0.00
OF90.0   -36.911    0.00 8.8179     0.00    0.00    0.00    0.00    0.00
OF92.0   -36.763    0.00 8.8179     0.00    0.00    0.00    0.00    0.00
OF94.0   -36.653    0.00 8.8179     0.00    0.00    0.00    0.00    0.00
OF96.0   -36.548    0.00 8.8179     0.00    0.00    0.00    0.00    0.00
OF98.0   -36.443    0.00 8.8179     0.00    0.00    0.00    0.00    0.00
OF100.0  -36.338    0.00 8.8179     0.00    0.00    0.00    0.00    0.00
OF102.0  -36.233    0.00 8.8179     0.00    0.00    0.00    0.00    0.00
OF104.0  -36.128    0.00 8.8179     0.00    0.00    0.00    0.00    0.00
OF106.0  -36.023    0.00 8.8179     0.00    0.00    0.00    0.00    0.00
OF108.0  -35.918    0.00 8.8179     0.00    0.00    0.00    0.00    0.00
OF110.0  -35.813    0.00 8.8179     0.00    0.00    0.00    0.00    0.00
OF112.0  -35.708    0.00 8.8179     0.00    0.00    0.00    0.00    0.00
OF114.0  -35.603    0.00 8.8179     0.00    0.00    0.00    0.00    0.00
OF116.0  -35.498    0.00 8.8179     0.00    0.00    0.00    0.00    0.00
OF118.0  -35.393    0.00 8.8179     0.00    0.00    0.00    0.00    0.00
OF120.0  -35.288    0.00 8.8179     0.00    0.00    0.00    0.00    0.00
OF122.0  -35.183    0.00 8.8179     0.00    0.00    0.00    0.00    0.00
OF124.0  -35.072    0.00 8.8179     0.00    0.00    0.00    0.00    0.00
OF126.0  -34.956    0.00 8.8179     0.00    0.00    0.00    0.00    0.00
OF128.0  -34.839    0.00 8.8179     0.00    0.00    0.00    0.00    0.00
OF130.0  -34.723    0.00 8.8179     0.00    0.00    0.00    0.00    0.00
OF132.0  -34.606    0.00 8.8179     0.00    0.00    0.00    0.00    0.00
OF134.0  -34.490    0.00 8.8179     0.00    0.00    0.00    0.00    0.00
OF136.0  -34.373    0.00 8.8179     0.00    0.00    0.00    0.00    0.00
OF138.0  -34.257    0.00 8.8179     0.00    0.00    0.00    0.00    0.00
OF140.0  -34.140    0.00 8.8179     0.00    0.00    0.00    0.00    0.00
OF142.0  -34.024    0.00 8.8179     0.00    0.00    0.00    0.00    0.00
OF144.0  -33.907    0.00 8.8179     0.00    0.00    0.00    0.00    0.00
OF146.0  -33.791    0.00 8.8179     0.00    0.00    0.00    0.00    0.00
OF148.0  -33.674    0.00 8.818      0.00    0.00    0.00    0.00    0.00
OF150.0  -33.558    0.00 8.818      0.00    0.00    0.00    0.00    0.00
OF152.0  -33.441    0.00 8.818      0.00    0.00    0.00    0.00    0.00
OF154.0  -33.325    0.00 8.818      0.00    0.00    0.00    0.00    0.00
OF156.0  -33.208    0.00 8.818      0.00    0.00    0.00    0.00    0.00
OF158.0  -33.092    0.00 8.818      0.00    0.00    0.00    0.00    0.00
OF160.0  -32.975    0.00 8.818      0.00    0.00    0.00    0.00    0.00
OF162.0  -32.858    0.00 8.818      0.00    0.00    0.00    0.00    0.00
OF164.0  -32.742    0.00 8.818      0.00    0.00    0.00    0.00    0.00
OF166.0  -32.625    0.00 8.818      0.00    0.00    0.00    0.00    0.00
OF168.0  -32.509    0.00 8.818      0.00    0.00    0.00    0.00    0.00
OF170.0  -32.392    0.00 8.818      0.00    0.00    0.00    0.00    0.00
OF172.0  -32.276    0.00 8.818      0.00    0.00    0.00    0.00    0.00
OF174.0  -32.159    0.00 8.818      0.00    0.00    0.00    0.00    0.00
OF176.0  -32.043    0.00 8.818      0.00    0.00    0.00    0.00    0.00
OF178.0  -31.926    0.00 8.818      0.00    0.00    0.00    0.00    0.00
OF180.0  -31.810    0.00 8.818      0.00    0.00    0.00    0.00    0.00
OF182.0  -31.693    0.00 8.818      0.00    0.00    0.00    0.00    0.00
OF184.0  -31.577    0.00 8.818      0.00    0.00    0.00    0.00    0.00
OF186.0  -31.470    0.00 8.818      0.00    0.00    0.00    0.00    0.00
OF188.0  -31.421    0.00 8.818      0.00    0.00    0.00    0.00    0.00
OF190.0  -31.372    0.00 8.818      0.00    0.00    0.00    0.00    0.00
OF192.0  -31.322    0.00 8.818      0.00    0.00    0.00    0.00    0.00
OF194.0  -31.273    0.00 8.818      0.00    0.00    0.00    0.00    0.00
OF196.0  -31.224    0.00 8.818      0.00    0.00    0.00    0.00    0.00
OF198.0  -31.175    0.00 8.818      0.00    0.00    0.00    0.00    0.00
OF200.0  -31.126    0.00 8.818      0.00    0.00    0.00    0.00    0.00
OF202.0  -31.077    0.00 8.818      0.00    0.00    0.00    0.00    0.00
OF204.0  -31.028    0.00 8.818      0.00    0.00    0.00    0.00    0.00
OF206.0  -30.979    0.00 8.818      0.00    0.00    0.00    0.00    0.00
OF208.0  -30.929    0.00 8.818      0.00    0.00    0.00    0.00    0.00
OF210.0  -30.880    0.00 8.818      0.00    0.00    0.00    0.00    0.00
OF212.0  -30.831    0.00 8.818      0.00    0.00    0.00    0.00    0.00
OF214.0  -30.782    0.00 8.818      0.00    0.00    0.00    0.00    0.00
OF216.0  -30.733    0.00 8.818      0.00    0.00    0.00    0.00    0.00
OF218.0  -30.684    0.00 8.818      0.00    0.00    0.00    0.00    0.00
OF220.0  -30.635    0.00 8.818      0.00    0.00    0.00    0.00    0.00
OF222.0  -30.586    0.00 8.818      0.00    0.00    0.00    0.00    0.00
OF224.0  -30.530    0.00 8.818      0.00    0.00    0.00    0.00    0.00
OF226.0  -30.407    0.00 8.818      0.00    0.00    0.00    0.00    0.00
OF228.0  -30.284    0.00 8.818      0.00    0.00    0.00    0.00    0.00
OF230.0  -30.161    0.00 8.818      0.00    0.00    0.00    0.00    0.00
OF232.0  -30.037    0.00 8.818      0.00    0.00    0.00    0.00    0.00
OF234.0  -29.914    0.00 8.818      0.00    0.00    0.00    0.00    0.00
OF236.0  -29.791    0.00 8.818      0.00    0.00    0.00    0.00    0.00
OF238.0  -29.668    0.00 8.818      0.00    0.00    0.00    0.00    0.00
OF240.0  -29.545    0.00 8.818      0.00    0.00    0.00    0.00    0.00
OF242.0  -29.422    0.00 8.818      0.00    0.00    0.00    0.00    0.00
OF244.0  -29.298    0.00 8.818      0.00    0.00    0.00    0.00    0.00
OF246.0  -29.175    0.00 8.818      0.00    0.00    0.00    0.00    0.00
OF248.0  -29.052    0.00 8.818      0.00    0.00    0.00    0.00    0.00
OF250.0  -28.929    0.00 8.818      0.00    0.00    0.00    0.00    0.00
OF252.0  -28.806    0.00 8.818      0.00    0.00    0.00    0.00    0.00
OF254.0  -28.682    0.00 8.818      0.00    0.00    0.00    0.00    0.00
OF256.0  -28.559    0.00 8.818      0.00    0.00    0.00    0.00    0.00
OF258.0  -28.436    0.00 8.818      0.00    0.00    0.00    0.00    0.00
OF260.0  -28.313    0.00 8.818      0.00    0.00    0.00    0.00    0.00
OF262.0  -28.190    0.00 8.818      0.00    0.00    0.00    0.00    0.00
OF264.0  -28.066    0.00 8.818      0.00    0.00    0.00    0.00    0.00
OF266.0  -27.943    0.00 8.818      0.00    0.00    0.00    0.00    0.00
OF268.0  -27.820    0.00 8.818      0.00    0.00    0.00    0.00    0.00
OF270.0  -27.697    0.00 8.818      0.00    0.00    0.00    0.00    0.00
OF272.0  -27.574    0.00 8.818      0.00    0.00    0.00    0.00    0.00
OF274.0  -27.450    0.00 8.818      0.00    0.00    0.00    0.00    0.00
OF276.0  -27.327    0.00 8.818      0.00    0.00    0.00    0.00    0.00
OF278.0  -27.204    0.00 8.818      0.00    0.00    0.00    0.00    0.00
OF280.0  -27.081    0.00 8.818      0.00    0.00    0.00    0.00    0.00
OF282.0  -26.958    0.00 8.818      0.00    0.00    0.00    0.00    0.00
OF284.0  -26.835    0.00 8.818      0.00    0.00    0.00    0.00    0.00
OF286.0  -26.713    0.00 8.818      0.00    0.00    0.00    0.00    0.00
OF288.0  -26.600    0.00 8.818      0.00    0.00    0.00    0.00    0.00
OF290.0  -26.487    0.00 8.818      0.00    0.00    0.00    0.00    0.00
OF292.0  -26.374    0.00 8.818      0.00    0.00    0.00    0.00    0.00
OF294.0  -26.261    0.00 8.818      0.00    0.00    0.00    0.00    0.00
OF296.0  -26.148    0.00 8.818      0.00    0.00    0.00    0.00    0.00
OF298.0  -26.035    0.00 8.818      0.00    0.00    0.00    0.00    0.00
OF300.0  -25.922    0.00 8.818      0.00    0.00    0.00    0.00    0.00
OF302.0  -25.809    0.00 8.818      0.00    0.00    0.00    0.00    0.00
OF304.0  -25.696    0.00 8.818      0.00    0.00    0.00    0.00    0.00
OF306.0  -25.583    0.00 8.818      0.00    0.00    0.00    0.00    0.00
OF308.0  -25.470    0.00 8.818      0.00    0.00    0.00    0.00    0.00
OF310.0  -25.357    0.00 8.818      0.00    0.00    0.00    0.00    0.00
OF312.0  -25.244    0.00 8.818      0.00    0.00    0.00    0.00    0.00
OF314.0  -25.131    0.00 8.818      0.00    0.00    0.00    0.00    0.00
OF316.0  -25.018    0.00 8.818      0.00    0.00    0.00    0.00    0.00
OF318.0  -24.905    0.00 8.818      0.00    0.00    0.00    0.00    0.00
OF320.0  -24.792    0.00 8.818      0.00    0.00    0.00    0.00    0.00
OF322.0  -24.679    0.00 8.818      0.00    0.00    0.00    0.00    0.00
OF324.0  -24.566    0.00 8.818      0.00    0.00    0.00    0.00    0.00
OF326.0  -24.453    0.00 8.818      0.00    0.00    0.00    0.00    0.00
OF328.0  -24.340    0.00 8.818      0.00    0.00    0.00    0.00    0.00
OF330.0  -24.227    0.00 8.818      0.00    0.00    0.00    0.00    0.00
OF332.0  -24.108    0.00 8.818      0.00    0.00    0.00    0.00    0.00
OF334.0  -23.99     0.00 8.818      0.00    0.00    0.00    0.00    0.00
OF336.0  -23.871    0.00 8.818      0.00    0.00    0.00    0.00    0.00
OF338.0  -23.752    0.00 8.818      0.00    0.00    0.00    0.00    0.00
OF340.0  -23.633    0.00 8.818      0.00    0.00    0.00    0.00    0.00
OF342.0  -23.515    0.00 8.818      0.00    0.00    0.00    0.00    0.00
OF344.0  -23.396    0.00 8.818      0.00    0.00    0.00    0.00    0.00
OF346.0  -23.277    0.00 8.818      0.00    0.00    0.00    0.00    0.00
OF348.0  -23.158    0.00 8.818      0.00    0.00    0.00    0.00    0.00
OF350.0  -23.040    0.00 8.818      0.00    0.00    0.00    0.00    0.00
OF352.0  -22.921    0.00 8.818      0.00    0.00    0.00    0.00    0.00
OF354.0  -22.802    0.00 8.818      0.00    0.00    0.00    0.00    0.00
OF356.0  -22.684    0.00 8.818      0.00    0.00    0.00    0.00    0.00
OF358.0  -22.565    0.00 8.818      0.00    0.00    0.00    0.00    0.00
OF360.0  -22.446    0.00 8.818      0.00    0.00    0.00    0.00    0.00
OF362.0  -22.327    0.00 8.818      0.00    0.00    0.00    0.00    0.00
OF364.0  -22.209    0.00 8.818      0.00    0.00    0.00    0.00    0.00
OF366.0  -22.090    0.00 8.818      0.00    0.00    0.00    0.00    0.00
OF368.0  -21.971    0.00 8.818      0.00    0.00    0.00    0.00    0.00
OF370.0  -21.852    0.00 8.818      0.00    0.00    0.00    0.00    0.00
OF372.0  -21.734    0.00 8.818      0.00    0.00    0.00    0.00    0.00
OF374.0  -21.615    0.00 8.818      0.00    0.00    0.00    0.00    0.00
OF376.0  -21.496    0.00 8.818      0.00    0.00    0.00    0.00    0.00
OF378.0  -21.378    0.00 8.818      0.00    0.00    0.00    0.00    0.00
OF380.0  -21.259    0.00 8.818      0.00    0.00    0.00    0.00    0.00
OF382.0  -21.140    0.00 8.818      0.00    0.00    0.00    0.00    0.00
OF384.0  -21.021    0.00 8.818      0.00    0.00    0.00    0.00    0.00
OF386.0  -20.903    0.00 8.818      0.00    0.00    0.00    0.00    0.00
OF388.0  -20.784    0.00 8.818      0.00    0.00    0.00    0.00    0.00
OF390.0  -20.665    0.00 8.818      0.00    0.00    0.00    0.00    0.00
OF392.0  -20.531    0.00 8.818      0.00    0.00    0.00    0.00    0.00
OF394.0  -20.394    0.00 8.818      0.00    0.00    0.00    0.00    0.00
OF396.0  -20.257    0.00 8.818      0.00    0.00    0.00    0.00    0.00
OF398.0  -20.175    0.00 8.818      0.00    0.00    0.00    0.00    0.00
OF400.0  -20.098    0.00 8.818      0.00    0.00    0.00    0.00    0.00
OF402.0  -20.022    0.00 8.818      0.00    0.00    0.00    0.00    0.00
OF404.0  -19.945    0.00 8.818      0.00    0.00    0.00    0.00    0.00
OF406.0  -19.868    0.00 8.818      0.00    0.00    0.00    0.00    0.00
OF408.0  -19.791    0.00 8.818      0.00    0.00    0.00    0.00    0.00
OF410.0  -19.714    0.00 8.818      0.00    0.00    0.00    0.00    0.00
OF412.0  -19.638    0.00 8.818      0.00    0.00    0.00    0.00    0.00
OF414.0  -19.561    0.00 8.818      0.00    0.00    0.00    0.00    0.00
OF416.0  -19.484    0.00 8.818      0.00    0.00    0.00    0.00    0.00
OF418.0  -19.407    0.00 8.818      0.00    0.00    0.00    0.00    0.00
OF420.0  -19.331    0.00 8.818      0.00    0.00    0.00    0.00    0.00
OF422.0  -19.254    0.00 8.818      0.00    0.00    0.00    0.00    0.00
OF424.0  -19.177    0.00 8.8179     0.00    0.00    0.00    0.00    0.00
OF426.0  -19.100    0.00 8.8179     0.00    0.00    0.00    0.00    0.00
OF428.0  -19.024    0.00 8.8179     0.00    0.00    0.00    0.00    0.00
OF430.0  -18.947    0.00 8.8179     0.00    0.00    0.00    0.00    0.00
OF432.0  -18.870    0.00 8.8179     0.00    0.00    0.00    0.00    0.00
OF434.0  -18.793    0.00 8.8179     0.00    0.00    0.00    0.00    0.00
OF436.0  -18.717    0.00 8.8179     0.00    0.00    0.00    0.00    0.00
OF438.0  -18.640    0.00 8.8179     0.00    0.00    0.00    0.00    0.00
OF440.0  -18.563    0.00 8.8179     0.00    0.00    0.00    0.00    0.00
OF442.0  -18.486    0.00 8.8179     0.00    0.00    0.00    0.00    0.00
OF444.0  -18.409    0.00 8.8179     0.00    0.00    0.00    0.00    0.00
OF446.0  -18.333    0.00 8.8179     0.00    0.00    0.00    0.00    0.00
OF448.0  -18.256    0.00 8.8179     0.00    0.00    0.00    0.00    0.00
OF450.0  -18.179    0.00 8.8179     0.00    0.00    0.00    0.00    0.00
OF452.0  -18.102    0.00 8.8179     0.00    0.00    0.00    0.00    0.00
OF454.0  -18.026    0.00 8.8179     0.00    0.00    0.00    0.00    0.00
OF456.0  -17.949    0.00 8.8179     0.00    0.00    0.00    0.00    0.00
OF458.0  -17.872    0.00 8.8179     0.00    0.00    0.00    0.00    0.00
OF460.0  -17.795    0.00 8.8179     0.00    0.00    0.00    0.00    0.00
OF462.0  -17.719    0.00 8.8179     0.00    0.00    0.00    0.00    0.00
OF464.0  -17.664    0.00 8.8179     0.00    0.00    0.00    0.00    0.00
OF466.0  -17.610    0.00 8.8179     0.00    0.00    0.00    0.00    0.00
OF468.0  -17.556    0.00 8.8179     0.00    0.00    0.00    0.00    0.00
OF470.0  -17.503    0.00 8.8179     0.00    0.00    0.00    0.00    0.00
OF472.0  -17.449    0.00 8.8179     0.00    0.00    0.00    0.00    0.00
OF474.0  -17.389    0.00 8.8179     0.00    0.00    0.00    0.00    0.00
OF476.0  -17.314    0.00 8.8179     0.00    0.00    0.00    0.00    0.00
OF478.0  -17.239    0.00 8.8179     0.00    0.00    0.00    0.00    0.00
OF480.0  -17.164    0.00 8.8179     0.00    0.00    0.00    0.00    0.00
OF482.0  -17.089    0.00 8.8179     0.00    0.00    0.00    0.00    0.00
OF484.0  -17.014    0.00 8.8179     0.00    0.00    0.00    0.00    0.00
OF486.0  -16.939    0.00 8.8179     0.00    0.00    0.00    0.00    0.00
OF488.0  -16.864    0.00 8.8179     0.00    0.00    0.00    0.00    0.00
OF490.0  -16.789    0.00 8.8179     0.00    0.00    0.00    0.00    0.00
OF492.0  -16.714    0.00 8.8179     0.00    0.00    0.00    0.00    0.00
OF494.0  -16.639    0.00 8.8179     0.00    0.00    0.00    0.00    0.00
OF496.0  -16.564    0.00 8.8179     0.00    0.00    0.00    0.00    0.00
OF498.0  -16.489    0.00 8.8179     0.00    0.00    0.00    0.00    0.00
OF500.0  -16.414    0.00 8.8179     0.00    0.00    0.00    0.00    0.00
OF502.0  -16.339    0.00 8.8179     0.00    0.00    0.00    0.00    0.00
OF504.0  -16.263    0.00 8.8179     0.00    0.00    0.00    0.00    0.00
OF506.0  -16.188    0.00 8.8179     0.00    0.00    0.00    0.00    0.00
OF508.0  -16.113    0.00 8.8179     0.00    0.00    0.00    0.00    0.00
OF510.0  -16.038    0.00 8.8179     0.00    0.00    0.00    0.00    0.00
OF512.0  -15.963    0.00 8.8179     0.00    0.00    0.00    0.00    0.00
OF514.0  -15.888    0.00 8.8179     0.00    0.00    0.00    0.00    0.00
OF516.0  -15.813    0.00 8.8179     0.00    0.00    0.00    0.00    0.00
OF518.0  -15.738    0.00 8.8179     0.00    0.00    0.00    0.00    0.00
OF520.0  -15.663    0.00 8.8179     0.00    0.00    0.00    0.00    0.00
OF522.0  -15.588    0.00 8.8179     0.00    0.00    0.00    0.00    0.00
OF524.0  -15.513    0.00 8.8179     0.00    0.00    0.00    0.00    0.00
OF526.0  -15.438    0.00 8.8179     0.00    0.00    0.00    0.00    0.00
OF528.0  -15.363    0.00 8.8179     0.00    0.00    0.00    0.00    0.00
OF530.0  -15.288    0.00 8.8179     0.00    0.00    0.00    0.00    0.00
OF532.0  -15.213    0.00 8.8179     0.00    0.00    0.00    0.00    0.00
OF534.0  -15.138    0.00 8.8179     0.00    0.00    0.00    0.00    0.00
OF536.0  -15.063    0.00 8.8179     0.00    0.00    0.00    0.00    0.00
OF538.0  -14.988    0.00 8.8179     0.00    0.00    0.00    0.00    0.00
OF540.0  -14.893    0.00 8.8179     0.00    0.00    0.00    0.00    0.00
OF542.0  -14.766    0.00 8.8179     0.00    0.00    0.00    0.00    0.00
OF544.0  -14.639    0.00 8.8179     0.00    0.00    0.00    0.00    0.00
OF546.0  -14.513    0.00 8.8179     0.00    0.00    0.00    0.00    0.00
OF548.0  -14.386    0.00 8.8179     0.00    0.00    0.00    0.00    0.00
OF550.0  -14.259    0.00 8.8179     0.00    0.00    0.00    0.00    0.00
OF552.0  -14.132    0.00 8.8179     0.00    0.00    0.00    0.00    0.00
OF554.0  -14.005    0.00 8.8178     0.00    0.00    0.00    0.00    0.00
OF556.0  -13.878    0.00 8.8178     0.00    0.00    0.00    0.00    0.00
OF558.0  -5.2966    0.00 8.8178     0.00    0.00    0.00    0.00    0.00
OF560.0  -5.3326    0.00 8.8178     0.00    0.00    0.00    0.00    0.00
OF562.0  -5.3828    0.00 8.8178     0.00    0.00    0.00    0.00    0.00
OF564.0  -5.4361    0.00 8.8178     0.00    0.00    0.00    0.00    0.00
OF566.0  -5.3425    0.00 8.8178     0.00    0.00    0.00    0.00    0.00
OF568.0  -5.2489    0.00 8.8178     0.00    0.00    0.00    0.00    0.00
OF570.0  -5.1553    0.00 8.8178     0.00    0.00    0.00    0.00    0.00
OF572.0  -5.1134    0.00 8.8178     0.00    0.00    0.00    0.00    0.00
OF574.0  -5.0823    0.00 8.8178     0.00    0.00    0.00    0.00    0.00
OF576.0  -5.0513    0.00 8.8178     0.00    0.00    0.00    0.00    0.00
OF578.0  -5.0202    0.00 8.8178     0.00    0.00    0.00    0.00    0.00
OF580.0  -5.0271    0.00 8.8178     0.00    0.00    0.00    0.00    0.00
OF582.0  -5.053     0.00 8.8178     0.00    0.00    0.00    0.00    0.00
OF584.0  -5.0031    0.00 8.8178     0.00    0.00    0.00    0.00    0.00
OF586.0  -4.9532    0.00 8.8178     0.00    0.00    0.00    0.00    0.00
OF588.0  -4.8834    0.00 8.8178     0.00    0.00    0.00    0.00    0.00
OF590.0  -4.8829    0.00 8.8178     0.00    0.00    0.00    0.00    0.00
OF592.0  -4.9877    0.00 8.8178     0.00    0.00    0.00    0.00    0.00
OF594.0  -5.1248    0.00 8.8178     0.00    0.00    0.00    0.00    0.00
OF596.0  -5.2619    0.00 8.8178     0.00    0.00    0.00    0.00    0.00
OF598.0  -5.3111    0.00 8.8178     0.00    0.00    0.00    0.00    0.00
OF600.0  -5.2637    0.00 8.8178     0.00    0.00    0.00    0.00    0.00
OF602.0  -5.1994    0.00 8.8178     0.00    0.00    0.00    0.00    0.00
OF604.0  -4.9896    0.00 8.8178     0.00    0.00    0.00    0.00    0.00
OF606.0  -5.0304    0.00 8.8178     0.00    0.00    0.00    0.00    0.00
OF608.0  -5.1706    0.00 8.8178     0.00    0.00    0.00    0.00    0.00
OF610.0  -5.3108    0.00 8.8178     0.00    0.00    0.00    0.00    0.00
OF612.0  -5.3079    0.00 8.8178     0.00    0.00    0.00    0.00    0.00
OF614.0  -4.993     0.00 8.8177     0.00    0.00    0.00    0.00    0.00
OF616.0  -4.9862    0.00 8.8177     0.00    0.00    0.00    0.00    0.00
OF618.0  -4.9984    0.00 8.8177     0.00    0.00    0.00    0.00    0.00
OF620.0  -5.0106    0.00 8.8177     0.00    0.00    0.00    0.00    0.00
OF622.0  -5.0228    0.00 8.8177     0.00    0.00    0.00    0.00    0.00
OF624.0  -5.0639    0.00 8.8177     0.00    0.00    0.00    0.00    0.00
OF626.0  -5.1317    0.00 8.8177     0.00    0.00    0.00    0.00    0.00
OF628.0  -5.177     0.00 8.8177     0.00    0.00    0.00    0.00    0.00
OF630.0  -5.2229    0.00 8.8177     0.00    0.00    0.00    0.00    0.00
OF632.0  -5.2354    0.00 8.8177     0.00    0.00    0.00    0.00    0.00
OF634.0  -5.1647    0.00 8.8177     0.00    0.00    0.00    0.00    0.00
OF636.0  -5.087     0.00 8.8177     0.00    0.00    0.00    0.00    0.00
OF638.0  -4.973     0.00 8.8176     0.00    0.00    0.00    0.00    0.00
OF640.0  -4.859     0.00 8.8176     0.00    0.00    0.00    0.00    0.00
OF642.0  -4.7451    0.00 8.8176     0.00    0.00    0.00    0.00    0.00
OF644.0  -4.6494    0.00 8.8176     0.00    0.00    0.00    0.00    0.00
OF646.0  -4.7935    0.00 8.8176     0.00    0.00    0.00    0.00    0.00
OF648.0  -4.8867    0.00 8.8176     0.00    0.00    0.00    0.00    0.00
OF650.0  -4.9698    0.00 8.8176     0.00    0.00    0.00    0.00    0.00
OF652.0  -5.053     0.00 8.8176     0.00    0.00    0.00    0.00    0.00
OF654.0  -5.1361    0.00 8.8176     0.00    0.00    0.00    0.00    0.00
OF656.0  -5.2044    0.00 8.8176     0.00    0.00    0.00    0.00    0.00
OF658.0  -5.2485    0.00 8.8176     0.00    0.00    0.00    0.00    0.00
OF660.0  -5.194     0.00 8.8175     0.00    0.00    0.00    0.00    0.00
OF662.0  -5.1008    0.00 8.8175     0.00    0.00    0.00    0.00    0.00
OF664.0  -5.0722    0.00 8.8175     0.00    0.00    0.00    0.00    0.00
OF666.0  -5.1986    0.00 8.8175     0.00    0.00    0.00    0.00    0.00
OF668.0  -5.325     0.00 8.8175     0.00    0.00    0.00    0.00    0.00
OF670.0  -5.2914    0.00 8.8175     0.00    0.00    0.00    0.00    0.00
OF672.0  -5.1403    0.00 8.8175     0.00    0.00    0.00    0.00    0.00
OF674.0  -4.9893    0.00 8.8175     0.00    0.00    0.00    0.00    0.00
OF676.0  -4.8383    0.00 8.8175     0.00    0.00    0.00    0.00    0.00
OF678.0  -4.8424    0.00 8.8175     0.00    0.00    0.00    0.00    0.00
OF680.0  -4.8867    0.00 8.8175     0.00    0.00    0.00    0.00    0.00
OF682.0  -4.9719    0.00 8.8175     0.00    0.00    0.00    0.00    0.00
OF684.0  -5.0535    0.00 8.8175     0.00    0.00    0.00    0.00    0.00
OF686.0  -5.1311    0.00 8.8175     0.00    0.00    0.00    0.00    0.00
OF688.0  -5.2055    0.00 8.8175     0.00    0.00    0.00    0.00    0.00
OF690.0  -5.28      0.00 8.8175     0.00    0.00    0.00    0.00    0.00
OF692.0  -5.1712    0.00 8.8175     0.00    0.00    0.00    0.00    0.00
OF694.0  -5.0185    0.00 8.8175     0.00    0.00    0.00    0.00    0.00
OF696.0  -4.8658    0.00 8.8175     0.00    0.00    0.00    0.00    0.00
OF698.0  -4.8059    0.00 8.8174     0.00    0.00    0.00    0.00    0.00
OF700.0  -4.7487    0.00 8.8174     0.00    0.00    0.00    0.00    0.00
OF702.0  -4.7131    0.00 8.8174     0.00    0.00    0.00    0.00    0.00
OF704.0  -4.8778    0.00 8.8174     0.00    0.00    0.00    0.00    0.00
OF706.0  -5.0602    0.00 8.8174     0.00    0.00    0.00    0.00    0.00
OF708.0  -5.3807    0.00 8.8174     0.00    0.00    0.00    0.00    0.00
OF710.0  -5.47      0.00 8.8174     0.00    0.00    0.00    0.00    0.00
OF712.0  -5.4892    0.00 8.8174     0.00    0.00    0.00    0.00    0.00
OF714.0  -5.468     0.00 8.8174     0.00    0.00    0.00    0.00    0.00
OF716.0  -5.4464    0.00 8.8174     0.00    0.00    0.00    0.00    0.00
OF718.0  -5.4754    0.00 8.8174     0.00    0.00    0.00    0.00    0.00
OF720.0  -5.4987    0.00 8.8174     0.00    0.00    0.00    0.00    0.00
OF722.0  -5.5219    0.00 8.8175     0.00    0.00    0.00    0.00    0.00
OF724.0  -5.4956    0.00 8.8176     0.00    0.00    0.00    0.00    0.00
OF726.0  -5.4691    0.00 8.8177     0.00    0.00    0.00    0.00    0.00
OF728.0  -5.4156    0.00 8.8178     0.00    0.00    0.00    0.00    0.00
OF730.0  -5.1925    0.00 8.8178     0.00    0.00    0.00    0.00    0.00
OF732.0  -5.0243    0.00 8.8179     0.00    0.00    0.00    0.00    0.00
OF734.0  -4.8821    0.00 8.818      0.00    0.00    0.00    0.00    0.00
OF736.0  -4.7868    0.00 8.8181     0.00    0.00    0.00    0.00    0.00
OF738.0  -4.6315    0.00 8.8182     0.00    0.00    0.00    0.00    0.00
OF740.0  -4.5598    0.00 8.8183     0.00    0.00    0.00    0.00    0.00
OF742.0  -4.5021    0.00 8.8184     0.00    0.00    0.00    0.00    0.00
OF744.0  -4.4892    0.00 8.8184     0.00    0.00    0.00    0.00    0.00
OF746.0  -4.5005    0.00 8.8185     0.00    0.00    0.00    0.00    0.00
OF748.0  -4.42      0.00 8.8186     0.00    0.00    0.00    0.00    0.00
OF750.0  -4.3651    0.00 8.8187     0.00    0.00    0.00    0.00    0.00
OF752.0  -4.4915    0.00 8.8188     0.00    0.00    0.00    0.00    0.00
OF754.0  -4.5905    0.00 8.8189     0.00    0.00    0.00    0.00    0.00
OF756.0  -4.5455    0.00 8.8189     0.00    0.00    0.00    0.00    0.00
OF758.0  -4.5254    0.00 8.819      0.00    0.00    0.00    0.00    0.00
OF760.0  -4.4734    0.00 8.8191     0.00    0.00    0.00    0.00    0.00
OF762.0  -4.4238    0.00 8.8191     0.00    0.00    0.00    0.00    0.00
OF764.0  -4.2809    0.00 8.8191     0.00    0.00    0.00    0.00    0.00
OF766.0  -4.0149    0.00 8.8192     0.00    0.00    0.00    0.00    0.00
OF768.0  -3.955     0.00 8.8192     0.00    0.00    0.00    0.00    0.00
OF770.0  -3.6908    0.00 8.8193     0.00    0.00    0.00    0.00    0.00
OF772.0  -3.2586    0.00 8.8193     0.00    0.00    0.00    0.00    0.00
OF774.0  -3.2277    0.00 8.8193     0.00    0.00    0.00    0.00    0.00
OF776.0  -3.247     0.00 8.8194     0.00    0.00    0.00    0.00    0.00
OF778.0  -3.1232    0.00 8.8194     0.00    0.00    0.00    0.00    0.00
OF780.0  -2.9576    0.00 8.8195     0.00    0.00    0.00    0.00    0.00
OF782.0  -2.8848    0.00 8.8195     0.00    0.00    0.00    0.00    0.00
OF784.0  -3.0245    0.00 8.8195     0.00    0.00    0.00    0.00    0.00
OF786.0  -3.213     0.00 8.8196     0.00    0.00    0.00    0.00    0.00
OF788.0  -3.318     0.00 8.8196     0.00    0.00    0.00    0.00    0.00
OF790.0  -3.4103    0.00 8.8196     0.00    0.00    0.00    0.00    0.00
OF792.0  -3.485     0.00 8.8197     0.00    0.00    0.00    0.00    0.00
OF794.0  -3.77      0.00 8.8197     0.00    0.00    0.00    0.00    0.00
OF796.0  -4.0442    0.00 8.8198     0.00    0.00    0.00    0.00    0.00
OF798.0  -4.0351    0.00 8.8198     0.00    0.00    0.00    0.00    0.00
OF800.0  -3.9286    0.00 8.8198     0.00    0.00    0.00    0.00    0.00
OF802.0  -3.8221    0.00 8.8199     0.00    0.00    0.00    0.00    0.00
OF804.0  -3.7156    0.00 8.8199     0.00    0.00    0.00    0.00    0.00
OF806.0  -3.5099    0.00 8.82       0.00    0.00    0.00    0.00    0.00
OF808.0  -3.3751    0.00 8.82       0.00    0.00    0.00    0.00    0.00
OF810.0  -3.3274    0.00 8.82       0.00    0.00    0.00    0.00    0.00
OF812.0  -3.3155    0.00 8.8201     0.00    0.00    0.00    0.00    0.00
OF814.0  -3.1114    0.00 8.8201     0.00    0.00    0.00    0.00    0.00
OF816.0  -2.9831    0.00 8.8201     0.00    0.00    0.00    0.00    0.00
OF818.0  -2.8755    0.00 8.8202     0.00    0.00    0.00    0.00    0.00
OF820.0  -2.8456    0.00 8.8202     0.00    0.00    0.00    0.00    0.00
OF822.0  -2.7618    0.00 8.8202     0.00    0.00    0.00    0.00    0.00
OF824.0  -2.6085    0.00 8.8202     0.00    0.00    0.00    0.00    0.00
OF826.0  -2.5499    0.00 8.8202     0.00    0.00    0.00    0.00    0.00
OF828.0  -2.641     0.00 8.8202     0.00    0.00    0.00    0.00    0.00
OF830.0  -2.742     0.00 8.8202     0.00    0.00    0.00    0.00    0.00
OF832.0  -2.7641    0.00 8.8202     0.00    0.00    0.00    0.00    0.00
OF834.0  -2.7608    0.00 8.8202     0.00    0.00    0.00    0.00    0.00
OF836.0  -2.7663    0.00 8.8202     0.00    0.00    0.00    0.00    0.00
OF838.0  -2.6584    0.00 8.8202     0.00    0.00    0.00    0.00    0.00
OF840.0  -2.4266    0.00 8.8202     0.00    0.00    0.00    0.00    0.00
OF842.0  -2.2292    0.00 8.8202     0.00    0.00    0.00    0.00    0.00
OF844.0  -2.2435    0.00 8.8202     0.00    0.00    0.00    0.00    0.00
OF846.0  -2.1368    0.00 8.8202     0.00    0.00    0.00    0.00    0.00
IF872.0  1.3411     0.00 8.8202     0.00    0.00    0.00    0.00    0.00
IF876.0  1.3884     0.00 8.8202     0.00    0.00    0.00    0.00    0.00
IF878.0  1.8118     0.00 8.8202     0.00    0.00    0.00    0.00    0.00
IF880.0  2.0102     0.00 8.8202     0.00    0.00    0.00    0.00    0.00
IF882.0  2.1152     0.00 8.8202     0.00    0.00    0.00    0.00    0.00
IF884.0  2.1943     0.00 8.8202     0.00    0.00    0.00    0.00    0.00
IF886.0  2.5507     0.00 8.8202     0.00    0.00    0.00    0.00    0.00
IF888.0  2.653      0.00 8.8202     0.00    0.00    0.00    0.00    0.00
IF890.0  2.7814     0.00 8.8202     0.00    0.00    0.00    0.00    0.00
IF892.0  3.0004     0.00 8.8202     0.00    0.00    0.00    0.00    0.00
IF894.0  3.4472     0.00 8.8202     0.00    0.00    0.00    0.00    0.00
IF896.0  3.7322     0.00 8.8202     0.00    0.00    0.00    0.00    0.00
IF898.0  3.9718     0.00 8.8202     0.00    0.00    0.00    0.00    0.00
IF900.0  4.0011     0.00 8.8202     0.00    0.00    0.00    0.00    0.00
IF902.0  3.9358     0.00 8.8202     0.00    0.00    0.00    0.00    0.00
IF904.0  4.0021     0.00 8.8202     0.00    0.00    0.00    0.00    0.00
IF906.0  4.3231     0.00 8.8202     0.00    0.00    0.00    0.00    0.00
IF908.0  4.6442     0.00 8.8202     0.00    0.00    0.00    0.00    0.00
IF910.0  5.0062     0.00 8.8202     0.00    0.00    0.00    0.00    0.00
IF912.0  5.3222     0.00 8.8202     0.00    0.00    0.00    0.00    0.00
IF914.0  5.6222     0.00 8.8202     0.00    0.00    0.00    0.00    0.00
IF915.4  5.87       0.00 8.8207     0.00    0.00    0.00    0.00    0.00
IF918.6  6.7323     0.00 8.8291     0.00    0.00    0.00    0.00    0.00
IF921.9  8.7741     0.00 9.3494     0.00    0.00    0.00    0.00    0.00
IF922.8  9.3494     0.00 9.3494     0.00    0.00    0.00    0.00    0.00
PS START(419773.2061,4843868.0777)
PS END(420055.5591,4844000.8806)
ET
 
 
 
