header
IE0.0    -19.940       1       1 8.8742  8.1081  7.9511    56.14   56.14
OF2.0    -19.915    0.00 8.8742     0.00    0.00    0.00    0.00    0.00
OF4.0    -19.891    0.00 8.8742     0.00    0.00    0.00    0.00    0.00
OF6.0    -19.866    0.00 8.8742     0.00    0.00    0.00    0.00    0.00
OF8.0    -19.842    0.00 8.8742     0.00    0.00    0.00    0.00    0.00
OF10.0   -19.818    0.00 8.8742     0.00    0.00    0.00    0.00    0.00
OF12.0   -19.793    0.00 8.8743     0.00    0.00    0.00    0.00    0.00
OF14.0   -19.769    0.00 8.8743     0.00    0.00    0.00    0.00    0.00
OF16.0   -19.744    0.00 8.8743     0.00    0.00    0.00    0.00    0.00
OF18.0   -19.720    0.00 8.8743     0.00    0.00    0.00    0.00    0.00
OF20.0   -19.696    0.00 8.8743     0.00    0.00    0.00    0.00    0.00
OF22.0   -19.671    0.00 8.8743     0.00    0.00    0.00    0.00    0.00
OF24.0   -19.647    0.00 8.8743     0.00    0.00    0.00    0.00    0.00
OF26.0   -19.622    0.00 8.8743     0.00    0.00    0.00    0.00    0.00
OF28.0   -19.598    0.00 8.8743     0.00    0.00    0.00    0.00    0.00
OF30.0   -19.573    0.00 8.8743     0.00    0.00    0.00    0.00    0.00
OF32.0   -19.549    0.00 8.8743     0.00    0.00    0.00    0.00    0.00
OF34.0   -19.525    0.00 8.8743     0.00    0.00    0.00    0.00    0.00
OF36.0   -19.500    0.00 8.8744     0.00    0.00    0.00    0.00    0.00
OF38.0   -19.476    0.00 8.8744     0.00    0.00    0.00    0.00    0.00
OF40.0   -19.451    0.00 8.8744     0.00    0.00    0.00    0.00    0.00
OF42.0   -19.427    0.00 8.8744     0.00    0.00    0.00    0.00    0.00
OF44.0   -19.403    0.00 8.8745     0.00    0.00    0.00    0.00    0.00
OF46.0   -19.378    0.00 8.8745     0.00    0.00    0.00    0.00    0.00
OF48.0   -19.354    0.00 8.8745     0.00    0.00    0.00    0.00    0.00
OF50.0   -19.329    0.00 8.8745     0.00    0.00    0.00    0.00    0.00
OF52.0   -19.305    0.00 8.8745     0.00    0.00    0.00    0.00    0.00
OF54.0   -19.280    0.00 8.8746     0.00    0.00    0.00    0.00    0.00
OF56.0   -19.256    0.00 8.8746     0.00    0.00    0.00    0.00    0.00
OF58.0   -19.232    0.00 8.8746     0.00    0.00    0.00    0.00    0.00
OF60.0   -19.207    0.00 8.8746     0.00    0.00    0.00    0.00    0.00
OF62.0   -19.183    0.00 8.8746     0.00    0.00    0.00    0.00    0.00
OF64.0   -19.158    0.00 8.8747     0.00    0.00    0.00    0.00    0.00
OF66.0   -19.134    0.00 8.8747     0.00    0.00    0.00    0.00    0.00
OF68.0   -19.11     0.00 8.8747     0.00    0.00    0.00    0.00    0.00
OF70.0   -19.085    0.00 8.8747     0.00    0.00    0.00    0.00    0.00
OF72.0   -19.061    0.00 8.8747     0.00    0.00    0.00    0.00    0.00
OF74.0   -19.030    0.00 8.8748     0.00    0.00    0.00    0.00    0.00
OF76.0   -18.982    0.00 8.8748     0.00    0.00    0.00    0.00    0.00
OF78.0   -18.935    0.00 8.8748     0.00    0.00    0.00    0.00    0.00
OF80.0   -18.887    0.00 8.8748     0.00    0.00    0.00    0.00    0.00
OF82.0   -18.839    0.00 8.8748     0.00    0.00    0.00    0.00    0.00
OF84.0   -18.791    0.00 8.8749     0.00    0.00    0.00    0.00    0.00
OF86.0   -18.743    0.00 8.8749     0.00    0.00    0.00    0.00    0.00
OF88.0   -18.696    0.00 8.8749     0.00    0.00    0.00    0.00    0.00
OF90.0   -18.648    0.00 8.8749     0.00    0.00    0.00    0.00    0.00
OF92.0   -18.600    0.00 8.8749     0.00    0.00    0.00    0.00    0.00
OF94.0   -18.552    0.00 8.875      0.00    0.00    0.00    0.00    0.00
OF96.0   -18.504    0.00 8.875      0.00    0.00    0.00    0.00    0.00
OF98.0   -18.457    0.00 8.875      0.00    0.00    0.00    0.00    0.00
OF100.0  -18.409    0.00 8.875      0.00    0.00    0.00    0.00    0.00
OF102.0  -18.361    0.00 8.875      0.00    0.00    0.00    0.00    0.00
OF104.0  -18.313    0.00 8.8751     0.00    0.00    0.00    0.00    0.00
OF106.0  -18.266    0.00 8.8751     0.00    0.00    0.00    0.00    0.00
OF108.0  -18.218    0.00 8.8751     0.00    0.00    0.00    0.00    0.00
OF110.0  -18.170    0.00 8.8751     0.00    0.00    0.00    0.00    0.00
OF112.0  -18.122    0.00 8.8752     0.00    0.00    0.00    0.00    0.00
OF114.0  -18.074    0.00 8.8752     0.00    0.00    0.00    0.00    0.00
OF116.0  -18.027    0.00 8.8752     0.00    0.00    0.00    0.00    0.00
OF118.0  -17.979    0.00 8.8752     0.00    0.00    0.00    0.00    0.00
OF120.0  -17.931    0.00 8.8752     0.00    0.00    0.00    0.00    0.00
OF122.0  -17.883    0.00 8.8753     0.00    0.00    0.00    0.00    0.00
OF124.0  -17.835    0.00 8.8753     0.00    0.00    0.00    0.00    0.00
OF126.0  -17.788    0.00 8.8753     0.00    0.00    0.00    0.00    0.00
OF128.0  -17.740    0.00 8.8753     0.00    0.00    0.00    0.00    0.00
OF130.0  -17.692    0.00 8.8753     0.00    0.00    0.00    0.00    0.00
OF132.0  -17.644    0.00 8.8754     0.00    0.00    0.00    0.00    0.00
OF134.0  -17.596    0.00 8.8754     0.00    0.00    0.00    0.00    0.00
OF136.0  -17.555    0.00 8.8754     0.00    0.00    0.00    0.00    0.00
OF138.0  -17.516    0.00 8.8754     0.00    0.00    0.00    0.00    0.00
OF140.0  -17.477    0.00 8.8754     0.00    0.00    0.00    0.00    0.00
OF142.0  -17.438    0.00 8.8755     0.00    0.00    0.00    0.00    0.00
OF144.0  -17.398    0.00 8.8755     0.00    0.00    0.00    0.00    0.00
OF146.0  -17.359    0.00 8.8755     0.00    0.00    0.00    0.00    0.00
OF148.0  -17.320    0.00 8.8755     0.00    0.00    0.00    0.00    0.00
OF150.0  -17.281    0.00 8.8755     0.00    0.00    0.00    0.00    0.00
OF152.0  -17.242    0.00 8.8756     0.00    0.00    0.00    0.00    0.00
OF154.0  -17.203    0.00 8.8756     0.00    0.00    0.00    0.00    0.00
OF156.0  -17.164    0.00 8.8756     0.00    0.00    0.00    0.00    0.00
OF158.0  -17.125    0.00 8.8756     0.00    0.00    0.00    0.00    0.00
OF160.0  -17.085    0.00 8.8756     0.00    0.00    0.00    0.00    0.00
OF162.0  -17.046    0.00 8.8757     0.00    0.00    0.00    0.00    0.00
OF164.0  -17.007    0.00 8.8757     0.00    0.00    0.00    0.00    0.00
OF166.0  -16.968    0.00 8.8757     0.00    0.00    0.00    0.00    0.00
OF168.0  -16.929    0.00 8.8757     0.00    0.00    0.00    0.00    0.00
OF170.0  -16.890    0.00 8.8758     0.00    0.00    0.00    0.00    0.00
OF172.0  -16.851    0.00 8.8758     0.00    0.00    0.00    0.00    0.00
OF174.0  -16.811    0.00 8.8758     0.00    0.00    0.00    0.00    0.00
OF176.0  -16.772    0.00 8.8758     0.00    0.00    0.00    0.00    0.00
OF178.0  -16.733    0.00 8.8758     0.00    0.00    0.00    0.00    0.00
OF180.0  -16.694    0.00 8.8759     0.00    0.00    0.00    0.00    0.00
OF182.0  -16.655    0.00 8.8759     0.00    0.00    0.00    0.00    0.00
OF184.0  -16.616    0.00 8.8759     0.00    0.00    0.00    0.00    0.00
OF186.0  -16.577    0.00 8.8759     0.00    0.00    0.00    0.00    0.00
OF188.0  -16.537    0.00 8.8759     0.00    0.00    0.00    0.00    0.00
OF190.0  -16.498    0.00 8.876      0.00    0.00    0.00    0.00    0.00
OF192.0  -16.459    0.00 8.876      0.00    0.00    0.00    0.00    0.00
OF194.0  -16.420    0.00 8.876      0.00    0.00    0.00    0.00    0.00
OF196.0  -16.381    0.00 8.876      0.00    0.00    0.00    0.00    0.00
OF198.0  -16.342    0.00 8.876      0.00    0.00    0.00    0.00    0.00
OF200.0  -16.303    0.00 8.8761     0.00    0.00    0.00    0.00    0.00
OF202.0  -16.264    0.00 8.8761     0.00    0.00    0.00    0.00    0.00
OF204.0  -16.224    0.00 8.8761     0.00    0.00    0.00    0.00    0.00
OF206.0  -16.185    0.00 8.8761     0.00    0.00    0.00    0.00    0.00
OF208.0  -16.146    0.00 8.8761     0.00    0.00    0.00    0.00    0.00
OF210.0  -16.107    0.00 8.8762     0.00    0.00    0.00    0.00    0.00
OF212.0  -16.068    0.00 8.8762     0.00    0.00    0.00    0.00    0.00
OF214.0  -16.029    0.00 8.8762     0.00    0.00    0.00    0.00    0.00
OF216.0  -15.99     0.00 8.8762     0.00    0.00    0.00    0.00    0.00
OF218.0  -15.950    0.00 8.8762     0.00    0.00    0.00    0.00    0.00
OF220.0  -15.911    0.00 8.8763     0.00    0.00    0.00    0.00    0.00
OF222.0  -15.872    0.00 8.8763     0.00    0.00    0.00    0.00    0.00
OF224.0  -15.833    0.00 8.8763     0.00    0.00    0.00    0.00    0.00
OF226.0  -15.794    0.00 8.8763     0.00    0.00    0.00    0.00    0.00
OF228.0  -15.755    0.00 8.8763     0.00    0.00    0.00    0.00    0.00
OF230.0  -15.716    0.00 8.8763     0.00    0.00    0.00    0.00    0.00
OF232.0  -15.676    0.00 8.8764     0.00    0.00    0.00    0.00    0.00
OF234.0  -15.637    0.00 8.8764     0.00    0.00    0.00    0.00    0.00
OF236.0  -15.598    0.00 8.8764     0.00    0.00    0.00    0.00    0.00
OF238.0  -15.559    0.00 8.8764     0.00    0.00    0.00    0.00    0.00
OF240.0  -15.520    0.00 8.8764     0.00    0.00    0.00    0.00    0.00
OF242.0  -15.481    0.00 8.8764     0.00    0.00    0.00    0.00    0.00
OF244.0  -15.442    0.00 8.8764     0.00    0.00    0.00    0.00    0.00
OF246.0  -15.402    0.00 8.8764     0.00    0.00    0.00    0.00    0.00
OF248.0  -15.363    0.00 8.8764     0.00    0.00    0.00    0.00    0.00
OF250.0  -15.324    0.00 8.8764     0.00    0.00    0.00    0.00    0.00
OF252.0  -15.285    0.00 8.8764     0.00    0.00    0.00    0.00    0.00
OF254.0  -15.246    0.00 8.8764     0.00    0.00    0.00    0.00    0.00
OF256.0  -15.207    0.00 8.8764     0.00    0.00    0.00    0.00    0.00
OF258.0  -15.168    0.00 8.8764     0.00    0.00    0.00    0.00    0.00
OF260.0  -15.129    0.00 8.8764     0.00    0.00    0.00    0.00    0.00
OF262.0  -15.085    0.00 8.8764     0.00    0.00    0.00    0.00    0.00
OF264.0  -15.039    0.00 8.8764     0.00    0.00    0.00    0.00    0.00
OF266.0  -14.993    0.00 8.8764     0.00    0.00    0.00    0.00    0.00
OF268.0  -14.947    0.00 8.8764     0.00    0.00    0.00    0.00    0.00
OF270.0  -14.900    0.00 8.8764     0.00    0.00    0.00    0.00    0.00
OF272.0  -14.854    0.00 8.8764     0.00    0.00    0.00    0.00    0.00
OF274.0  -14.808    0.00 8.8764     0.00    0.00    0.00    0.00    0.00
OF276.0  -14.762    0.00 8.8764     0.00    0.00    0.00    0.00    0.00
OF278.0  -14.716    0.00 8.8764     0.00    0.00    0.00    0.00    0.00
OF280.0  -14.669    0.00 8.8764     0.00    0.00    0.00    0.00    0.00
OF282.0  -14.623    0.00 8.8764     0.00    0.00    0.00    0.00    0.00
OF284.0  -14.577    0.00 8.8764     0.00    0.00    0.00    0.00    0.00
OF286.0  -14.531    0.00 8.8764     0.00    0.00    0.00    0.00    0.00
OF288.0  -14.485    0.00 8.8764     0.00    0.00    0.00    0.00    0.00
OF290.0  -14.438    0.00 8.8764     0.00    0.00    0.00    0.00    0.00
OF292.0  -14.392    0.00 8.8764     0.00    0.00    0.00    0.00    0.00
OF294.0  -14.346    0.00 8.8764     0.00    0.00    0.00    0.00    0.00
OF296.0  -14.300    0.00 8.8764     0.00    0.00    0.00    0.00    0.00
OF298.0  -14.244    0.00 8.8764     0.00    0.00    0.00    0.00    0.00
OF300.0  -14.187    0.00 8.8764     0.00    0.00    0.00    0.00    0.00
OF302.0  -14.130    0.00 8.8764     0.00    0.00    0.00    0.00    0.00
OF304.0  -14.073    0.00 8.8764     0.00    0.00    0.00    0.00    0.00
OF306.0  -14.016    0.00 8.8764     0.00    0.00    0.00    0.00    0.00
OF308.0  -13.96     0.00 8.8764     0.00    0.00    0.00    0.00    0.00
OF310.0  -13.903    0.00 8.8764     0.00    0.00    0.00    0.00    0.00
OF312.0  -13.846    0.00 8.8764     0.00    0.00    0.00    0.00    0.00
OF314.0  -13.789    0.00 8.8764     0.00    0.00    0.00    0.00    0.00
OF316.0  -13.732    0.00 8.8764     0.00    0.00    0.00    0.00    0.00
OF318.0  -13.675    0.00 8.8764     0.00    0.00    0.00    0.00    0.00
OF320.0  -13.619    0.00 8.8764     0.00    0.00    0.00    0.00    0.00
OF322.0  -13.562    0.00 8.8764     0.00    0.00    0.00    0.00    0.00
OF324.0  -13.505    0.00 8.8764     0.00    0.00    0.00    0.00    0.00
OF326.0  -13.448    0.00 8.8764     0.00    0.00    0.00    0.00    0.00
OF328.0  -13.391    0.00 8.8764     0.00    0.00    0.00    0.00    0.00
OF330.0  -13.335    0.00 8.8764     0.00    0.00    0.00    0.00    0.00
OF332.0  -13.278    0.00 8.8764     0.00    0.00    0.00    0.00    0.00
OF334.0  -13.221    0.00 8.8765     0.00    0.00    0.00    0.00    0.00
OF336.0  -13.164    0.00 8.8765     0.00    0.00    0.00    0.00    0.00
OF338.0  -13.107    0.00 8.8765     0.00    0.00    0.00    0.00    0.00
OF340.0  -13.050    0.00 8.8765     0.00    0.00    0.00    0.00    0.00
OF342.0  -12.994    0.00 8.8765     0.00    0.00    0.00    0.00    0.00
OF344.0  -12.937    0.00 8.8765     0.00    0.00    0.00    0.00    0.00
OF346.0  -12.880    0.00 8.8765     0.00    0.00    0.00    0.00    0.00
OF348.0  -12.823    0.00 8.8765     0.00    0.00    0.00    0.00    0.00
OF350.0  -12.766    0.00 8.8765     0.00    0.00    0.00    0.00    0.00
OF352.0  -12.71     0.00 8.8765     0.00    0.00    0.00    0.00    0.00
OF354.0  -12.653    0.00 8.8765     0.00    0.00    0.00    0.00    0.00
OF356.0  -12.596    0.00 8.8765     0.00    0.00    0.00    0.00    0.00
OF358.0  -12.539    0.00 8.8765     0.00    0.00    0.00    0.00    0.00
OF360.0  -3.884     0.00 8.8765     0.00    0.00    0.00    0.00    0.00
OF362.0  -3.8757    0.00 8.8765     0.00    0.00    0.00    0.00    0.00
OF364.0  -3.8674    0.00 8.8765     0.00    0.00    0.00    0.00    0.00
OF366.0  -3.8592    0.00 8.8765     0.00    0.00    0.00    0.00    0.00
OF368.0  -3.8509    0.00 8.8765     0.00    0.00    0.00    0.00    0.00
OF370.0  -3.8427    0.00 8.8765     0.00    0.00    0.00    0.00    0.00
OF372.0  -3.8344    0.00 8.8765     0.00    0.00    0.00    0.00    0.00
OF374.0  -3.8262    0.00 8.8765     0.00    0.00    0.00    0.00    0.00
OF376.0  -3.8262    0.00 8.8765     0.00    0.00    0.00    0.00    0.00
OF378.0  -3.8285    0.00 8.8765     0.00    0.00    0.00    0.00    0.00
OF380.0  -3.8308    0.00 8.8765     0.00    0.00    0.00    0.00    0.00
OF382.0  -3.8331    0.00 8.8765     0.00    0.00    0.00    0.00    0.00
OF384.0  -3.8354    0.00 8.8765     0.00    0.00    0.00    0.00    0.00
OF386.0  -3.8377    0.00 8.8765     0.00    0.00    0.00    0.00    0.00
OF388.0  -3.8399    0.00 8.8765     0.00    0.00    0.00    0.00    0.00
OF390.0  -3.8422    0.00 8.8765     0.00    0.00    0.00    0.00    0.00
OF392.0  -3.8445    0.00 8.8765     0.00    0.00    0.00    0.00    0.00
OF394.0  -3.8468    0.00 8.8765     0.00    0.00    0.00    0.00    0.00
OF396.0  -3.8491    0.00 8.8765     0.00    0.00    0.00    0.00    0.00
OF398.0  -3.8513    0.00 8.8765     0.00    0.00    0.00    0.00    0.00
OF400.0  -3.8536    0.00 8.8765     0.00    0.00    0.00    0.00    0.00
OF402.0  -3.8559    0.00 8.8765     0.00    0.00    0.00    0.00    0.00
OF404.0  -3.8582    0.00 8.8765     0.00    0.00    0.00    0.00    0.00
OF406.0  -3.8605    0.00 8.8765     0.00    0.00    0.00    0.00    0.00
OF408.0  -3.8628    0.00 8.8765     0.00    0.00    0.00    0.00    0.00
OF410.0  -3.865     0.00 8.8765     0.00    0.00    0.00    0.00    0.00
OF412.0  -3.8673    0.00 8.8765     0.00    0.00    0.00    0.00    0.00
OF414.0  -3.8696    0.00 8.8765     0.00    0.00    0.00    0.00    0.00
OF416.0  -3.8719    0.00 8.8765     0.00    0.00    0.00    0.00    0.00
OF418.0  -3.8742    0.00 8.8765     0.00    0.00    0.00    0.00    0.00
OF420.0  -3.8764    0.00 8.8765     0.00    0.00    0.00    0.00    0.00
OF422.0  -3.8787    0.00 8.8765     0.00    0.00    0.00    0.00    0.00
OF424.0  -3.881     0.00 8.8765     0.00    0.00    0.00    0.00    0.00
OF426.0  -3.8833    0.00 8.8765     0.00    0.00    0.00    0.00    0.00
OF428.0  -3.8856    0.00 8.8765     0.00    0.00    0.00    0.00    0.00
OF430.0  -3.8879    0.00 8.8765     0.00    0.00    0.00    0.00    0.00
OF432.0  -3.8901    0.00 8.8765     0.00    0.00    0.00    0.00    0.00
OF434.0  -3.8924    0.00 8.8765     0.00    0.00    0.00    0.00    0.00
OF436.0  -3.8947    0.00 8.8765     0.00    0.00    0.00    0.00    0.00
OF438.0  -3.897     0.00 8.8765     0.00    0.00    0.00    0.00    0.00
OF440.0  -3.8993    0.00 8.8765     0.00    0.00    0.00    0.00    0.00
OF442.0  -3.9015    0.00 8.8765     0.00    0.00    0.00    0.00    0.00
OF444.0  -3.9038    0.00 8.8765     0.00    0.00    0.00    0.00    0.00
OF446.0  -3.9061    0.00 8.8765     0.00    0.00    0.00    0.00    0.00
OF448.0  -3.9084    0.00 8.8765     0.00    0.00    0.00    0.00    0.00
OF450.0  -3.9107    0.00 8.8765     0.00    0.00    0.00    0.00    0.00
OF452.0  -3.913     0.00 8.8765     0.00    0.00    0.00    0.00    0.00
OF454.0  -3.9252    0.00 8.8765     0.00    0.00    0.00    0.00    0.00
OF456.0  -3.9385    0.00 8.8765     0.00    0.00    0.00    0.00    0.00
OF458.0  -3.9519    0.00 8.8765     0.00    0.00    0.00    0.00    0.00
OF460.0  -3.9653    0.00 8.8765     0.00    0.00    0.00    0.00    0.00
OF462.0  -3.9787    0.00 8.8765     0.00    0.00    0.00    0.00    0.00
OF464.0  -3.992     0.00 8.8765     0.00    0.00    0.00    0.00    0.00
OF466.0  -4.0054    0.00 8.8765     0.00    0.00    0.00    0.00    0.00
OF468.0  -4.0188    0.00 8.8765     0.00    0.00    0.00    0.00    0.00
OF470.0  -4.0321    0.00 8.8765     0.00    0.00    0.00    0.00    0.00
OF472.0  -4.0455    0.00 8.8765     0.00    0.00    0.00    0.00    0.00
OF474.0  -4.0589    0.00 8.8766     0.00    0.00    0.00    0.00    0.00
OF476.0  -4.0722    0.00 8.8766     0.00    0.00    0.00    0.00    0.00
OF478.0  -4.0856    0.00 8.8766     0.00    0.00    0.00    0.00    0.00
OF480.0  -4.099     0.00 8.8766     0.00    0.00    0.00    0.00    0.00
OF482.0  -4.1123    0.00 8.8766     0.00    0.00    0.00    0.00    0.00
OF484.0  -4.1257    0.00 8.8766     0.00    0.00    0.00    0.00    0.00
OF486.0  -4.1391    0.00 8.8766     0.00    0.00    0.00    0.00    0.00
OF488.0  -4.1524    0.00 8.8766     0.00    0.00    0.00    0.00    0.00
OF490.0  -4.1658    0.00 8.8766     0.00    0.00    0.00    0.00    0.00
OF492.0  -4.1792    0.00 8.8766     0.00    0.00    0.00    0.00    0.00
OF494.0  -4.1925    0.00 8.8766     0.00    0.00    0.00    0.00    0.00
OF496.0  -4.2059    0.00 8.8766     0.00    0.00    0.00    0.00    0.00
OF498.0  -4.2193    0.00 8.8766     0.00    0.00    0.00    0.00    0.00
OF500.0  -4.2327    0.00 8.8766     0.00    0.00    0.00    0.00    0.00
OF502.0  -4.246     0.00 8.8766     0.00    0.00    0.00    0.00    0.00
OF504.0  -4.2594    0.00 8.8766     0.00    0.00    0.00    0.00    0.00
OF506.0  -4.2728    0.00 8.8766     0.00    0.00    0.00    0.00    0.00
OF508.0  -4.2861    0.00 8.8766     0.00    0.00    0.00    0.00    0.00
OF510.0  -4.2995    0.00 8.8766     0.00    0.00    0.00    0.00    0.00
OF512.0  -4.3129    0.00 8.8766     0.00    0.00    0.00    0.00    0.00
OF514.0  -4.308     0.00 8.8766     0.00    0.00    0.00    0.00    0.00
OF516.0  -4.2885    0.00 8.8766     0.00    0.00    0.00    0.00    0.00
OF518.0  -4.2691    0.00 8.8766     0.00    0.00    0.00    0.00    0.00
OF520.0  -4.2496    0.00 8.8766     0.00    0.00    0.00    0.00    0.00
OF522.0  -4.2301    0.00 8.8766     0.00    0.00    0.00    0.00    0.00
OF524.0  -4.2349    0.00 8.8766     0.00    0.00    0.00    0.00    0.00
OF526.0  -4.255     0.00 8.8766     0.00    0.00    0.00    0.00    0.00
OF528.0  -4.2751    0.00 8.8766     0.00    0.00    0.00    0.00    0.00
OF530.0  -4.2952    0.00 8.8766     0.00    0.00    0.00    0.00    0.00
OF532.0  -4.3153    0.00 8.8766     0.00    0.00    0.00    0.00    0.00
OF534.0  -4.3293    0.00 8.8766     0.00    0.00    0.00    0.00    0.00
OF536.0  -4.3285    0.00 8.8766     0.00    0.00    0.00    0.00    0.00
OF538.0  -4.3277    0.00 8.8766     0.00    0.00    0.00    0.00    0.00
OF540.0  -4.3269    0.00 8.8766     0.00    0.00    0.00    0.00    0.00
OF542.0  -4.3261    0.00 8.8766     0.00    0.00    0.00    0.00    0.00
OF544.0  -4.3253    0.00 8.8766     0.00    0.00    0.00    0.00    0.00
OF546.0  -4.3245    0.00 8.8766     0.00    0.00    0.00    0.00    0.00
OF548.0  -4.3237    0.00 8.8766     0.00    0.00    0.00    0.00    0.00
OF550.0  -4.3228    0.00 8.8766     0.00    0.00    0.00    0.00    0.00
OF552.0  -4.322     0.00 8.8766     0.00    0.00    0.00    0.00    0.00
OF554.0  -4.3212    0.00 8.8766     0.00    0.00    0.00    0.00    0.00
OF556.0  -4.3204    0.00 8.8766     0.00    0.00    0.00    0.00    0.00
OF558.0  -4.3196    0.00 8.8766     0.00    0.00    0.00    0.00    0.00
OF560.0  -4.3188    0.00 8.8766     0.00    0.00    0.00    0.00    0.00
OF562.0  -4.3179    0.00 8.8766     0.00    0.00    0.00    0.00    0.00
OF564.0  -4.3164    0.00 8.8766     0.00    0.00    0.00    0.00    0.00
OF566.0  -4.3149    0.00 8.8766     0.00    0.00    0.00    0.00    0.00
OF568.0  -4.3134    0.00 8.8766     0.00    0.00    0.00    0.00    0.00
OF570.0  -4.3119    0.00 8.8766     0.00    0.00    0.00    0.00    0.00
OF572.0  -4.3103    0.00 8.8766     0.00    0.00    0.00    0.00    0.00
OF574.0  -4.3088    0.00 8.8766     0.00    0.00    0.00    0.00    0.00
OF576.0  -4.3073    0.00 8.8766     0.00    0.00    0.00    0.00    0.00
OF578.0  -4.3058    0.00 8.8766     0.00    0.00    0.00    0.00    0.00
OF580.0  -4.3042    0.00 8.8766     0.00    0.00    0.00    0.00    0.00
OF582.0  -4.3027    0.00 8.8766     0.00    0.00    0.00    0.00    0.00
OF584.0  -4.3012    0.00 8.8766     0.00    0.00    0.00    0.00    0.00
OF586.0  -4.2997    0.00 8.8766     0.00    0.00    0.00    0.00    0.00
OF588.0  -4.2982    0.00 8.8766     0.00    0.00    0.00    0.00    0.00
OF590.0  -4.2966    0.00 8.8766     0.00    0.00    0.00    0.00    0.00
OF592.0  -4.2951    0.00 8.8766     0.00    0.00    0.00    0.00    0.00
OF594.0  -4.2936    0.00 8.8766     0.00    0.00    0.00    0.00    0.00
OF596.0  -4.2921    0.00 8.8766     0.00    0.00    0.00    0.00    0.00
OF598.0  -4.2906    0.00 8.8766     0.00    0.00    0.00    0.00    0.00
OF600.0  -4.289     0.00 8.8766     0.00    0.00    0.00    0.00    0.00
OF602.0  -4.2875    0.00 8.8766     0.00    0.00    0.00    0.00    0.00
OF604.0  -4.286     0.00 8.8766     0.00    0.00    0.00    0.00    0.00
OF606.0  -4.2845    0.00 8.8766     0.00    0.00    0.00    0.00    0.00
OF608.0  -4.283     0.00 8.8766     0.00    0.00    0.00    0.00    0.00
OF610.0  -4.2814    0.00 8.8766     0.00    0.00    0.00    0.00    0.00
OF612.0  -4.2799    0.00 8.8766     0.00    0.00    0.00    0.00    0.00
OF614.0  -4.2784    0.00 8.8766     0.00    0.00    0.00    0.00    0.00
OF616.0  -4.2769    0.00 8.8766     0.00    0.00    0.00    0.00    0.00
OF618.0  -4.2754    0.00 8.8766     0.00    0.00    0.00    0.00    0.00
OF620.0  -4.2738    0.00 8.8766     0.00    0.00    0.00    0.00    0.00
OF622.0  -4.2723    0.00 8.8766     0.00    0.00    0.00    0.00    0.00
OF624.0  -4.2708    0.00 8.8766     0.00    0.00    0.00    0.00    0.00
OF626.0  -4.2693    0.00 8.8766     0.00    0.00    0.00    0.00    0.00
OF628.0  -4.2678    0.00 8.8766     0.00    0.00    0.00    0.00    0.00
OF630.0  -4.2662    0.00 8.8766     0.00    0.00    0.00    0.00    0.00
OF632.0  -4.2647    0.00 8.8767     0.00    0.00    0.00    0.00    0.00
OF634.0  -4.2632    0.00 8.8767     0.00    0.00    0.00    0.00    0.00
OF636.0  -4.2617    0.00 8.8767     0.00    0.00    0.00    0.00    0.00
OF638.0  -4.2602    0.00 8.8767     0.00    0.00    0.00    0.00    0.00
OF640.0  -4.2586    0.00 8.8768     0.00    0.00    0.00    0.00    0.00
OF642.0  -4.3389    0.00 8.8768     0.00    0.00    0.00    0.00    0.00
OF644.0  -4.42      0.00 8.8768     0.00    0.00    0.00    0.00    0.00
OF646.0  -4.4577    0.00 8.8768     0.00    0.00    0.00    0.00    0.00
OF648.0  -4.5449    0.00 8.8769     0.00    0.00    0.00    0.00    0.00
OF650.0  -4.6169    0.00 8.8769     0.00    0.00    0.00    0.00    0.00
OF652.0  -4.5369    0.00 8.8769     0.00    0.00    0.00    0.00    0.00
OF654.0  -4.4589    0.00 8.8769     0.00    0.00    0.00    0.00    0.00
OF656.0  -4.4594    0.00 8.877      0.00    0.00    0.00    0.00    0.00
OF658.0  -4.4912    0.00 8.877      0.00    0.00    0.00    0.00    0.00
OF660.0  -4.4637    0.00 8.877      0.00    0.00    0.00    0.00    0.00
OF662.0  -4.3215    0.00 8.877      0.00    0.00    0.00    0.00    0.00
OF664.0  -4.2623    0.00 8.877      0.00    0.00    0.00    0.00    0.00
OF666.0  -4.2299    0.00 8.8771     0.00    0.00    0.00    0.00    0.00
OF668.0  -4.2051    0.00 8.8771     0.00    0.00    0.00    0.00    0.00
OF670.0  -4.2166    0.00 8.8771     0.00    0.00    0.00    0.00    0.00
OF672.0  -4.2487    0.00 8.8771     0.00    0.00    0.00    0.00    0.00
OF674.0  -4.2364    0.00 8.8772     0.00    0.00    0.00    0.00    0.00
OF676.0  -4.1659    0.00 8.8772     0.00    0.00    0.00    0.00    0.00
OF678.0  -4.0274    0.00 8.8772     0.00    0.00    0.00    0.00    0.00
OF680.0  -3.9745    0.00 8.8772     0.00    0.00    0.00    0.00    0.00
OF682.0  -3.9925    0.00 8.8773     0.00    0.00    0.00    0.00    0.00
OF684.0  -4.0569    0.00 8.8773     0.00    0.00    0.00    0.00    0.00
OF686.0  -4.1154    0.00 8.8773     0.00    0.00    0.00    0.00    0.00
OF688.0  -3.975     0.00 8.8773     0.00    0.00    0.00    0.00    0.00
OF690.0  -3.922     0.00 8.8774     0.00    0.00    0.00    0.00    0.00
OF692.0  -3.9814    0.00 8.8774     0.00    0.00    0.00    0.00    0.00
OF694.0  -3.9456    0.00 8.8774     0.00    0.00    0.00    0.00    0.00
OF696.0  -3.8184    0.00 8.8774     0.00    0.00    0.00    0.00    0.00
OF698.0  -3.6948    0.00 8.8775     0.00    0.00    0.00    0.00    0.00
OF700.0  -3.7178    0.00 8.8775     0.00    0.00    0.00    0.00    0.00
OF702.0  -3.6608    0.00 8.8775     0.00    0.00    0.00    0.00    0.00
OF704.0  -3.7002    0.00 8.8775     0.00    0.00    0.00    0.00    0.00
OF706.0  -3.7101    0.00 8.8776     0.00    0.00    0.00    0.00    0.00
OF708.0  -3.6677    0.00 8.8776     0.00    0.00    0.00    0.00    0.00
OF710.0  -3.5642    0.00 8.8776     0.00    0.00    0.00    0.00    0.00
OF712.0  -3.4606    0.00 8.8776     0.00    0.00    0.00    0.00    0.00
OF714.0  -3.4004    0.00 8.8777     0.00    0.00    0.00    0.00    0.00
OF716.0  -3.3438    0.00 8.8777     0.00    0.00    0.00    0.00    0.00
OF718.0  -3.3608    0.00 8.8777     0.00    0.00    0.00    0.00    0.00
OF720.0  -3.4928    0.00 8.8777     0.00    0.00    0.00    0.00    0.00
OF722.0  -3.6053    0.00 8.8778     0.00    0.00    0.00    0.00    0.00
OF724.0  -3.7795    0.00 8.8778     0.00    0.00    0.00    0.00    0.00
OF726.0  -3.9926    0.00 8.8779     0.00    0.00    0.00    0.00    0.00
OF728.0  -4.1841    0.00 8.8781     0.00    0.00    0.00    0.00    0.00
OF730.0  -4.1989    0.00 8.8782     0.00    0.00    0.00    0.00    0.00
OF732.0  -4.176     0.00 8.8784     0.00    0.00    0.00    0.00    0.00
OF734.0  -4.1194    0.00 8.8786     0.00    0.00    0.00    0.00    0.00
OF736.0  -4.1061    0.00 8.8787     0.00    0.00    0.00    0.00    0.00
OF738.0  -4.0324    0.00 8.8789     0.00    0.00    0.00    0.00    0.00
OF740.0  -3.9072    0.00 8.8791     0.00    0.00    0.00    0.00    0.00
OF742.0  -3.716     0.00 8.8793     0.00    0.00    0.00    0.00    0.00
OF744.0  -3.5455    0.00 8.8795     0.00    0.00    0.00    0.00    0.00
OF746.0  -3.5491    0.00 8.8797     0.00    0.00    0.00    0.00    0.00
OF748.0  -3.5106    0.00 8.8799     0.00    0.00    0.00    0.00    0.00
OF750.0  -3.3849    0.00 8.8802     0.00    0.00    0.00    0.00    0.00
OF752.0  -3.2353    0.00 8.8804     0.00    0.00    0.00    0.00    0.00
OF754.0  -3.1058    0.00 8.8806     0.00    0.00    0.00    0.00    0.00
OF756.0  -2.9681    0.00 8.8808     0.00    0.00    0.00    0.00    0.00
OF758.0  -2.8583    0.00 8.881      0.00    0.00    0.00    0.00    0.00
OF760.0  -2.7657    0.00 8.8812     0.00    0.00    0.00    0.00    0.00
OF762.0  -2.6302    0.00 8.8814     0.00    0.00    0.00    0.00    0.00
OF764.0  -2.4199    0.00 8.8816     0.00    0.00    0.00    0.00    0.00
OF766.0  -2.194     0.00 8.8818     0.00    0.00    0.00    0.00    0.00
OF768.0  -2.0464    0.00 8.882      0.00    0.00    0.00    0.00    0.00
OF770.0  -1.9752    0.00 8.8822     0.00    0.00    0.00    0.00    0.00
OF772.0  -1.8847    0.00 8.8824     0.00    0.00    0.00    0.00    0.00
OF774.0  -1.799     0.00 8.8826     0.00    0.00    0.00    0.00    0.00
OF776.0  -1.504     0.00 8.8828     0.00    0.00    0.00    0.00    0.00
OF778.0  -1.2142    0.00 8.883      0.00    0.00    0.00    0.00    0.00
OF780.0  -1.0257    0.00 8.8832     0.00    0.00    0.00    0.00    0.00
OF782.0  -0.8345    0.00 8.8834     0.00    0.00    0.00    0.00    0.00
OF784.0  -0.5402    0.00 8.8836     0.00    0.00    0.00    0.00    0.00
OF786.0  -0.2239    0.00 8.8838     0.00    0.00    0.00    0.00    0.00
IF788.0  0.0159     0.00 8.884      0.00    0.00    0.00    0.00    0.00
IF790.0  0.2507     0.00 8.8842     0.00    0.00    0.00    0.00    0.00
IF792.0  0.4031     0.00 8.8844     0.00    0.00    0.00    0.00    0.00
IF794.0  0.6107     0.00 8.8846     0.00    0.00    0.00    0.00    0.00
IF796.0  0.8792     0.00 8.8848     0.00    0.00    0.00    0.00    0.00
IF798.0  1.0764     0.00 8.885      0.00    0.00    0.00    0.00    0.00
IF800.0  1.1945     0.00 8.8852     0.00    0.00    0.00    0.00    0.00
IF802.0  1.3123     0.00 8.8854     0.00    0.00    0.00    0.00    0.00
IF804.0  1.4945     0.00 8.8857     0.00    0.00    0.00    0.00    0.00
IF806.0  1.6689     0.00 8.8859     0.00    0.00    0.00    0.00    0.00
IF808.0  1.9029     0.00 8.8861     0.00    0.00    0.00    0.00    0.00
IF810.0  2.1933     0.00 8.8863     0.00    0.00    0.00    0.00    0.00
IF812.0  2.4538     0.00 8.8865     0.00    0.00    0.00    0.00    0.00
IF814.0  2.699      0.00 8.8867     0.00    0.00    0.00    0.00    0.00
IF816.9  3.089      0.00 8.875      0.00    0.00    0.00    0.00    0.00
IF820.2  3.4662     0.00 8.888      0.00    0.00    0.00    0.00    0.00
IF823.5  3.7269     0.00 8.9066     0.00    0.00    0.00    0.00    0.00
IF826.8  4.0705     0.00 8.9252     0.00    0.00    0.00    0.00    0.00
IF830.1  4.4595     0.00 8.9474     0.00    0.00    0.00    0.00    0.00
IF833.3  5.0404     0.00 8.9785     0.00    0.00    0.00    0.00    0.00
IF836.6  5.2325     0.00 9.02       0.00    0.00    0.00    0.00    0.00
IF839.9  5.577      0.00 9.0587     0.00    0.00    0.00    0.00    0.00
IF843.2  6.0182     0.00 9.0968     0.00    0.00    0.00    0.00    0.00
IF846.5  6.9803     0.00 9.1319     0.00    0.00    0.00    0.00    0.00
IF849.7  8.6525     0.00 9.5102     0.00    0.00    0.00    0.00    0.00
IF850.9  9.5102     0.00 9.5102     0.00    0.00    0.00    0.00    0.00
PS START(420980.7324,4848542.1717)
PS END(421005.6784,4848812.8271)
ET
 
 
 
