header
IE0.0    -8.2409       1       1 8.9057  2.8113  2.7023    56.14   56.14
OF1.0    -8.2324    0.00 8.9057     0.00    0.00    0.00    0.00    0.00
OF2.0    -8.224     0.00 8.9057     0.00    0.00    0.00    0.00    0.00
OF3.0    -8.2155    0.00 8.9057     0.00    0.00    0.00    0.00    0.00
OF4.0    -8.207     0.00 8.9057     0.00    0.00    0.00    0.00    0.00
OF5.0    -8.1985    0.00 8.9057     0.00    0.00    0.00    0.00    0.00
OF6.0    -8.1901    0.00 8.9057     0.00    0.00    0.00    0.00    0.00
OF7.0    -8.1816    0.00 8.9057     0.00    0.00    0.00    0.00    0.00
OF8.0    -8.1731    0.00 8.9057     0.00    0.00    0.00    0.00    0.00
OF9.0    -8.1646    0.00 8.9057     0.00    0.00    0.00    0.00    0.00
OF10.0   -8.1562    0.00 8.9057     0.00    0.00    0.00    0.00    0.00
OF11.0   -8.1477    0.00 8.9057     0.00    0.00    0.00    0.00    0.00
OF12.0   -8.1392    0.00 8.9057     0.00    0.00    0.00    0.00    0.00
OF13.0   -8.1315    0.00 8.9057     0.00    0.00    0.00    0.00    0.00
OF14.0   -8.1254    0.00 8.9057     0.00    0.00    0.00    0.00    0.00
OF15.0   -8.1194    0.00 8.9057     0.00    0.00    0.00    0.00    0.00
OF16.0   -8.1133    0.00 8.9057     0.00    0.00    0.00    0.00    0.00
OF17.0   -8.1072    0.00 8.9057     0.00    0.00    0.00    0.00    0.00
OF18.0   -8.1012    0.00 8.9057     0.00    0.00    0.00    0.00    0.00
OF19.0   -8.0951    0.00 8.9057     0.00    0.00    0.00    0.00    0.00
OF20.0   -8.089     0.00 8.9057     0.00    0.00    0.00    0.00    0.00
OF21.0   -8.083     0.00 8.9057     0.00    0.00    0.00    0.00    0.00
OF22.0   -8.0769    0.00 8.9057     0.00    0.00    0.00    0.00    0.00
OF23.0   -8.0709    0.00 8.9057     0.00    0.00    0.00    0.00    0.00
OF24.0   -8.0648    0.00 8.9057     0.00    0.00    0.00    0.00    0.00
OF25.0   -8.0587    0.00 8.9058     0.00    0.00    0.00    0.00    0.00
OF26.0   -8.0527    0.00 8.9058     0.00    0.00    0.00    0.00    0.00
OF27.0   -8.0466    0.00 8.9058     0.00    0.00    0.00    0.00    0.00
OF28.0   -8.0405    0.00 8.9058     0.00    0.00    0.00    0.00    0.00
OF29.0   -8.0347    0.00 8.9058     0.00    0.00    0.00    0.00    0.00
OF30.0   -8.03      0.00 8.9058     0.00    0.00    0.00    0.00    0.00
OF31.0   -8.0253    0.00 8.9058     0.00    0.00    0.00    0.00    0.00
OF32.0   -8.0206    0.00 8.9058     0.00    0.00    0.00    0.00    0.00
OF33.0   -8.0157    0.00 8.9058     0.00    0.00    0.00    0.00    0.00
OF34.0   -8.0055    0.00 8.9058     0.00    0.00    0.00    0.00    0.00
OF35.0   -7.9952    0.00 8.9058     0.00    0.00    0.00    0.00    0.00
OF36.0   -7.985     0.00 8.9058     0.00    0.00    0.00    0.00    0.00
OF37.0   -7.9748    0.00 8.9058     0.00    0.00    0.00    0.00    0.00
OF38.0   -7.9645    0.00 8.9058     0.00    0.00    0.00    0.00    0.00
OF39.0   -7.9543    0.00 8.9058     0.00    0.00    0.00    0.00    0.00
OF40.0   -7.9441    0.00 8.9058     0.00    0.00    0.00    0.00    0.00
OF41.0   -7.9338    0.00 8.9058     0.00    0.00    0.00    0.00    0.00
OF42.0   -7.9236    0.00 8.9058     0.00    0.00    0.00    0.00    0.00
OF43.0   -7.9134    0.00 8.9058     0.00    0.00    0.00    0.00    0.00
OF44.0   -7.9031    0.00 8.9058     0.00    0.00    0.00    0.00    0.00
OF45.0   -7.8929    0.00 8.9058     0.00    0.00    0.00    0.00    0.00
OF46.0   -7.8827    0.00 8.9058     0.00    0.00    0.00    0.00    0.00
OF47.0   -7.8724    0.00 8.9058     0.00    0.00    0.00    0.00    0.00
OF48.0   -7.8622    0.00 8.9058     0.00    0.00    0.00    0.00    0.00
OF49.0   -7.852     0.00 8.9058     0.00    0.00    0.00    0.00    0.00
OF50.0   -7.8418    0.00 8.9058     0.00    0.00    0.00    0.00    0.00
OF51.0   -7.8315    0.00 8.9058     0.00    0.00    0.00    0.00    0.00
OF52.0   -7.8213    0.00 8.9058     0.00    0.00    0.00    0.00    0.00
OF53.0   -7.8111    0.00 8.9058     0.00    0.00    0.00    0.00    0.00
OF54.0   -7.8008    0.00 8.9058     0.00    0.00    0.00    0.00    0.00
OF55.0   -7.7906    0.00 8.9058     0.00    0.00    0.00    0.00    0.00
OF56.0   -7.7804    0.00 8.9058     0.00    0.00    0.00    0.00    0.00
OF57.0   -7.7701    0.00 8.9058     0.00    0.00    0.00    0.00    0.00
OF58.0   -7.7599    0.00 8.9058     0.00    0.00    0.00    0.00    0.00
OF59.0   -7.7497    0.00 8.9058     0.00    0.00    0.00    0.00    0.00
OF60.0   -7.7395    0.00 8.9058     0.00    0.00    0.00    0.00    0.00
OF61.0   -7.7292    0.00 8.9058     0.00    0.00    0.00    0.00    0.00
OF62.0   -7.719     0.00 8.9058     0.00    0.00    0.00    0.00    0.00
OF63.0   -7.7087    0.00 8.9058     0.00    0.00    0.00    0.00    0.00
OF64.0   -7.6985    0.00 8.9058     0.00    0.00    0.00    0.00    0.00
OF65.0   -7.6883    0.00 8.9058     0.00    0.00    0.00    0.00    0.00
OF66.0   -7.6781    0.00 8.9058     0.00    0.00    0.00    0.00    0.00
OF67.0   -7.6678    0.00 8.9058     0.00    0.00    0.00    0.00    0.00
OF68.0   -7.6576    0.00 8.9058     0.00    0.00    0.00    0.00    0.00
OF69.0   -7.6473    0.00 8.9058     0.00    0.00    0.00    0.00    0.00
OF70.0   -7.6371    0.00 8.9058     0.00    0.00    0.00    0.00    0.00
OF71.0   -7.6269    0.00 8.9058     0.00    0.00    0.00    0.00    0.00
OF72.0   -7.6167    0.00 8.9058     0.00    0.00    0.00    0.00    0.00
OF73.0   -7.6064    0.00 8.9058     0.00    0.00    0.00    0.00    0.00
OF74.0   -7.5962    0.00 8.9059     0.00    0.00    0.00    0.00    0.00
OF75.0   -7.5859    0.00 8.9059     0.00    0.00    0.00    0.00    0.00
OF76.0   -7.5757    0.00 8.9059     0.00    0.00    0.00    0.00    0.00
OF77.0   -7.5655    0.00 8.9059     0.00    0.00    0.00    0.00    0.00
OF78.0   -7.5553    0.00 8.9059     0.00    0.00    0.00    0.00    0.00
OF79.0   -7.545     0.00 8.9059     0.00    0.00    0.00    0.00    0.00
OF80.0   -7.5348    0.00 8.9059     0.00    0.00    0.00    0.00    0.00
OF81.0   -7.5246    0.00 8.9059     0.00    0.00    0.00    0.00    0.00
OF82.0   -7.5143    0.00 8.9059     0.00    0.00    0.00    0.00    0.00
OF83.0   -7.5041    0.00 8.9059     0.00    0.00    0.00    0.00    0.00
OF84.0   -7.4939    0.00 8.9059     0.00    0.00    0.00    0.00    0.00
OF85.0   -7.4836    0.00 8.9059     0.00    0.00    0.00    0.00    0.00
OF86.0   -7.4734    0.00 8.9059     0.00    0.00    0.00    0.00    0.00
OF87.0   -7.4632    0.00 8.9059     0.00    0.00    0.00    0.00    0.00
OF88.0   -7.453     0.00 8.9059     0.00    0.00    0.00    0.00    0.00
OF89.0   -7.4427    0.00 8.9059     0.00    0.00    0.00    0.00    0.00
OF90.0   -7.4325    0.00 8.9059     0.00    0.00    0.00    0.00    0.00
OF91.0   -7.4223    0.00 8.9059     0.00    0.00    0.00    0.00    0.00
OF92.0   -7.412     0.00 8.9059     0.00    0.00    0.00    0.00    0.00
OF93.0   -7.4018    0.00 8.9059     0.00    0.00    0.00    0.00    0.00
OF94.0   -7.3916    0.00 8.9059     0.00    0.00    0.00    0.00    0.00
OF95.0   -7.3814    0.00 8.9059     0.00    0.00    0.00    0.00    0.00
OF96.0   -7.3711    0.00 8.9059     0.00    0.00    0.00    0.00    0.00
OF97.0   -7.3609    0.00 8.9059     0.00    0.00    0.00    0.00    0.00
OF98.0   -7.3506    0.00 8.9059     0.00    0.00    0.00    0.00    0.00
OF99.0   -7.3404    0.00 8.9059     0.00    0.00    0.00    0.00    0.00
OF100.0  -7.3302    0.00 8.9059     0.00    0.00    0.00    0.00    0.00
OF101.0  -7.3199    0.00 8.9059     0.00    0.00    0.00    0.00    0.00
OF102.0  -7.3097    0.00 8.9059     0.00    0.00    0.00    0.00    0.00
OF103.0  -7.2995    0.00 8.9059     0.00    0.00    0.00    0.00    0.00
OF104.0  -7.2893    0.00 8.9059     0.00    0.00    0.00    0.00    0.00
OF105.0  -7.279     0.00 8.9059     0.00    0.00    0.00    0.00    0.00
OF106.0  -7.2688    0.00 8.9059     0.00    0.00    0.00    0.00    0.00
OF107.0  -7.2586    0.00 8.9059     0.00    0.00    0.00    0.00    0.00
OF108.0  -7.2483    0.00 8.9059     0.00    0.00    0.00    0.00    0.00
OF109.0  -7.2381    0.00 8.9059     0.00    0.00    0.00    0.00    0.00
OF110.0  -7.2279    0.00 8.9059     0.00    0.00    0.00    0.00    0.00
OF111.0  -7.2177    0.00 8.9059     0.00    0.00    0.00    0.00    0.00
OF112.0  -7.2074    0.00 8.9059     0.00    0.00    0.00    0.00    0.00
OF113.0  -7.1971    0.00 8.9059     0.00    0.00    0.00    0.00    0.00
OF114.0  -7.1869    0.00 8.9059     0.00    0.00    0.00    0.00    0.00
OF115.0  -7.1767    0.00 8.9059     0.00    0.00    0.00    0.00    0.00
OF116.0  -7.1665    0.00 8.9059     0.00    0.00    0.00    0.00    0.00
OF117.0  -7.1562    0.00 8.9059     0.00    0.00    0.00    0.00    0.00
OF118.0  -7.146     0.00 8.9059     0.00    0.00    0.00    0.00    0.00
OF119.0  -7.1358    0.00 8.9059     0.00    0.00    0.00    0.00    0.00
OF120.0  -7.1255    0.00 8.9059     0.00    0.00    0.00    0.00    0.00
OF121.0  -7.1153    0.00 8.906      0.00    0.00    0.00    0.00    0.00
OF122.0  -7.1051    0.00 8.906      0.00    0.00    0.00    0.00    0.00
OF123.0  -7.0948    0.00 8.906      0.00    0.00    0.00    0.00    0.00
OF124.0  -7.0846    0.00 8.906      0.00    0.00    0.00    0.00    0.00
OF125.0  -7.0744    0.00 8.906      0.00    0.00    0.00    0.00    0.00
OF126.0  -7.0642    0.00 8.906      0.00    0.00    0.00    0.00    0.00
OF127.0  -7.0539    0.00 8.906      0.00    0.00    0.00    0.00    0.00
OF128.0  -7.0437    0.00 8.906      0.00    0.00    0.00    0.00    0.00
OF129.0  -7.0334    0.00 8.906      0.00    0.00    0.00    0.00    0.00
OF130.0  -7.0232    0.00 8.906      0.00    0.00    0.00    0.00    0.00
OF131.0  -7.013     0.00 8.906      0.00    0.00    0.00    0.00    0.00
OF132.0  -7.0028    0.00 8.906      0.00    0.00    0.00    0.00    0.00
OF133.0  -6.9925    0.00 8.906      0.00    0.00    0.00    0.00    0.00
OF134.0  -6.9823    0.00 8.906      0.00    0.00    0.00    0.00    0.00
OF135.0  -6.9721    0.00 8.906      0.00    0.00    0.00    0.00    0.00
OF136.0  -6.9618    0.00 8.906      0.00    0.00    0.00    0.00    0.00
OF137.0  -6.9516    0.00 8.906      0.00    0.00    0.00    0.00    0.00
OF138.0  -6.9414    0.00 8.906      0.00    0.00    0.00    0.00    0.00
OF139.0  -6.9312    0.00 8.906      0.00    0.00    0.00    0.00    0.00
OF140.0  -6.9209    0.00 8.906      0.00    0.00    0.00    0.00    0.00
OF141.0  -6.9107    0.00 8.906      0.00    0.00    0.00    0.00    0.00
OF142.0  -6.9005    0.00 8.906      0.00    0.00    0.00    0.00    0.00
OF143.0  -6.8902    0.00 8.906      0.00    0.00    0.00    0.00    0.00
OF144.0  -6.8799    0.00 8.906      0.00    0.00    0.00    0.00    0.00
OF145.0  -6.869     0.00 8.906      0.00    0.00    0.00    0.00    0.00
OF146.0  -6.8581    0.00 8.906      0.00    0.00    0.00    0.00    0.00
OF147.0  -6.8472    0.00 8.906      0.00    0.00    0.00    0.00    0.00
OF148.0  -6.8363    0.00 8.906      0.00    0.00    0.00    0.00    0.00
OF149.0  -6.8255    0.00 8.906      0.00    0.00    0.00    0.00    0.00
OF150.0  -6.8146    0.00 8.906      0.00    0.00    0.00    0.00    0.00
OF151.0  -6.8036    0.00 8.906      0.00    0.00    0.00    0.00    0.00
OF152.0  -6.7928    0.00 8.906      0.00    0.00    0.00    0.00    0.00
OF153.0  -6.7819    0.00 8.906      0.00    0.00    0.00    0.00    0.00
OF154.0  -6.771     0.00 8.906      0.00    0.00    0.00    0.00    0.00
OF155.0  -6.7601    0.00 8.906      0.00    0.00    0.00    0.00    0.00
OF156.0  -6.7492    0.00 8.906      0.00    0.00    0.00    0.00    0.00
OF157.0  -6.7383    0.00 8.906      0.00    0.00    0.00    0.00    0.00
OF158.0  -6.7274    0.00 8.906      0.00    0.00    0.00    0.00    0.00
OF159.0  -6.7165    0.00 8.906      0.00    0.00    0.00    0.00    0.00
OF160.0  -6.7057    0.00 8.906      0.00    0.00    0.00    0.00    0.00
OF161.0  -6.6948    0.00 8.906      0.00    0.00    0.00    0.00    0.00
OF162.0  -6.6839    0.00 8.906      0.00    0.00    0.00    0.00    0.00
OF163.0  -6.673     0.00 8.906      0.00    0.00    0.00    0.00    0.00
OF164.0  -6.6621    0.00 8.906      0.00    0.00    0.00    0.00    0.00
OF165.0  -6.6512    0.00 8.906      0.00    0.00    0.00    0.00    0.00
OF166.0  -6.6403    0.00 8.906      0.00    0.00    0.00    0.00    0.00
OF167.0  -6.6294    0.00 8.906      0.00    0.00    0.00    0.00    0.00
OF168.0  -6.6185    0.00 8.906      0.00    0.00    0.00    0.00    0.00
OF169.0  -6.6077    0.00 8.906      0.00    0.00    0.00    0.00    0.00
OF170.0  -6.5968    0.00 8.9061     0.00    0.00    0.00    0.00    0.00
OF171.0  -6.5859    0.00 8.9061     0.00    0.00    0.00    0.00    0.00
OF172.0  -6.575     0.00 8.9061     0.00    0.00    0.00    0.00    0.00
OF173.0  -6.5641    0.00 8.9061     0.00    0.00    0.00    0.00    0.00
OF174.0  -6.5532    0.00 8.9061     0.00    0.00    0.00    0.00    0.00
OF175.0  -6.5423    0.00 8.9061     0.00    0.00    0.00    0.00    0.00
OF176.0  -6.5314    0.00 8.9061     0.00    0.00    0.00    0.00    0.00
OF177.0  -6.5206    0.00 8.9061     0.00    0.00    0.00    0.00    0.00
OF178.0  -6.5096    0.00 8.9061     0.00    0.00    0.00    0.00    0.00
OF179.0  -6.4987    0.00 8.9061     0.00    0.00    0.00    0.00    0.00
OF180.0  -6.4879    0.00 8.9061     0.00    0.00    0.00    0.00    0.00
OF181.0  -6.4805    0.00 8.9061     0.00    0.00    0.00    0.00    0.00
OF182.0  -6.4796    0.00 8.9061     0.00    0.00    0.00    0.00    0.00
OF183.0  -6.4787    0.00 8.9061     0.00    0.00    0.00    0.00    0.00
OF184.0  -6.4778    0.00 8.9061     0.00    0.00    0.00    0.00    0.00
OF185.0  -6.4769    0.00 8.9061     0.00    0.00    0.00    0.00    0.00
OF186.0  -6.4759    0.00 8.9061     0.00    0.00    0.00    0.00    0.00
OF187.0  -6.475     0.00 8.9061     0.00    0.00    0.00    0.00    0.00
OF188.0  -6.4741    0.00 8.9061     0.00    0.00    0.00    0.00    0.00
OF189.0  -6.4732    0.00 8.9061     0.00    0.00    0.00    0.00    0.00
OF190.0  -6.4723    0.00 8.9061     0.00    0.00    0.00    0.00    0.00
OF191.0  -6.4713    0.00 8.9061     0.00    0.00    0.00    0.00    0.00
OF192.0  -6.4705    0.00 8.9061     0.00    0.00    0.00    0.00    0.00
OF193.0  -6.4695    0.00 8.9061     0.00    0.00    0.00    0.00    0.00
OF194.0  -6.4686    0.00 8.9061     0.00    0.00    0.00    0.00    0.00
OF195.0  -6.4677    0.00 8.9061     0.00    0.00    0.00    0.00    0.00
OF196.0  -6.4668    0.00 8.9061     0.00    0.00    0.00    0.00    0.00
OF197.0  -6.4659    0.00 8.9061     0.00    0.00    0.00    0.00    0.00
OF198.0  -6.4649    0.00 8.9061     0.00    0.00    0.00    0.00    0.00
OF199.0  -6.4641    0.00 8.9061     0.00    0.00    0.00    0.00    0.00
OF200.0  -6.4631    0.00 8.9061     0.00    0.00    0.00    0.00    0.00
OF201.0  -6.4622    0.00 8.9061     0.00    0.00    0.00    0.00    0.00
OF202.0  -6.4612    0.00 8.9061     0.00    0.00    0.00    0.00    0.00
OF203.0  -6.4604    0.00 8.9061     0.00    0.00    0.00    0.00    0.00
OF204.0  -6.4594    0.00 8.9061     0.00    0.00    0.00    0.00    0.00
OF205.0  -6.4585    0.00 8.9061     0.00    0.00    0.00    0.00    0.00
OF206.0  -6.4576    0.00 8.9061     0.00    0.00    0.00    0.00    0.00
OF207.0  -6.4567    0.00 8.9061     0.00    0.00    0.00    0.00    0.00
OF208.0  -6.4558    0.00 8.9061     0.00    0.00    0.00    0.00    0.00
OF209.0  -6.4548    0.00 8.9061     0.00    0.00    0.00    0.00    0.00
OF210.0  -6.4539    0.00 8.9061     0.00    0.00    0.00    0.00    0.00
OF211.0  -6.453     0.00 8.9061     0.00    0.00    0.00    0.00    0.00
OF212.0  -6.4521    0.00 8.9061     0.00    0.00    0.00    0.00    0.00
OF213.0  -6.4512    0.00 8.9061     0.00    0.00    0.00    0.00    0.00
OF214.0  -6.4502    0.00 8.9061     0.00    0.00    0.00    0.00    0.00
OF215.0  -6.4494    0.00 8.9062     0.00    0.00    0.00    0.00    0.00
OF216.0  -6.4484    0.00 8.9062     0.00    0.00    0.00    0.00    0.00
OF217.0  -6.4475    0.00 8.9062     0.00    0.00    0.00    0.00    0.00
OF218.0  -6.4466    0.00 8.9062     0.00    0.00    0.00    0.00    0.00
OF219.0  -6.4457    0.00 8.9062     0.00    0.00    0.00    0.00    0.00
OF220.0  -6.4448    0.00 8.9062     0.00    0.00    0.00    0.00    0.00
OF221.0  -6.4438    0.00 8.9062     0.00    0.00    0.00    0.00    0.00
OF222.0  -6.4429    0.00 8.9062     0.00    0.00    0.00    0.00    0.00
OF223.0  -6.442     0.00 8.9062     0.00    0.00    0.00    0.00    0.00
OF224.0  -6.4411    0.00 8.9062     0.00    0.00    0.00    0.00    0.00
OF225.0  -6.4402    0.00 8.9062     0.00    0.00    0.00    0.00    0.00
OF226.0  -6.4393    0.00 8.9062     0.00    0.00    0.00    0.00    0.00
OF227.0  -6.4383    0.00 8.9062     0.00    0.00    0.00    0.00    0.00
OF228.0  -6.4374    0.00 8.9062     0.00    0.00    0.00    0.00    0.00
OF229.0  -6.4365    0.00 8.9062     0.00    0.00    0.00    0.00    0.00
OF230.0  -6.4356    0.00 8.9062     0.00    0.00    0.00    0.00    0.00
OF231.0  -6.4347    0.00 8.9062     0.00    0.00    0.00    0.00    0.00
OF232.0  -6.4338    0.00 8.9062     0.00    0.00    0.00    0.00    0.00
OF233.0  -6.4328    0.00 8.9062     0.00    0.00    0.00    0.00    0.00
OF234.0  -6.4319    0.00 8.9062     0.00    0.00    0.00    0.00    0.00
OF235.0  -6.431     0.00 8.9062     0.00    0.00    0.00    0.00    0.00
OF236.0  -6.4301    0.00 8.9062     0.00    0.00    0.00    0.00    0.00
OF237.0  -6.4291    0.00 8.9062     0.00    0.00    0.00    0.00    0.00
OF238.0  -6.4283    0.00 8.9062     0.00    0.00    0.00    0.00    0.00
OF239.0  -6.4273    0.00 8.9062     0.00    0.00    0.00    0.00    0.00
OF240.0  -6.4264    0.00 8.9062     0.00    0.00    0.00    0.00    0.00
OF241.0  -6.4255    0.00 8.9062     0.00    0.00    0.00    0.00    0.00
OF242.0  -6.4246    0.00 8.9062     0.00    0.00    0.00    0.00    0.00
OF243.0  -6.4237    0.00 8.9062     0.00    0.00    0.00    0.00    0.00
OF244.0  -6.4227    0.00 8.9062     0.00    0.00    0.00    0.00    0.00
OF245.0  -6.4218    0.00 8.9062     0.00    0.00    0.00    0.00    0.00
OF246.0  -6.4209    0.00 8.9062     0.00    0.00    0.00    0.00    0.00
OF247.0  -6.42      0.00 8.9062     0.00    0.00    0.00    0.00    0.00
OF248.0  -6.4191    0.00 8.9062     0.00    0.00    0.00    0.00    0.00
OF249.0  -6.4182    0.00 8.9062     0.00    0.00    0.00    0.00    0.00
OF250.0  -6.4173    0.00 8.9062     0.00    0.00    0.00    0.00    0.00
OF251.0  -6.4163    0.00 8.9062     0.00    0.00    0.00    0.00    0.00
OF252.0  -6.4154    0.00 8.9062     0.00    0.00    0.00    0.00    0.00
OF253.0  -6.4145    0.00 8.9062     0.00    0.00    0.00    0.00    0.00
OF254.0  -6.4136    0.00 8.9062     0.00    0.00    0.00    0.00    0.00
OF255.0  -6.4126    0.00 8.9062     0.00    0.00    0.00    0.00    0.00
OF256.0  -6.4117    0.00 8.9062     0.00    0.00    0.00    0.00    0.00
OF257.0  -6.4108    0.00 8.9062     0.00    0.00    0.00    0.00    0.00
OF258.0  -6.4099    0.00 8.9063     0.00    0.00    0.00    0.00    0.00
OF259.0  -6.4083    0.00 8.9063     0.00    0.00    0.00    0.00    0.00
OF260.0  -6.4065    0.00 8.9063     0.00    0.00    0.00    0.00    0.00
OF261.0  -6.4047    0.00 8.9063     0.00    0.00    0.00    0.00    0.00
OF262.0  -6.4029    0.00 8.9063     0.00    0.00    0.00    0.00    0.00
OF263.0  -6.401     0.00 8.9063     0.00    0.00    0.00    0.00    0.00
OF264.0  -6.3992    0.00 8.9063     0.00    0.00    0.00    0.00    0.00
OF265.0  -6.3974    0.00 8.9063     0.00    0.00    0.00    0.00    0.00
OF266.0  -6.3955    0.00 8.9063     0.00    0.00    0.00    0.00    0.00
OF267.0  -6.3937    0.00 8.9063     0.00    0.00    0.00    0.00    0.00
OF268.0  -6.3919    0.00 8.9063     0.00    0.00    0.00    0.00    0.00
OF269.0  -6.3901    0.00 8.9063     0.00    0.00    0.00    0.00    0.00
OF270.0  -6.3883    0.00 8.9063     0.00    0.00    0.00    0.00    0.00
OF271.0  -6.3864    0.00 8.9063     0.00    0.00    0.00    0.00    0.00
OF272.0  -6.3846    0.00 8.9063     0.00    0.00    0.00    0.00    0.00
OF273.0  -6.3828    0.00 8.9063     0.00    0.00    0.00    0.00    0.00
OF274.0  -6.381     0.00 8.9063     0.00    0.00    0.00    0.00    0.00
OF275.0  -6.3791    0.00 8.9063     0.00    0.00    0.00    0.00    0.00
OF276.0  -6.3773    0.00 8.9063     0.00    0.00    0.00    0.00    0.00
OF277.0  -6.3755    0.00 8.9063     0.00    0.00    0.00    0.00    0.00
OF278.0  -6.3736    0.00 8.9063     0.00    0.00    0.00    0.00    0.00
OF279.0  -6.3718    0.00 8.9063     0.00    0.00    0.00    0.00    0.00
OF280.0  -6.37      0.00 8.9063     0.00    0.00    0.00    0.00    0.00
OF281.0  -6.3682    0.00 8.9063     0.00    0.00    0.00    0.00    0.00
OF282.0  -6.3663    0.00 8.9063     0.00    0.00    0.00    0.00    0.00
OF283.0  -6.3645    0.00 8.9063     0.00    0.00    0.00    0.00    0.00
OF284.0  -6.3627    0.00 8.9063     0.00    0.00    0.00    0.00    0.00
OF285.0  -6.3609    0.00 8.9063     0.00    0.00    0.00    0.00    0.00
OF286.0  -6.359     0.00 8.9063     0.00    0.00    0.00    0.00    0.00
OF287.0  -6.3563    0.00 8.9063     0.00    0.00    0.00    0.00    0.00
OF288.0  -6.3478    0.00 8.9063     0.00    0.00    0.00    0.00    0.00
OF289.0  -6.3392    0.00 8.9063     0.00    0.00    0.00    0.00    0.00
OF290.0  -6.3307    0.00 8.9063     0.00    0.00    0.00    0.00    0.00
OF291.0  -6.3221    0.00 8.9063     0.00    0.00    0.00    0.00    0.00
OF292.0  -6.3136    0.00 8.9063     0.00    0.00    0.00    0.00    0.00
OF293.0  -6.3051    0.00 8.9063     0.00    0.00    0.00    0.00    0.00
OF294.0  -6.2965    0.00 8.9063     0.00    0.00    0.00    0.00    0.00
OF295.0  -6.288     0.00 8.9063     0.00    0.00    0.00    0.00    0.00
OF296.0  -6.2795    0.00 8.9063     0.00    0.00    0.00    0.00    0.00
OF297.0  -6.2709    0.00 8.9063     0.00    0.00    0.00    0.00    0.00
OF298.0  -6.2624    0.00 8.9063     0.00    0.00    0.00    0.00    0.00
OF299.0  -6.2539    0.00 8.9063     0.00    0.00    0.00    0.00    0.00
OF300.0  -6.2453    0.00 8.9063     0.00    0.00    0.00    0.00    0.00
OF301.0  -6.1856    0.00 8.9064     0.00    0.00    0.00    0.00    0.00
OF302.0  -6.1245    0.00 8.9064     0.00    0.00    0.00    0.00    0.00
OF303.0  -6.0635    0.00 8.9064     0.00    0.00    0.00    0.00    0.00
OF304.0  -6.0022    0.00 8.9064     0.00    0.00    0.00    0.00    0.00
OF305.0  -5.9411    0.00 8.9064     0.00    0.00    0.00    0.00    0.00
OF306.0  -5.88      0.00 8.9064     0.00    0.00    0.00    0.00    0.00
OF307.0  -5.819     0.00 8.9065     0.00    0.00    0.00    0.00    0.00
OF308.0  -5.7579    0.00 8.9065     0.00    0.00    0.00    0.00    0.00
OF309.0  -5.6966    0.00 8.9065     0.00    0.00    0.00    0.00    0.00
OF310.0  -5.6355    0.00 8.9065     0.00    0.00    0.00    0.00    0.00
OF311.0  -5.5745    0.00 8.9065     0.00    0.00    0.00    0.00    0.00
OF312.0  -5.5134    0.00 8.9065     0.00    0.00    0.00    0.00    0.00
OF313.0  -5.4523    0.00 8.9066     0.00    0.00    0.00    0.00    0.00
OF314.0  -5.3912    0.00 8.9066     0.00    0.00    0.00    0.00    0.00
OF315.0  -5.33      0.00 8.9066     0.00    0.00    0.00    0.00    0.00
OF316.0  -5.2689    0.00 8.9066     0.00    0.00    0.00    0.00    0.00
OF317.0  -5.2078    0.00 8.9066     0.00    0.00    0.00    0.00    0.00
OF318.0  -5.1467    0.00 8.9066     0.00    0.00    0.00    0.00    0.00
OF319.0  -5.0857    0.00 8.9066     0.00    0.00    0.00    0.00    0.00
OF320.0  -5.0244    0.00 8.9067     0.00    0.00    0.00    0.00    0.00
OF321.0  -4.9633    0.00 8.9067     0.00    0.00    0.00    0.00    0.00
OF322.0  -4.9022    0.00 8.9067     0.00    0.00    0.00    0.00    0.00
OF323.0  -4.8412    0.00 8.9067     0.00    0.00    0.00    0.00    0.00
OF324.0  -4.7801    0.00 8.9067     0.00    0.00    0.00    0.00    0.00
OF325.0  -4.719     0.00 8.9067     0.00    0.00    0.00    0.00    0.00
OF326.0  -4.6578    0.00 8.9068     0.00    0.00    0.00    0.00    0.00
OF327.0  -4.5967    0.00 8.9068     0.00    0.00    0.00    0.00    0.00
OF328.0  -4.5356    0.00 8.9068     0.00    0.00    0.00    0.00    0.00
OF329.0  -4.4745    0.00 8.9068     0.00    0.00    0.00    0.00    0.00
OF330.0  -4.4135    0.00 8.9068     0.00    0.00    0.00    0.00    0.00
OF331.0  -4.3522    0.00 8.9068     0.00    0.00    0.00    0.00    0.00
OF332.0  -4.2911    0.00 8.9069     0.00    0.00    0.00    0.00    0.00
OF333.0  -4.23      0.00 8.9069     0.00    0.00    0.00    0.00    0.00
OF334.0  -4.169     0.00 8.9069     0.00    0.00    0.00    0.00    0.00
OF335.0  -4.1079    0.00 8.9069     0.00    0.00    0.00    0.00    0.00
OF336.0  -4.0468    0.00 8.9069     0.00    0.00    0.00    0.00    0.00
OF337.0  -3.9855    0.00 8.9069     0.00    0.00    0.00    0.00    0.00
OF338.0  -3.9245    0.00 8.907      0.00    0.00    0.00    0.00    0.00
OF339.0  -3.8634    0.00 8.907      0.00    0.00    0.00    0.00    0.00
OF340.0  -3.8023    0.00 8.907      0.00    0.00    0.00    0.00    0.00
OF341.0  -3.7412    0.00 8.907      0.00    0.00    0.00    0.00    0.00
OF342.0  -3.68      0.00 8.907      0.00    0.00    0.00    0.00    0.00
OF343.0  -3.6189    0.00 8.907      0.00    0.00    0.00    0.00    0.00
OF344.0  -3.5578    0.00 8.9071     0.00    0.00    0.00    0.00    0.00
OF345.0  -3.4967    0.00 8.9071     0.00    0.00    0.00    0.00    0.00
OF346.0  -3.4357    0.00 8.9071     0.00    0.00    0.00    0.00    0.00
OF347.0  -3.3746    0.00 8.9071     0.00    0.00    0.00    0.00    0.00
OF348.0  -3.3133    0.00 8.9071     0.00    0.00    0.00    0.00    0.00
OF349.0  -3.2523    0.00 8.9071     0.00    0.00    0.00    0.00    0.00
OF350.0  -3.1912    0.00 8.9072     0.00    0.00    0.00    0.00    0.00
OF351.0  -3.1301    0.00 8.9072     0.00    0.00    0.00    0.00    0.00
OF352.0  -3.069     0.00 8.9072     0.00    0.00    0.00    0.00    0.00
OF353.0  -3.0078    0.00 8.9072     0.00    0.00    0.00    0.00    0.00
OF354.0  -2.9467    0.00 8.9072     0.00    0.00    0.00    0.00    0.00
OF355.0  -2.8856    0.00 8.9072     0.00    0.00    0.00    0.00    0.00
OF356.0  -2.8245    0.00 8.9073     0.00    0.00    0.00    0.00    0.00
OF357.0  -2.7635    0.00 8.9073     0.00    0.00    0.00    0.00    0.00
OF358.0  -2.7024    0.00 8.9073     0.00    0.00    0.00    0.00    0.00
OF359.0  -2.6411    0.00 8.9073     0.00    0.00    0.00    0.00    0.00
OF360.0  -2.597     0.00 8.9073     0.00    0.00    0.00    0.00    0.00
OF361.0  -2.5802    0.00 8.9073     0.00    0.00    0.00    0.00    0.00
OF362.0  -2.5633    0.00 8.9073     0.00    0.00    0.00    0.00    0.00
OF363.0  -2.5463    0.00 8.9073     0.00    0.00    0.00    0.00    0.00
OF364.0  -2.5293    0.00 8.9073     0.00    0.00    0.00    0.00    0.00
OF365.0  -2.5125    0.00 8.9073     0.00    0.00    0.00    0.00    0.00
OF366.0  -2.4955    0.00 8.9073     0.00    0.00    0.00    0.00    0.00
OF367.0  -2.4785    0.00 8.9073     0.00    0.00    0.00    0.00    0.00
OF368.0  -2.4616    0.00 8.9073     0.00    0.00    0.00    0.00    0.00
OF369.0  -2.4448    0.00 8.9073     0.00    0.00    0.00    0.00    0.00
OF370.0  -2.4277    0.00 8.9073     0.00    0.00    0.00    0.00    0.00
OF371.0  -2.4108    0.00 8.9073     0.00    0.00    0.00    0.00    0.00
OF372.0  -2.3938    0.00 8.9073     0.00    0.00    0.00    0.00    0.00
OF373.0  -2.377     0.00 8.9073     0.00    0.00    0.00    0.00    0.00
OF374.0  -2.3601    0.00 8.9073     0.00    0.00    0.00    0.00    0.00
OF375.0  -2.343     0.00 8.9073     0.00    0.00    0.00    0.00    0.00
OF376.0  -2.3262    0.00 8.9073     0.00    0.00    0.00    0.00    0.00
OF377.0  -2.3093    0.00 8.9073     0.00    0.00    0.00    0.00    0.00
OF378.0  -2.2923    0.00 8.9073     0.00    0.00    0.00    0.00    0.00
OF379.0  -2.2754    0.00 8.9073     0.00    0.00    0.00    0.00    0.00
OF380.0  -2.2586    0.00 8.9073     0.00    0.00    0.00    0.00    0.00
OF381.0  -2.2415    0.00 8.9073     0.00    0.00    0.00    0.00    0.00
OF382.0  -2.2246    0.00 8.9073     0.00    0.00    0.00    0.00    0.00
OF383.0  -2.2076    0.00 8.9073     0.00    0.00    0.00    0.00    0.00
OF384.0  -2.1908    0.00 8.9073     0.00    0.00    0.00    0.00    0.00
OF385.0  -2.1738    0.00 8.9073     0.00    0.00    0.00    0.00    0.00
OF386.0  -2.1568    0.00 8.9073     0.00    0.00    0.00    0.00    0.00
OF387.0  -2.1398    0.00 8.9073     0.00    0.00    0.00    0.00    0.00
OF388.0  -2.123     0.00 8.9073     0.00    0.00    0.00    0.00    0.00
OF389.0  -2.1061    0.00 8.9073     0.00    0.00    0.00    0.00    0.00
OF390.0  -2.0891    0.00 8.9073     0.00    0.00    0.00    0.00    0.00
OF391.0  -2.0722    0.00 8.9073     0.00    0.00    0.00    0.00    0.00
OF392.0  -2.0553    0.00 8.9073     0.00    0.00    0.00    0.00    0.00
OF393.0  -2.0383    0.00 8.9073     0.00    0.00    0.00    0.00    0.00
OF394.0  -2.0214    0.00 8.9073     0.00    0.00    0.00    0.00    0.00
OF395.0  -2.0044    0.00 8.9073     0.00    0.00    0.00    0.00    0.00
OF396.0  -1.9876    0.00 8.9072     0.00    0.00    0.00    0.00    0.00
OF397.0  -1.9706    0.00 8.9072     0.00    0.00    0.00    0.00    0.00
OF398.0  -1.9536    0.00 8.9072     0.00    0.00    0.00    0.00    0.00
OF399.0  -1.9368    0.00 8.9072     0.00    0.00    0.00    0.00    0.00
OF400.0  -1.9199    0.00 8.9072     0.00    0.00    0.00    0.00    0.00
OF401.0  -1.9029    0.00 8.9072     0.00    0.00    0.00    0.00    0.00
OF402.0  -1.886     0.00 8.9072     0.00    0.00    0.00    0.00    0.00
OF403.0  -1.8691    0.00 8.9072     0.00    0.00    0.00    0.00    0.00
OF404.0  -1.8521    0.00 8.9072     0.00    0.00    0.00    0.00    0.00
OF405.0  -1.8351    0.00 8.9072     0.00    0.00    0.00    0.00    0.00
OF406.0  -1.8182    0.00 8.9072     0.00    0.00    0.00    0.00    0.00
OF407.0  -1.8014    0.00 8.9072     0.00    0.00    0.00    0.00    0.00
OF408.0  -1.7843    0.00 8.9072     0.00    0.00    0.00    0.00    0.00
OF409.0  -1.7674    0.00 8.9072     0.00    0.00    0.00    0.00    0.00
OF410.0  -1.7504    0.00 8.9072     0.00    0.00    0.00    0.00    0.00
OF411.0  -1.7336    0.00 8.9072     0.00    0.00    0.00    0.00    0.00
OF412.0  -1.7167    0.00 8.9072     0.00    0.00    0.00    0.00    0.00
OF413.0  -1.6997    0.00 8.9072     0.00    0.00    0.00    0.00    0.00
OF414.0  -1.6827    0.00 8.9072     0.00    0.00    0.00    0.00    0.00
OF415.0  -1.6659    0.00 8.9072     0.00    0.00    0.00    0.00    0.00
OF416.0  -1.6489    0.00 8.9072     0.00    0.00    0.00    0.00    0.00
OF417.0  -1.632     0.00 8.9072     0.00    0.00    0.00    0.00    0.00
OF418.0  -1.615     0.00 8.9072     0.00    0.00    0.00    0.00    0.00
OF419.0  -1.5981    0.00 8.9072     0.00    0.00    0.00    0.00    0.00
OF420.0  -1.5812    0.00 8.9072     0.00    0.00    0.00    0.00    0.00
OF421.0  -1.5642    0.00 8.9072     0.00    0.00    0.00    0.00    0.00
OF422.0  -1.5473    0.00 8.9072     0.00    0.00    0.00    0.00    0.00
OF423.0  -1.5304    0.00 8.9072     0.00    0.00    0.00    0.00    0.00
OF424.0  -1.5135    0.00 8.9072     0.00    0.00    0.00    0.00    0.00
OF425.0  -1.4965    0.00 8.9072     0.00    0.00    0.00    0.00    0.00
OF426.0  -1.4796    0.00 8.9072     0.00    0.00    0.00    0.00    0.00
OF427.0  -1.4627    0.00 8.9072     0.00    0.00    0.00    0.00    0.00
OF428.0  -1.4457    0.00 8.9072     0.00    0.00    0.00    0.00    0.00
OF429.0  -1.4288    0.00 8.9072     0.00    0.00    0.00    0.00    0.00
OF430.0  -1.4119    0.00 8.9072     0.00    0.00    0.00    0.00    0.00
OF431.0  -1.3949    0.00 8.9072     0.00    0.00    0.00    0.00    0.00
OF432.0  -1.378     0.00 8.9072     0.00    0.00    0.00    0.00    0.00
OF433.0  -1.361     0.00 8.9072     0.00    0.00    0.00    0.00    0.00
IF573.0  1.3138     0.00 8.9081     0.00    0.00    0.00    0.00    0.00
IF574.0  1.3467     0.00 8.9081     0.00    0.00    0.00    0.00    0.00
IF575.0  1.3796     0.00 8.9081     0.00    0.00    0.00    0.00    0.00
IF576.0  1.4125     0.00 8.9081     0.00    0.00    0.00    0.00    0.00
IF577.0  1.4454     0.00 8.9082     0.00    0.00    0.00    0.00    0.00
IF578.0  1.4785     0.00 8.9082     0.00    0.00    0.00    0.00    0.00
IF579.0  1.5114     0.00 8.9082     0.00    0.00    0.00    0.00    0.00
IF580.0  1.5442     0.00 8.9082     0.00    0.00    0.00    0.00    0.00
IF581.0  1.5772     0.00 8.9082     0.00    0.00    0.00    0.00    0.00
IF582.0  1.6101     0.00 8.9082     0.00    0.00    0.00    0.00    0.00
IF583.0  1.643      0.00 8.9083     0.00    0.00    0.00    0.00    0.00
IF584.0  1.676      0.00 8.9083     0.00    0.00    0.00    0.00    0.00
IF585.0  1.7089     0.00 8.9083     0.00    0.00    0.00    0.00    0.00
IF586.0  1.7419     0.00 8.9083     0.00    0.00    0.00    0.00    0.00
IF587.0  1.7748     0.00 8.9083     0.00    0.00    0.00    0.00    0.00
IF588.0  1.8077     0.00 8.9084     0.00    0.00    0.00    0.00    0.00
IF589.0  1.8407     0.00 8.9084     0.00    0.00    0.00    0.00    0.00
IF590.0  1.8736     0.00 8.9084     0.00    0.00    0.00    0.00    0.00
IF591.0  1.9065     0.00 8.9084     0.00    0.00    0.00    0.00    0.00
IF592.0  1.9394     0.00 8.9084     0.00    0.00    0.00    0.00    0.00
IF593.0  1.9724     0.00 8.9084     0.00    0.00    0.00    0.00    0.00
IF594.0  2.0053     0.00 8.9085     0.00    0.00    0.00    0.00    0.00
IF595.0  2.0383     0.00 8.9085     0.00    0.00    0.00    0.00    0.00
IF596.0  2.0712     0.00 8.9085     0.00    0.00    0.00    0.00    0.00
IF597.0  2.1041     0.00 8.9085     0.00    0.00    0.00    0.00    0.00
IF598.0  2.137      0.00 8.9085     0.00    0.00    0.00    0.00    0.00
IF599.0  2.1699     0.00 8.9085     0.00    0.00    0.00    0.00    0.00
IF600.0  2.203      0.00 8.9086     0.00    0.00    0.00    0.00    0.00
IF601.0  2.2359     0.00 8.9086     0.00    0.00    0.00    0.00    0.00
IF602.0  2.2688     0.00 8.9086     0.00    0.00    0.00    0.00    0.00
IF603.0  2.3017     0.00 8.9086     0.00    0.00    0.00    0.00    0.00
IF604.0  2.3346     0.00 8.9086     0.00    0.00    0.00    0.00    0.00
IF605.0  2.3677     0.00 8.9086     0.00    0.00    0.00    0.00    0.00
IF606.0  2.4006     0.00 8.9087     0.00    0.00    0.00    0.00    0.00
IF607.0  2.4335     0.00 8.9087     0.00    0.00    0.00    0.00    0.00
IF608.0  2.4664     0.00 8.9087     0.00    0.00    0.00    0.00    0.00
IF609.0  2.4993     0.00 8.9087     0.00    0.00    0.00    0.00    0.00
IF610.0  2.5322     0.00 8.9087     0.00    0.00    0.00    0.00    0.00
IF611.0  2.5652     0.00 8.9087     0.00    0.00    0.00    0.00    0.00
IF612.0  2.5982     0.00 8.9088     0.00    0.00    0.00    0.00    0.00
IF613.0  2.6311     0.00 8.9088     0.00    0.00    0.00    0.00    0.00
IF614.0  2.664      0.00 8.9088     0.00    0.00    0.00    0.00    0.00
IF615.0  2.6969     0.00 8.9088     0.00    0.00    0.00    0.00    0.00
IF616.0  2.7299     0.00 8.9088     0.00    0.00    0.00    0.00    0.00
IF617.0  2.7628     0.00 8.9088     0.00    0.00    0.00    0.00    0.00
IF618.0  2.7957     0.00 8.9089     0.00    0.00    0.00    0.00    0.00
IF619.0  2.8286     0.00 8.9089     0.00    0.00    0.00    0.00    0.00
IF620.0  2.8616     0.00 8.9089     0.00    0.00    0.00    0.00    0.00
IF621.0  2.8945     0.00 8.9089     0.00    0.00    0.00    0.00    0.00
IF622.0  2.9541     0.00 8.9089     0.00    0.00    0.00    0.00    0.00
IF657.0  3.3727     0.00 8.9089     0.00    0.00    0.00    0.00    0.00
IF676.5  4.357      0.00 8.9089     0.00    0.00    0.00    0.00    0.00
IF701.5  4.7835     0.00 8.9089     0.00    0.00    0.00    0.00    0.00
IF719.0  4.5866     0.00 8.9089     0.00    0.00    0.00    0.00    0.00
IF721.8  7.9552     0.00 8.9236     0.00    0.00    0.00    0.00    0.00
IF722.6  8.9236     0.00 8.9236     0.00    0.00    0.00    0.00    0.00
PS START(423075.7921,4850978.7055)
PS END(423113.1721,4851245.3902)
ET
 
 
 
