  FEMA                                                      sjh            job 2
  RUNUP2 transect: YK-06                                                       1
9.00                                                                            
  -16.83 -404.9 0.6                                                             
  -16.83 -361.9 0.6                                                             
  -16.53 -355.9 0.6                                                             
  -13.24 -291.9 0.6                                                             
  -11.23 -270.9 0.6                                                             
  -6.48 -222.9 0.6                                                              
  -6.44 -221.9 0.6                                                              
  -6.44 -137.9 0.6                                                              
  -5.60 -118.9 0.6                                                              
  -5.58 -108.9 0.6                                                              
  -1.09 -8.9   0.6                                                              
  -0.44 -3.9   0.6                                                              
  0.26  3.1    0.6                                                              
  0.89  8.1    0.6                                                              
  1.37  14.1   0.6                                                              
  2.63  26.1   0.6                                                              
  4.63  33.1   0.6                                                              
  6.89  36.1   0.6                                                              
  11.88 43.1   0.6                                                              
1 12.30 46.1   0.6                                                              
 9.0   2.78  7.77                                                               
 9.0   2.78  8.17                                                               
 9.0   2.78  8.58                                                               
 9.0   2.92  7.77                                                               
 9.0   2.92  8.17                                                               
 9.0   2.92  8.58                                                               
 9.0   3.07  7.77                                                               
 9.0   3.07  8.17                                                               
 9.0   3.07  8.58                                                               
