  FEMA                                                      sjh            job 2
  RUNUP2 transect: YK-05                                                       1
8.00                                                                            
  -28.83 -147.9 1.0                                                             
  -20.99 -115.9 1.0                                                             
  -20.71 -114.9 1.0                                                             
  -12.18 -87.9  1.0                                                             
  -12.06 -86.9  1.0                                                             
  -11.93 -82.9  1.0                                                             
  -11.90 -79.9  1.0                                                             
  0.46  3.1    1.0                                                              
  0.75  4.1    1.0                                                              
  1.67  8.1    1.0                                                              
  2.43  11.1   1.0                                                              
  2.77  13.1   1.0                                                              
  4.48  16.1   1.0                                                              
  9.98  24.1   1.0                                                              
  10.84 26.1   1.0                                                              
  11.81 28.1   1.0                                                              
  12.47 31.1   1.0                                                              
  13.95 37.1   1.0                                                              
  14.24 40.1   1.0                                                              
1 15.03 45.1   1.0                                                              
 9.0   1.88  5.06                                                               
 9.0   1.88  5.32                                                               
 9.0   1.88  5.59                                                               
 9.0   1.98  5.06                                                               
 9.0   1.98  5.32                                                               
 9.0   1.98  5.59                                                               
 9.0   2.08  5.06                                                               
 9.0   2.08  5.32                                                               
 9.0   2.08  5.59                                                               
