  FEMA                                                      sjh            job 2
  RUNUP2 transect: YK-07                                                       1
5.00                                                                            
  -16.36 -788.4 0.8                                                             
  -16.36 -472.4 0.8                                                             
  -16.35 -471.4 0.8                                                             
  -16.08 -397.4 0.8                                                             
  -16.08 -128.4 0.8                                                             
  -16.07 -127.4 0.8                                                             
  -13.46 -106.4 0.8                                                             
  -10.24 -80.4  0.8                                                             
  -8.50 -66.4  0.8                                                              
  -8.37 -65.4  0.8                                                              
  -6.76 -54.4  0.8                                                              
  -6.32 -51.4  0.8                                                              
  -2.96 -28.4  0.8                                                              
  -2.52 -25.4  0.8                                                              
  -0.04 -8.4   0.8                                                              
  -0.04 -2.9   0.8                                                              
  1.21  7.6    0.8                                                              
  3.02  16.6   0.8                                                              
  17.50 37.1   0.8                                                              
1 30.04 100.6  0.8                                                              
 9.0   1.57  5.60                                                               
 9.0   1.57  5.90                                                               
 9.0   1.57  6.19                                                               
 9.0   1.65  5.60                                                               
 9.0   1.65  5.90                                                               
 9.0   1.65  6.19                                                               
 9.0   1.73  5.60                                                               
 9.0   1.73  5.90                                                               
 9.0   1.73  6.19                                                               
