  FEMA                                                      sjh            job 2
  RUNUP2 transect: YK-06F                                                      1
31.0                                                                            
  -16.99 -399.9 1.0                                                             
  -16.99 -363.9 1.0                                                             
  -16.53 -355.9 1.0                                                             
  -13.24 -291.9 1.0                                                             
  -11.23 -270.9 1.0                                                             
  -6.48 -222.9 1.0                                                              
  -6.44 -221.9 1.0                                                              
  -6.44 -137.9 1.0                                                              
  -5.60 -118.9 1.0                                                              
  -5.58 -108.9 1.0                                                              
  -1.09 -8.9   1.0                                                              
  0.89  8.1    1.0                                                              
  1.37  14.1   1.0                                                              
  2.63  26.1   1.0                                                              
  2.85  27.1   1.0                                                              
  7.58  37.1   1.0                                                              
  7.58  45.1   1.0                                                              
  7.88  46.1   1.0                                                              
  11.92 52.1   1.0                                                              
1 11.98 53.1   1.0                                                              
 9.0   2.78  7.76                                                               
 9.0   2.78  8.17                                                               
 9.0   2.78  8.58                                                               
 9.0   2.92  7.76                                                               
 9.0   2.92  8.17                                                               
 9.0   2.92  8.58                                                               
 9.0   3.07  7.76                                                               
 9.0   3.07  8.17                                                               
 9.0   3.07  8.58                                                               
