  FEMA                                                      sjh            job 2
  RUNUP2 transect: YK-15                                                       1
5.00                                                                            
  -4.41 -227.6 1.0                                                              
  -3.42 -193.6 1.0                                                              
  -3.26 -191.6 1.0                                                              
  -1.99 -53.6  1.0                                                              
  -1.74 -45.6  1.0                                                              
  -1.74 -33.6  1.0                                                              
  -1.52 -29.6  1.0                                                              
  -1.49 -11.6  1.0                                                              
  -0.96 -5.6   1.0                                                              
  0.76  4.4    1.0                                                              
  1.86  9.4    1.0                                                              
  3.93  23.4   1.0                                                              
  5.05  28.4   1.0                                                              
  6.50  36.4   1.0                                                              
  8.23  44.4   1.0                                                              
  8.92  51.4   1.0                                                              
  9.73  62.4   1.0                                                              
  12.55 73.4   1.0                                                              
  14.17 82.4   1.0                                                              
1 15.58 88.4   1.0                                                              
 9.3   2.92  10.55                                                              
 9.3   2.92  11.10                                                              
 9.3   2.92  11.66                                                              
 9.3   3.08  10.55                                                              
 9.3   3.08  11.10                                                              
 9.3   3.08  11.66                                                              
 9.3   3.23  10.55                                                              
 9.3   3.23  11.10                                                              
 9.3   3.23  11.66                                                              
