  FEMA                                                      sjh            job 2
  RUNUP2 transect: YK-14                                                       1
3.00                                                                            
  -6.47 -297.8 1.0                                                              
  -6.41 -252.8 1.0                                                              
  -0.91 -5.8   1.0                                                              
  -0.13 -1.8   1.0                                                              
  0.12  2.2    1.0                                                              
  0.18  28.2   1.0                                                              
  1.00  37.2   1.0                                                              
  1.16  46.2   1.0                                                              
  1.78  51.2   1.0                                                              
  2.65  73.2   1.0                                                              
  3.53  85.2   1.0                                                              
  3.56  89.2   1.0                                                              
  5.56  106.2  1.0                                                              
  7.73  116.2  1.0                                                              
  9.88  132.2  1.0                                                              
  11.18 139.2  1.0                                                              
  11.46 143.2  1.0                                                              
  12.42 146.2  1.0                                                              
  13.25 153.2  1.0                                                              
1 15.57 160.2  1.0                                                              
 9.2   4.44  11.33                                                              
 9.2   4.44  11.93                                                              
 9.2   4.44  12.52                                                              
 9.2   4.67  11.33                                                              
 9.2   4.67  11.93                                                              
 9.2   4.67  12.52                                                              
 9.2   4.91  11.33                                                              
 9.2   4.91  11.93                                                              
 9.2   4.91  12.52                                                              
