header
IE0.0    -0.7891       1       1 9.1163  10.0952 14.1021   56.14   56.14
OF3.3    -0.7492    0.00 9.1189     0.00    0.00    0.00    0.00    0.00
OF6.6    -0.708     0.00 9.1211     0.00    0.00    0.00    0.00    0.00
OF9.8    -0.6667    0.00 9.1239     0.00    0.00    0.00    0.00    0.00
OF13.1   -0.6211    0.00 9.1268     0.00    0.00    0.00    0.00    0.00
OF16.4   -0.5489    0.00 9.1294     0.00    0.00    0.00    0.00    0.00
OF19.7   -0.4766    0.00 9.1316     0.00    0.00    0.00    0.00    0.00
OF23.0   -0.4043    0.00 9.1343     0.00    0.00    0.00    0.00    0.00
OF26.2   -0.3320    0.00 9.1371     0.00    0.00    0.00    0.00    0.00
OF29.5   -0.2597    0.00 9.14       0.00    0.00    0.00    0.00    0.00
OF32.8   -0.1875    0.00 9.1429     0.00    0.00    0.00    0.00    0.00
OF36.1   -0.1151    0.00 9.1455     0.00    0.00    0.00    0.00    0.00
OF39.4   -0.0429    0.00 9.1487     0.00    0.00    0.00    0.00    0.00
OF42.7   -0.1102    0.00 9.1541     0.00    0.00    0.00    0.00    0.00
OF45.9   -0.3155    0.00 9.1609     0.00    0.00    0.00    0.00    0.00
OF49.2   -0.3510    0.00 9.1654     0.00    0.00    0.00    0.00    0.00
OF52.5   -0.3510    0.00 9.1687     0.00    0.00    0.00    0.00    0.00
OF55.8   -0.3510    0.00 9.1717     0.00    0.00    0.00    0.00    0.00
OF59.1   -0.3514    0.00 9.1749     0.00    0.00    0.00    0.00    0.00
OF62.3   -0.3729    0.00 9.178      0.00    0.00    0.00    0.00    0.00
OF65.6   -0.3944    0.00 9.1812     0.00    0.00    0.00    0.00    0.00
OF68.9   -0.4159    0.00 9.1847     0.00    0.00    0.00    0.00    0.00
OF72.2   -0.4375    0.00 9.1877     0.00    0.00    0.00    0.00    0.00
OF75.5   -0.3409    0.00 9.1896     0.00    0.00    0.00    0.00    0.00
OF78.7   -0.0969    0.00 9.1901     0.00    0.00    0.00    0.00    0.00
IF82.0   0.13675    0.00 9.1908     0.00    0.00    0.00    0.00    0.00
IF85.3   0.31615    0.00 9.1922     0.00    0.00    0.00    0.00    0.00
IF88.6   0.49554    0.00 9.1942     0.00    0.00    0.00    0.00    0.00
IF91.9   0.67494    0.00 9.1961     0.00    0.00    0.00    0.00    0.00
IF95.1   0.77343    0.00 9.1993     0.00    0.00    0.00    0.00    0.00
IF98.4   0.79137    0.00 9.2038     0.00    0.00    0.00    0.00    0.00
IF101.7  0.80931    0.00 9.2077     0.00    0.00    0.00    0.00    0.00
IF105.0  0.82725    0.00 9.2119     0.00    0.00    0.00    0.00    0.00
IF108.3  0.84519    0.00 9.2156     0.00    0.00    0.00    0.00    0.00
IF111.5  0.86742    0.00 9.2192     0.00    0.00    0.00    0.00    0.00
IF114.8  1.1769     0.00 9.2193     0.00    0.00    0.00    0.00    0.00
IF118.1  1.4863     0.00 9.22       0.00    0.00    0.00    0.00    0.00
IF121.4  1.8591     0.00 9.2196     0.00    0.00    0.00    0.00    0.00
IF124.7  2.2783     0.00 9.2192     0.00    0.00    0.00    0.00    0.00
IF128.0  2.6975     0.00 9.2205     0.00    0.00    0.00    0.00    0.00
IF131.2  3.2026     0.00 9.2203     0.00    0.00    0.00    0.00    0.00
IF134.5  3.748      0.00 9.2219     0.00    0.00    0.00    0.00    0.00
IF137.8  4.248      0.00 9.229      0.00    0.00    0.00    0.00    0.00
IF141.1  4.6786     0.00 9.2462     0.00    0.00    0.00    0.00    0.00
IF144.4  5.1091     0.00 9.2668     0.00    0.00    0.00    0.00    0.00
IF147.6  5.5647     0.00 9.2888     0.00    0.00    0.00    0.00    0.00
IF150.9  6.5908     0.00 9.3687     0.00    0.00    0.00    0.00    0.00
IF154.2  7.617      0.00 9.6322     0.00    0.00    0.00    0.00    0.00
IF157.5  8.6431     0.00 9.9192     0.00    0.00    0.00    0.00    0.00
IF160.8  9.6693     0.00 10.2128    0.00    0.00    0.00    0.00    0.00
IF162.5  10.2128    0.00 10.2128    0.00    0.00    0.00    0.00    0.00
AS277.8  9.0643     0.00 9.0643     0.00    0.00    0.00    0.00    0.00
IF279.5  9.0223     0.00 9.0643     0.00    0.00    0.00    0.00    0.00
IF289.0  8.5958     0.00 9.0643     0.00    0.00    0.00    0.00    0.00
IF296.5  8.6614     0.00 9.0645     0.00    0.00    0.00    0.00    0.00
IF305.0  8.3661     0.00 9.0649     0.00    0.00    0.00    0.00    0.00
IF311.5  8.1365     0.00 9.0649     0.00    0.00    0.00    0.00    0.00
IF315.0  8.2349     0.00 9.0649     0.00    0.00    0.00    0.00    0.00
IF320.5  8.0052     0.00 9.0649     0.00    0.00    0.00    0.00    0.00
IF330.5  7.7756     0.00 9.0649     0.00    0.00    0.00    0.00    0.00
IF336.0  8.2119     0.00 9.065      0.00    0.00    0.00    0.00    0.00
IF338.0  7.8182     0.00 9.065      0.00    0.00    0.00    0.00    0.00
IF341.0  8.0479     0.00 9.065      0.00    0.00    0.00    0.00    0.00
IF349.0  7.8412     0.00 9.065      0.00    0.00    0.00    0.00    0.00
IF357.5  8.1135     0.00 9.065      0.00    0.00    0.00    0.00    0.00
IF361.0  8.0052     0.00 9.0651     0.00    0.00    0.00    0.00    0.00
IF365.0  7.9068     0.00 9.0651     0.00    0.00    0.00    0.00    0.00
IF372.0  8.2021     0.00 9.0651     0.00    0.00    0.00    0.00    0.00
IF378.0  8.0709     0.00 9.0651     0.00    0.00    0.00    0.00    0.00
IF384.0  8.2021     0.00 9.0651     0.00    0.00    0.00    0.00    0.00
IF390.0  8.2349     0.00 9.0652     0.00    0.00    0.00    0.00    0.00
IF394.0  8.1365     0.00 9.0652     0.00    0.00    0.00    0.00    0.00
IF401.5  8.0052     0.00 9.0652     0.00    0.00    0.00    0.00    0.00
IF409.5  7.8412     0.00 9.0652     0.00    0.00    0.00    0.00    0.00
IF417.0  7.71       0.00 9.0652     0.00    0.00    0.00    0.00    0.00
IF422.0  7.3622     0.00 9.0653     0.00    0.00    0.00    0.00    0.00
IF426.0  7.3163     0.00 9.0653     0.00    0.00    0.00    0.00    0.00
IF432.5  7.0866     0.00 9.0653     0.00    0.00    0.00    0.00    0.00
IF441.0  7.185      0.00 9.0653     0.00    0.00    0.00    0.00    0.00
IF457.0  7.021      0.00 9.0649     0.00    0.00    0.00    0.00    0.00
IF468.0  6.8373     0.00 9.0645     0.00    0.00    0.00    0.00    0.00
IF472.5  6.857      0.00 9.0643     0.00    0.00    0.00    0.00    0.00
IF478.0  6.7913     0.00 9.0641     0.00    0.00    0.00    0.00    0.00
IF483.5  6.857      0.00 9.0639     0.00    0.00    0.00    0.00    0.00
IF492.0  6.8898     0.00 9.0636     0.00    0.00    0.00    0.00    0.00
IF502.0  6.9554     0.00 9.0632     0.00    0.00    0.00    0.00    0.00
IF513.0  6.2008     0.00 9.0628     0.00    0.00    0.00    0.00    0.00
IF518.0  9.0628     0.00 9.0628     0.00    0.00    0.00    0.00    0.00
AS530.4  9.062      0.00 9.062      0.00    0.00    0.00    0.00    0.00
IF535.5  5.9711     0.00 9.062      0.00    0.00    0.00    0.00    0.00
IF548.5  5.6759     0.00 9.0616     0.00    0.00    0.00    0.00    0.00
IF560.0  6.6076     0.00 9.0615     0.00    0.00    0.00    0.00    0.00
IF574.5  7.8412     0.00 9.0614     0.00    0.00    0.00    0.00    0.00
IF581.5  7.71       0.00 9.0614     0.00    0.00    0.00    0.00    0.00
IF587.5  7.5459     0.00 9.0613     0.00    0.00    0.00    0.00    0.00
IF595.0  7.3819     0.00 9.0613     0.00    0.00    0.00    0.00    0.00
IF602.5  5.3806     0.00 9.0612     0.00    0.00    0.00    0.00    0.00
IF608.0  5.2493     0.00 9.0611     0.00    0.00    0.00    0.00    0.00
IF618.5  5.2165     0.00 9.0611     0.00    0.00    0.00    0.00    0.00
IF630.0  4.8327     0.00 9.0611     0.00    0.00    0.00    0.00    0.00
IF637.0  4.9639     0.00 9.0613     0.00    0.00    0.00    0.00    0.00
IF650.5  4.8327     0.00 9.0615     0.00    0.00    0.00    0.00    0.00
IF660.5  4.8655     0.00 9.0616     0.00    0.00    0.00    0.00    0.00
IF668.0  4.5702     0.00 9.0616     0.00    0.00    0.00    0.00    0.00
IF677.0  4.7671     0.00 9.0618     0.00    0.00    0.00    0.00    0.00
IF688.0  4.7014     0.00 9.062      0.00    0.00    0.00    0.00    0.00
IF697.0  4.5046     0.00 9.0622     0.00    0.00    0.00    0.00    0.00
IF701.0  5.0131     0.00 9.0623     0.00    0.00    0.00    0.00    0.00
IF708.0  4.9442     0.00 9.0624     0.00    0.00    0.00    0.00    0.00
IF716.0  4.4062     0.00 9.0626     0.00    0.00    0.00    0.00    0.00
IF722.5  4.5374     0.00 9.0627     0.00    0.00    0.00    0.00    0.00
IF731.5  4.439      0.00 9.0629     0.00    0.00    0.00    0.00    0.00
IF740.0  4.5374     0.00 9.0631     0.00    0.00    0.00    0.00    0.00
IF747.5  4.4718     0.00 9.0632     0.00    0.00    0.00    0.00    0.00
IF752.0  4.5046     0.00 9.0633     0.00    0.00    0.00    0.00    0.00
IF760.0  4.2585     0.00 9.0634     0.00    0.00    0.00    0.00    0.00
IF764.5  3.6844     0.00 9.0634     0.00    0.00    0.00    0.00    0.00
IF774.0  3.9797     0.00 9.0634     0.00    0.00    0.00    0.00    0.00
IF785.5  3.9469     0.00 9.0633     0.00    0.00    0.00    0.00    0.00
IF797.0  3.8484     0.00 9.0632     0.00    0.00    0.00    0.00    0.00
IF808.0  4.0781     0.00 9.0632     0.00    0.00    0.00    0.00    0.00
IF825.5  3.8484     0.00 9.0631     0.00    0.00    0.00    0.00    0.00
IF831.0  3.2579     0.00 9.063      0.00    0.00    0.00    0.00    0.00
IF841.0  3.4547     0.00 9.063      0.00    0.00    0.00    0.00    0.00
IF851.5  3.8648     0.00 9.0629     0.00    0.00    0.00    0.00    0.00
IF860.0  3.4547     0.00 9.0628     0.00    0.00    0.00    0.00    0.00
IF870.5  3.8812     0.00 9.0627     0.00    0.00    0.00    0.00    0.00
IF880.0  4.1437     0.00 9.0626     0.00    0.00    0.00    0.00    0.00
IF885.0  4.0781     0.00 9.0625     0.00    0.00    0.00    0.00    0.00
IF891.5  3.9797     0.00 9.0624     0.00    0.00    0.00    0.00    0.00
IF903.5  4.0125     0.00 9.0621     0.00    0.00    0.00    0.00    0.00
IF916.0  3.914      0.00 9.0619     0.00    0.00    0.00    0.00    0.00
IF923.0  4.1568     0.00 9.0618     0.00    0.00    0.00    0.00    0.00
IF930.5  4.0125     0.00 9.0616     0.00    0.00    0.00    0.00    0.00
IF940.0  3.9797     0.00 9.0614     0.00    0.00    0.00    0.00    0.00
IF952.5  4.0125     0.00 9.0612     0.00    0.00    0.00    0.00    0.00
IF959.5  4.1437     0.00 9.0611     0.00    0.00    0.00    0.00    0.00
IF967.0  3.9797     0.00 9.0609     0.00    0.00    0.00    0.00    0.00
IF974.0  3.6844     0.00 9.0608     0.00    0.00    0.00    0.00    0.00
IF989.5  3.9469     0.00 9.0607     0.00    0.00    0.00    0.00    0.00
IF1006.5 4.2093     0.00 9.0608     0.00    0.00    0.00    0.00    0.00
IF1016.5 3.5531     0.00 9.0609     0.00    0.00    0.00    0.00    0.00
IF1025.5 3.9469     0.00 9.061      0.00    0.00    0.00    0.00    0.00
IF1034.0 4.8786     0.00 9.061      0.00    0.00    0.00    0.00    0.00
IF1040.0 4.3734     0.00 9.0611     0.00    0.00    0.00    0.00    0.00
IF1054.5 4.1437     0.00 9.0612     0.00    0.00    0.00    0.00    0.00
IF1062.5 4.3734     0.00 9.0612     0.00    0.00    0.00    0.00    0.00
IF1067.5 4.1109     0.00 9.0612     0.00    0.00    0.00    0.00    0.00
IF1071.5 4.813      0.00 9.0612     0.00    0.00    0.00    0.00    0.00
IF1079.5 3.9797     0.00 9.0612     0.00    0.00    0.00    0.00    0.00
IF1095.5 3.8812     0.00 9.0613     0.00    0.00    0.00    0.00    0.00
IF1107.0 4.9442     0.00 9.0613     0.00    0.00    0.00    0.00    0.00
IF1110.0 4.8491     0.00 9.0613     0.00    0.00    0.00    0.00    0.00
IF1117.0 3.5203     0.00 9.0613     0.00    0.00    0.00    0.00    0.00
IF1129.0 4.0125     0.00 9.0616     0.00    0.00    0.00    0.00    0.00
IF1141.5 4.3077     0.00 9.0621     0.00    0.00    0.00    0.00    0.00
IF1148.0 4.7474     0.00 9.0623     0.00    0.00    0.00    0.00    0.00
IF1149.0 4.2421     0.00 9.0623     0.00    0.00    0.00    0.00    0.00
IF1156.0 4.5046     0.00 9.0626     0.00    0.00    0.00    0.00    0.00
IF1164.0 4.7867     0.00 9.0629     0.00    0.00    0.00    0.00    0.00
IF1171.5 4.2421     0.00 9.0632     0.00    0.00    0.00    0.00    0.00
IF1179.5 4.5407     0.00 9.0635     0.00    0.00    0.00    0.00    0.00
IF1185.5 4.9016     0.00 9.0637     0.00    0.00    0.00    0.00    0.00
IF1192.5 4.5079     0.00 9.064      0.00    0.00    0.00    0.00    0.00
IF1197.5 4.9475     0.00 9.0642     0.00    0.00    0.00    0.00    0.00
IF1200.0 4.9803     0.00 9.0643     0.00    0.00    0.00    0.00    0.00
IF1205.5 4.7703     0.00 9.0645     0.00    0.00    0.00    0.00    0.00
IF1215.0 4.5079     0.00 9.0648     0.00    0.00    0.00    0.00    0.00
IF1221.0 4.9803     0.00 9.0651     0.00    0.00    0.00    0.00    0.00
IF1224.0 4.4751     0.00 9.0652     0.00    0.00    0.00    0.00    0.00
IF1227.0 4.7474     0.00 9.0653     0.00    0.00    0.00    0.00    0.00
IF1230.5 4.5735     0.00 9.0654     0.00    0.00    0.00    0.00    0.00
IF1235.0 4.5079     0.00 9.0656     0.00    0.00    0.00    0.00    0.00
IF1242.0 5.2165     0.00 9.0659     0.00    0.00    0.00    0.00    0.00
IF1251.5 5.0853     0.00 9.0662     0.00    0.00    0.00    0.00    0.00
IF1263.5 5.1509     0.00 9.0666     0.00    0.00    0.00    0.00    0.00
IF1274.0 5.0853     0.00 9.0669     0.00    0.00    0.00    0.00    0.00
IF1283.0 5.1509     0.00 9.0672     0.00    0.00    0.00    0.00    0.00
IF1291.5 5.2493     0.00 9.0675     0.00    0.00    0.00    0.00    0.00
IF1294.0 5.3806     0.00 9.0676     0.00    0.00    0.00    0.00    0.00
IF1298.0 5.5446     0.00 9.0677     0.00    0.00    0.00    0.00    0.00
IF1302.0 5.7743     0.00 9.0679     0.00    0.00    0.00    0.00    0.00
IF1306.0 5.7415     0.00 9.068      0.00    0.00    0.00    0.00    0.00
IF1314.0 5.4462     0.00 9.0683     0.00    0.00    0.00    0.00    0.00
IF1323.0 5.5446     0.00 9.0686     0.00    0.00    0.00    0.00    0.00
IF1332.0 5.6102     0.00 9.0688     0.00    0.00    0.00    0.00    0.00
IF1341.0 5.7415     0.00 9.0691     0.00    0.00    0.00    0.00    0.00
IF1348.0 5.8399     0.00 9.0694     0.00    0.00    0.00    0.00    0.00
IF1354.5 6.2664     0.00 9.0696     0.00    0.00    0.00    0.00    0.00
IF1361.0 6.6601     0.00 9.0698     0.00    0.00    0.00    0.00    0.00
IF1367.0 6.4961     0.00 9.0698     0.00    0.00    0.00    0.00    0.00
IF1374.0 5.8399     0.00 9.0699     0.00    0.00    0.00    0.00    0.00
IF1379.0 5.5446     0.00 9.0699     0.00    0.00    0.00    0.00    0.00
IF1387.0 5.3806     0.00 9.07       0.00    0.00    0.00    0.00    0.00
IF1395.5 5.315      0.00 9.07       0.00    0.00    0.00    0.00    0.00
IF1400.0 5.2493     0.00 9.07       0.00    0.00    0.00    0.00    0.00
IF1411.0 5.1509     0.00 9.0699     0.00    0.00    0.00    0.00    0.00
IF1420.0 4.7014     0.00 9.0699     0.00    0.00    0.00    0.00    0.00
IF1426.5 4.0453     0.00 9.0698     0.00    0.00    0.00    0.00    0.00
IF1433.0 4.3077     0.00 9.0698     0.00    0.00    0.00    0.00    0.00
IF1441.0 3.4875     0.00 9.0697     0.00    0.00    0.00    0.00    0.00
IF1449.5 3.3563     0.00 9.0697     0.00    0.00    0.00    0.00    0.00
IF1462.5 2.5689     0.00 9.0696     0.00    0.00    0.00    0.00    0.00
IF1470.5 2.6017     0.00 9.0694     0.00    0.00    0.00    0.00    0.00
IF1484.0 2.8642     0.00 9.0692     0.00    0.00    0.00    0.00    0.00
IF1492.0 2.2408     0.00 9.069      0.00    0.00    0.00    0.00    0.00
IF1506.5 1.8799     0.00 9.0688     0.00    0.00    0.00    0.00    0.00
IF1513.0 1.9783     0.00 9.0687     0.00    0.00    0.00    0.00    0.00
OF1609.0 -0.1213    0.00 9.0671     0.00    0.00    0.00    0.00    0.00
OF1616.0 -0.2526    0.00 9.067      0.00    0.00    0.00    0.00    0.00
OF1741.0 -1.7014    0.00 9.0661     0.00    0.00    0.00    0.00    0.00
OF1823.0 -1.7143    0.00 9.0649     0.00    0.00    0.00    0.00    0.00
OF1825.0 -1.7143    0.00 9.0648     0.00    0.00    0.00    0.00    0.00
OF1938.0 -9.4725    0.00 9.0638     0.00    0.00    0.00    0.00    0.00
OF1986.0 -12.431    0.00 9.0633     0.00    0.00    0.00    0.00    0.00
OF1987.0 -12.492    0.00 9.0633     0.00    0.00    0.00    0.00    0.00
OF1988.0 -12.553    0.00 9.0632     0.00    0.00    0.00    0.00    0.00
OF1989.0 -12.614    0.00 9.0632     0.00    0.00    0.00    0.00    0.00
OF1990.0 -12.675    0.00 9.0632     0.00    0.00    0.00    0.00    0.00
OF1991.0 -12.736    0.00 9.0632     0.00    0.00    0.00    0.00    0.00
OF1992.0 -12.797    0.00 9.0632     0.00    0.00    0.00    0.00    0.00
OF1993.0 -12.858    0.00 9.0632     0.00    0.00    0.00    0.00    0.00
OF1994.0 -12.919    0.00 9.0632     0.00    0.00    0.00    0.00    0.00
OF1995.0 -12.98     0.00 9.0632     0.00    0.00    0.00    0.00    0.00
OF1996.0 -13.041    0.00 9.0632     0.00    0.00    0.00    0.00    0.00
OF1997.0 -13.102    0.00 9.0631     0.00    0.00    0.00    0.00    0.00
OF1998.0 -13.162    0.00 9.0631     0.00    0.00    0.00    0.00    0.00
OF1999.0 -13.223    0.00 9.0631     0.00    0.00    0.00    0.00    0.00
OF2000.0 -13.284    0.00 9.0631     0.00    0.00    0.00    0.00    0.00
OF2001.0 -13.345    0.00 9.0631     0.00    0.00    0.00    0.00    0.00
OF2002.0 -13.406    0.00 9.0631     0.00    0.00    0.00    0.00    0.00
OF2003.0 -13.467    0.00 9.0631     0.00    0.00    0.00    0.00    0.00
OF2004.0 -13.528    0.00 9.0631     0.00    0.00    0.00    0.00    0.00
OF2005.0 -13.589    0.00 9.063      0.00    0.00    0.00    0.00    0.00
OF2006.0 -13.650    0.00 9.063      0.00    0.00    0.00    0.00    0.00
OF2007.0 -13.711    0.00 9.063      0.00    0.00    0.00    0.00    0.00
OF2008.0 -13.772    0.00 9.063      0.00    0.00    0.00    0.00    0.00
OF2009.0 -13.832    0.00 9.063      0.00    0.00    0.00    0.00    0.00
OF2010.0 -13.893    0.00 9.063      0.00    0.00    0.00    0.00    0.00
OF2011.0 -13.954    0.00 9.063      0.00    0.00    0.00    0.00    0.00
OF2012.0 -14.015    0.00 9.063      0.00    0.00    0.00    0.00    0.00
OF2013.0 -14.076    0.00 9.063      0.00    0.00    0.00    0.00    0.00
OF2014.0 -14.137    0.00 9.0629     0.00    0.00    0.00    0.00    0.00
OF2015.0 -14.198    0.00 9.0629     0.00    0.00    0.00    0.00    0.00
OF2016.0 -14.259    0.00 9.0629     0.00    0.00    0.00    0.00    0.00
OF2017.0 -14.320    0.00 9.0629     0.00    0.00    0.00    0.00    0.00
OF2018.0 -14.381    0.00 9.0629     0.00    0.00    0.00    0.00    0.00
OF2019.0 -14.442    0.00 9.0629     0.00    0.00    0.00    0.00    0.00
OF2020.0 -14.502    0.00 9.0629     0.00    0.00    0.00    0.00    0.00
OF2021.0 -14.563    0.00 9.0629     0.00    0.00    0.00    0.00    0.00
OF2022.0 -14.624    0.00 9.0629     0.00    0.00    0.00    0.00    0.00
OF2023.0 -14.685    0.00 9.0628     0.00    0.00    0.00    0.00    0.00
OF2024.0 -14.746    0.00 9.0628     0.00    0.00    0.00    0.00    0.00
OF2025.0 -14.807    0.00 9.0628     0.00    0.00    0.00    0.00    0.00
OF2026.0 -14.868    0.00 9.0628     0.00    0.00    0.00    0.00    0.00
OF2027.0 -14.929    0.00 9.0628     0.00    0.00    0.00    0.00    0.00
OF2028.0 -14.990    0.00 9.0628     0.00    0.00    0.00    0.00    0.00
OF2029.0 -15.051    0.00 9.0628     0.00    0.00    0.00    0.00    0.00
OF2030.0 -15.112    0.00 9.0628     0.00    0.00    0.00    0.00    0.00
OF2031.0 -15.173    0.00 9.0627     0.00    0.00    0.00    0.00    0.00
OF2032.0 -15.234    0.00 9.0627     0.00    0.00    0.00    0.00    0.00
OF2033.0 -15.294    0.00 9.0627     0.00    0.00    0.00    0.00    0.00
OF2034.0 -15.355    0.00 9.0627     0.00    0.00    0.00    0.00    0.00
OF2035.0 -15.416    0.00 9.0627     0.00    0.00    0.00    0.00    0.00
OF2036.0 -15.477    0.00 9.0627     0.00    0.00    0.00    0.00    0.00
OF2037.0 -15.538    0.00 9.0627     0.00    0.00    0.00    0.00    0.00
OF2038.0 -15.599    0.00 9.0627     0.00    0.00    0.00    0.00    0.00
OF2039.0 -15.660    0.00 9.0627     0.00    0.00    0.00    0.00    0.00
OF2040.0 -15.721    0.00 9.0626     0.00    0.00    0.00    0.00    0.00
OF2041.0 -15.782    0.00 9.0626     0.00    0.00    0.00    0.00    0.00
OF2042.0 -15.843    0.00 9.0626     0.00    0.00    0.00    0.00    0.00
OF2043.0 -15.896    0.00 9.0626     0.00    0.00    0.00    0.00    0.00
OF2044.0 -15.908    0.00 9.0626     0.00    0.00    0.00    0.00    0.00
OF2045.0 -15.921    0.00 9.0626     0.00    0.00    0.00    0.00    0.00
OF2046.0 -15.934    0.00 9.0626     0.00    0.00    0.00    0.00    0.00
OF2047.0 -15.946    0.00 9.0626     0.00    0.00    0.00    0.00    0.00
OF2048.0 -15.959    0.00 9.0626     0.00    0.00    0.00    0.00    0.00
OF2049.0 -15.971    0.00 9.0626     0.00    0.00    0.00    0.00    0.00
OF2050.0 -15.984    0.00 9.0626     0.00    0.00    0.00    0.00    0.00
OF2051.0 -15.996    0.00 9.0626     0.00    0.00    0.00    0.00    0.00
OF2052.0 -16.009    0.00 9.0626     0.00    0.00    0.00    0.00    0.00
OF2053.0 -16.034    0.00 9.0626     0.00    0.00    0.00    0.00    0.00
OF2054.0 -16.058    0.00 9.0626     0.00    0.00    0.00    0.00    0.00
OF2055.0 -16.083    0.00 9.0626     0.00    0.00    0.00    0.00    0.00
OF2056.0 -16.108    0.00 9.0625     0.00    0.00    0.00    0.00    0.00
OF2057.0 -16.132    0.00 9.0625     0.00    0.00    0.00    0.00    0.00
OF2058.0 -16.157    0.00 9.0625     0.00    0.00    0.00    0.00    0.00
OF2059.0 -16.182    0.00 9.0625     0.00    0.00    0.00    0.00    0.00
OF2060.0 -16.206    0.00 9.0625     0.00    0.00    0.00    0.00    0.00
OF2061.0 -16.231    0.00 9.0625     0.00    0.00    0.00    0.00    0.00
OF2062.0 -16.255    0.00 9.0625     0.00    0.00    0.00    0.00    0.00
OF2063.0 -16.280    0.00 9.0625     0.00    0.00    0.00    0.00    0.00
OF2064.0 -16.305    0.00 9.0624     0.00    0.00    0.00    0.00    0.00
OF2065.0 -16.329    0.00 9.0624     0.00    0.00    0.00    0.00    0.00
OF2066.0 -16.354    0.00 9.0624     0.00    0.00    0.00    0.00    0.00
OF2067.0 -16.379    0.00 9.0624     0.00    0.00    0.00    0.00    0.00
OF2068.0 -16.403    0.00 9.0624     0.00    0.00    0.00    0.00    0.00
OF2069.0 -16.428    0.00 9.0624     0.00    0.00    0.00    0.00    0.00
OF2070.0 -16.453    0.00 9.0624     0.00    0.00    0.00    0.00    0.00
OF2071.0 -16.477    0.00 9.0624     0.00    0.00    0.00    0.00    0.00
OF2072.0 -16.502    0.00 9.0623     0.00    0.00    0.00    0.00    0.00
OF2073.0 -16.527    0.00 9.0623     0.00    0.00    0.00    0.00    0.00
OF2074.0 -16.551    0.00 9.0623     0.00    0.00    0.00    0.00    0.00
OF2075.0 -16.576    0.00 9.0623     0.00    0.00    0.00    0.00    0.00
OF2076.0 -16.601    0.00 9.0623     0.00    0.00    0.00    0.00    0.00
OF2077.0 -16.625    0.00 9.0623     0.00    0.00    0.00    0.00    0.00
OF2078.0 -16.650    0.00 9.0623     0.00    0.00    0.00    0.00    0.00
OF2079.0 -16.675    0.00 9.0623     0.00    0.00    0.00    0.00    0.00
OF2080.0 -16.699    0.00 9.0622     0.00    0.00    0.00    0.00    0.00
OF2081.0 -16.724    0.00 9.0622     0.00    0.00    0.00    0.00    0.00
OF2082.0 -16.748    0.00 9.0622     0.00    0.00    0.00    0.00    0.00
OF2083.0 -16.773    0.00 9.0622     0.00    0.00    0.00    0.00    0.00
OF2084.0 -16.798    0.00 9.0622     0.00    0.00    0.00    0.00    0.00
OF2085.0 -16.823    0.00 9.0622     0.00    0.00    0.00    0.00    0.00
OF2086.0 -16.847    0.00 9.0622     0.00    0.00    0.00    0.00    0.00
OF2087.0 -16.872    0.00 9.0621     0.00    0.00    0.00    0.00    0.00
OF2088.0 -16.896    0.00 9.0621     0.00    0.00    0.00    0.00    0.00
OF2089.0 -16.921    0.00 9.0621     0.00    0.00    0.00    0.00    0.00
OF2090.0 -16.946    0.00 9.0621     0.00    0.00    0.00    0.00    0.00
OF2091.0 -16.970    0.00 9.0621     0.00    0.00    0.00    0.00    0.00
OF2092.0 -16.995    0.00 9.0621     0.00    0.00    0.00    0.00    0.00
OF2093.0 -17.020    0.00 9.0621     0.00    0.00    0.00    0.00    0.00
OF2094.0 -17.044    0.00 9.0621     0.00    0.00    0.00    0.00    0.00
OF2095.0 -17.069    0.00 9.062      0.00    0.00    0.00    0.00    0.00
OF2096.0 -17.094    0.00 9.062      0.00    0.00    0.00    0.00    0.00
OF2097.0 -17.118    0.00 9.062      0.00    0.00    0.00    0.00    0.00
OF2098.0 -17.143    0.00 9.062      0.00    0.00    0.00    0.00    0.00
OF2099.0 -17.168    0.00 9.062      0.00    0.00    0.00    0.00    0.00
OF2100.0 -17.192    0.00 9.062      0.00    0.00    0.00    0.00    0.00
OF2101.0 -17.217    0.00 9.062      0.00    0.00    0.00    0.00    0.00
OF2102.0 -17.242    0.00 9.062      0.00    0.00    0.00    0.00    0.00
OF2103.0 -17.263    0.00 9.0619     0.00    0.00    0.00    0.00    0.00
OF2104.0 -17.282    0.00 9.0619     0.00    0.00    0.00    0.00    0.00
OF2105.0 -17.300    0.00 9.0619     0.00    0.00    0.00    0.00    0.00
OF2106.0 -17.319    0.00 9.0619     0.00    0.00    0.00    0.00    0.00
OF2107.0 -17.337    0.00 9.0619     0.00    0.00    0.00    0.00    0.00
OF2108.0 -17.356    0.00 9.0619     0.00    0.00    0.00    0.00    0.00
OF2109.0 -17.374    0.00 9.0619     0.00    0.00    0.00    0.00    0.00
OF2110.0 -17.393    0.00 9.0619     0.00    0.00    0.00    0.00    0.00
OF2111.0 -17.411    0.00 9.0618     0.00    0.00    0.00    0.00    0.00
OF2112.0 -17.430    0.00 9.0618     0.00    0.00    0.00    0.00    0.00
OF2113.0 -17.448    0.00 9.0618     0.00    0.00    0.00    0.00    0.00
OF2114.0 -17.467    0.00 9.0618     0.00    0.00    0.00    0.00    0.00
OF2115.0 -17.485    0.00 9.0618     0.00    0.00    0.00    0.00    0.00
OF2116.0 -17.504    0.00 9.0618     0.00    0.00    0.00    0.00    0.00
OF2117.0 -17.522    0.00 9.0618     0.00    0.00    0.00    0.00    0.00
OF2118.0 -17.541    0.00 9.0618     0.00    0.00    0.00    0.00    0.00
OF2119.0 -17.559    0.00 9.0618     0.00    0.00    0.00    0.00    0.00
OF2120.0 -17.578    0.00 9.0617     0.00    0.00    0.00    0.00    0.00
OF2121.0 -17.596    0.00 9.0617     0.00    0.00    0.00    0.00    0.00
OF2122.0 -17.615    0.00 9.0617     0.00    0.00    0.00    0.00    0.00
OF2123.0 -17.633    0.00 9.0617     0.00    0.00    0.00    0.00    0.00
OF2124.0 -17.652    0.00 9.0617     0.00    0.00    0.00    0.00    0.00
OF2125.0 -17.670    0.00 9.0617     0.00    0.00    0.00    0.00    0.00
OF2126.0 -17.689    0.00 9.0617     0.00    0.00    0.00    0.00    0.00
OF2127.0 -17.707    0.00 9.0617     0.00    0.00    0.00    0.00    0.00
OF2128.0 -17.726    0.00 9.0617     0.00    0.00    0.00    0.00    0.00
OF2129.0 -17.744    0.00 9.0616     0.00    0.00    0.00    0.00    0.00
OF2130.0 -17.763    0.00 9.0616     0.00    0.00    0.00    0.00    0.00
OF2131.0 -17.781    0.00 9.0616     0.00    0.00    0.00    0.00    0.00
OF2132.0 -17.800    0.00 9.0616     0.00    0.00    0.00    0.00    0.00
OF2133.0 -17.818    0.00 9.0616     0.00    0.00    0.00    0.00    0.00
OF2134.0 -17.837    0.00 9.0616     0.00    0.00    0.00    0.00    0.00
OF2135.0 -17.855    0.00 9.0616     0.00    0.00    0.00    0.00    0.00
OF2136.0 -17.874    0.00 9.0616     0.00    0.00    0.00    0.00    0.00
OF2137.0 -17.892    0.00 9.0616     0.00    0.00    0.00    0.00    0.00
OF2138.0 -17.911    0.00 9.0615     0.00    0.00    0.00    0.00    0.00
OF2139.0 -17.929    0.00 9.0615     0.00    0.00    0.00    0.00    0.00
OF2140.0 -17.948    0.00 9.0615     0.00    0.00    0.00    0.00    0.00
OF2141.0 -17.966    0.00 9.0615     0.00    0.00    0.00    0.00    0.00
OF2142.0 -17.985    0.00 9.0615     0.00    0.00    0.00    0.00    0.00
OF2143.0 -18.003    0.00 9.0615     0.00    0.00    0.00    0.00    0.00
OF2144.0 -18.022    0.00 9.0615     0.00    0.00    0.00    0.00    0.00
OF2145.0 -18.040    0.00 9.0615     0.00    0.00    0.00    0.00    0.00
OF2146.0 -18.059    0.00 9.0614     0.00    0.00    0.00    0.00    0.00
OF2147.0 -18.077    0.00 9.0614     0.00    0.00    0.00    0.00    0.00
OF2148.0 -18.096    0.00 9.0614     0.00    0.00    0.00    0.00    0.00
OF2149.0 -18.114    0.00 9.0614     0.00    0.00    0.00    0.00    0.00
OF2150.0 -18.133    0.00 9.0614     0.00    0.00    0.00    0.00    0.00
OF2151.0 -18.151    0.00 9.0614     0.00    0.00    0.00    0.00    0.00
OF2152.0 -18.170    0.00 9.0614     0.00    0.00    0.00    0.00    0.00
OF2153.0 -18.188    0.00 9.0614     0.00    0.00    0.00    0.00    0.00
OF2154.0 -18.207    0.00 9.0614     0.00    0.00    0.00    0.00    0.00
OF2155.0 -18.225    0.00 9.0613     0.00    0.00    0.00    0.00    0.00
OF2156.0 -18.244    0.00 9.0613     0.00    0.00    0.00    0.00    0.00
OF2157.0 -18.262    0.00 9.0613     0.00    0.00    0.00    0.00    0.00
OF2158.0 -18.281    0.00 9.0613     0.00    0.00    0.00    0.00    0.00
OF2159.0 -18.300    0.00 9.0613     0.00    0.00    0.00    0.00    0.00
OF2160.0 -18.319    0.00 9.0613     0.00    0.00    0.00    0.00    0.00
OF2161.0 -18.338    0.00 9.0613     0.00    0.00    0.00    0.00    0.00
OF2162.0 -18.357    0.00 9.0613     0.00    0.00    0.00    0.00    0.00
OF2163.0 -18.375    0.00 9.0613     0.00    0.00    0.00    0.00    0.00
OF2164.0 -18.394    0.00 9.0613     0.00    0.00    0.00    0.00    0.00
OF2165.0 -18.413    0.00 9.0613     0.00    0.00    0.00    0.00    0.00
OF2166.0 -18.432    0.00 9.0613     0.00    0.00    0.00    0.00    0.00
OF2167.0 -18.451    0.00 9.0613     0.00    0.00    0.00    0.00    0.00
OF2168.0 -18.470    0.00 9.0613     0.00    0.00    0.00    0.00    0.00
OF2169.0 -18.506    0.00 9.0613     0.00    0.00    0.00    0.00    0.00
OF2170.0 -18.562    0.00 9.0613     0.00    0.00    0.00    0.00    0.00
OF2171.0 -18.619    0.00 9.0613     0.00    0.00    0.00    0.00    0.00
OF2172.0 -18.675    0.00 9.0613     0.00    0.00    0.00    0.00    0.00
OF2173.0 -18.731    0.00 9.0613     0.00    0.00    0.00    0.00    0.00
OF2174.0 -18.787    0.00 9.0613     0.00    0.00    0.00    0.00    0.00
OF2175.0 -18.843    0.00 9.0613     0.00    0.00    0.00    0.00    0.00
OF2176.0 -18.900    0.00 9.0613     0.00    0.00    0.00    0.00    0.00
OF2177.0 -18.956    0.00 9.0613     0.00    0.00    0.00    0.00    0.00
OF2178.0 -19.012    0.00 9.0613     0.00    0.00    0.00    0.00    0.00
OF2179.0 -19.068    0.00 9.0613     0.00    0.00    0.00    0.00    0.00
OF2180.0 -19.125    0.00 9.0613     0.00    0.00    0.00    0.00    0.00
OF2181.0 -19.181    0.00 9.0613     0.00    0.00    0.00    0.00    0.00
OF2182.0 -19.237    0.00 9.0613     0.00    0.00    0.00    0.00    0.00
OF2183.0 -19.293    0.00 9.0613     0.00    0.00    0.00    0.00    0.00
OF2184.0 -19.349    0.00 9.0613     0.00    0.00    0.00    0.00    0.00
OF2185.0 -19.406    0.00 9.0613     0.00    0.00    0.00    0.00    0.00
OF2186.0 -19.462    0.00 9.0613     0.00    0.00    0.00    0.00    0.00
OF2187.0 -19.518    0.00 9.0613     0.00    0.00    0.00    0.00    0.00
OF2188.0 -19.574    0.00 9.0613     0.00    0.00    0.00    0.00    0.00
OF2189.0 -19.630    0.00 9.0614     0.00    0.00    0.00    0.00    0.00
OF2190.0 -19.687    0.00 9.0614     0.00    0.00    0.00    0.00    0.00
OF2191.0 -19.743    0.00 9.0614     0.00    0.00    0.00    0.00    0.00
OF2192.0 -19.799    0.00 9.0614     0.00    0.00    0.00    0.00    0.00
OF2193.0 -19.855    0.00 9.0614     0.00    0.00    0.00    0.00    0.00
OF2194.0 -19.911    0.00 9.0614     0.00    0.00    0.00    0.00    0.00
OF2195.0 -19.968    0.00 9.0614     0.00    0.00    0.00    0.00    0.00
OF2196.0 -20.024    0.00 9.0614     0.00    0.00    0.00    0.00    0.00
OF2197.0 -20.080    0.00 9.0614     0.00    0.00    0.00    0.00    0.00
OF2198.0 -20.136    0.00 9.0614     0.00    0.00    0.00    0.00    0.00
OF2199.0 -20.192    0.00 9.0614     0.00    0.00    0.00    0.00    0.00
OF2200.0 -20.249    0.00 9.0614     0.00    0.00    0.00    0.00    0.00
OF2201.0 -20.305    0.00 9.0614     0.00    0.00    0.00    0.00    0.00
OF2202.0 -20.361    0.00 9.0614     0.00    0.00    0.00    0.00    0.00
OF2203.0 -20.417    0.00 9.0614     0.00    0.00    0.00    0.00    0.00
OF2204.0 -20.473    0.00 9.0614     0.00    0.00    0.00    0.00    0.00
OF2205.0 -20.53     0.00 9.0614     0.00    0.00    0.00    0.00    0.00
OF2206.0 -20.586    0.00 9.0614     0.00    0.00    0.00    0.00    0.00
OF2207.0 -20.642    0.00 9.0614     0.00    0.00    0.00    0.00    0.00
OF2208.0 -20.698    0.00 9.0614     0.00    0.00    0.00    0.00    0.00
OF2209.0 -20.754    0.00 9.0614     0.00    0.00    0.00    0.00    0.00
OF2210.0 -20.811    0.00 9.0614     0.00    0.00    0.00    0.00    0.00
OF2211.0 -20.867    0.00 9.0614     0.00    0.00    0.00    0.00    0.00
OF2212.0 -20.923    0.00 9.0614     0.00    0.00    0.00    0.00    0.00
OF2213.0 -20.979    0.00 9.0615     0.00    0.00    0.00    0.00    0.00
OF2214.0 -21.035    0.00 9.0615     0.00    0.00    0.00    0.00    0.00
OF2215.0 -21.092    0.00 9.0615     0.00    0.00    0.00    0.00    0.00
OF2216.0 -21.148    0.00 9.0615     0.00    0.00    0.00    0.00    0.00
OF2217.0 -21.204    0.00 9.0615     0.00    0.00    0.00    0.00    0.00
OF2218.0 -21.260    0.00 9.0615     0.00    0.00    0.00    0.00    0.00
OF2219.0 -21.316    0.00 9.0615     0.00    0.00    0.00    0.00    0.00
OF2220.0 -21.373    0.00 9.0615     0.00    0.00    0.00    0.00    0.00
OF2221.0 -21.429    0.00 9.0615     0.00    0.00    0.00    0.00    0.00
OF2222.0 -21.485    0.00 9.0615     0.00    0.00    0.00    0.00    0.00
OF2223.0 -21.541    0.00 9.0615     0.00    0.00    0.00    0.00    0.00
OF2224.0 -21.597    0.00 9.0615     0.00    0.00    0.00    0.00    0.00
OF2225.0 -21.654    0.00 9.0615     0.00    0.00    0.00    0.00    0.00
OF2226.0 -21.710    0.00 9.0615     0.00    0.00    0.00    0.00    0.00
OF2227.0 -21.766    0.00 9.0615     0.00    0.00    0.00    0.00    0.00
OF2228.0 -21.822    0.00 9.0615     0.00    0.00    0.00    0.00    0.00
OF2229.0 -21.878    0.00 9.0615     0.00    0.00    0.00    0.00    0.00
OF2230.0 -21.935    0.00 9.0615     0.00    0.00    0.00    0.00    0.00
OF2231.0 -21.991    0.00 9.0615     0.00    0.00    0.00    0.00    0.00
OF2232.0 -22.047    0.00 9.0615     0.00    0.00    0.00    0.00    0.00
OF2233.0 -22.103    0.00 9.0615     0.00    0.00    0.00    0.00    0.00
OF2234.0 -22.159    0.00 9.0615     0.00    0.00    0.00    0.00    0.00
OF2235.0 -22.216    0.00 9.0615     0.00    0.00    0.00    0.00    0.00
OF2236.0 -21.982    0.00 9.0615     0.00    0.00    0.00    0.00    0.00
OF2237.0 -21.644    0.00 9.0615     0.00    0.00    0.00    0.00    0.00
OF2238.0 -21.305    0.00 9.0616     0.00    0.00    0.00    0.00    0.00
OF2239.0 -20.966    0.00 9.0616     0.00    0.00    0.00    0.00    0.00
OF2240.0 -20.629    0.00 9.0616     0.00    0.00    0.00    0.00    0.00
OF2241.0 -20.290    0.00 9.0616     0.00    0.00    0.00    0.00    0.00
OF2242.0 -19.952    0.00 9.0616     0.00    0.00    0.00    0.00    0.00
OF2243.0 -19.614    0.00 9.0616     0.00    0.00    0.00    0.00    0.00
OF2244.0 -19.275    0.00 9.0616     0.00    0.00    0.00    0.00    0.00
OF2245.0 -18.938    0.00 9.0616     0.00    0.00    0.00    0.00    0.00
OF2246.0 -18.599    0.00 9.0616     0.00    0.00    0.00    0.00    0.00
OF2247.0 -18.261    0.00 9.0616     0.00    0.00    0.00    0.00    0.00
OF2248.0 -17.922    0.00 9.0616     0.00    0.00    0.00    0.00    0.00
OF2249.0 -17.584    0.00 9.0616     0.00    0.00    0.00    0.00    0.00
OF2250.0 -17.246    0.00 9.0616     0.00    0.00    0.00    0.00    0.00
OF2251.0 -16.908    0.00 9.0616     0.00    0.00    0.00    0.00    0.00
OF2252.0 -16.569    0.00 9.0616     0.00    0.00    0.00    0.00    0.00
OF2253.0 -16.231    0.00 9.0616     0.00    0.00    0.00    0.00    0.00
OF2254.0 -15.893    0.00 9.0616     0.00    0.00    0.00    0.00    0.00
OF2255.0 -15.554    0.00 9.0616     0.00    0.00    0.00    0.00    0.00
OF2256.0 -15.217    0.00 9.0616     0.00    0.00    0.00    0.00    0.00
OF2258.0 -14.539    0.00 9.0616     0.00    0.00    0.00    0.00    0.00
OF2259.0 -14.201    0.00 9.0616     0.00    0.00    0.00    0.00    0.00
OF2261.0 -13.525    0.00 9.0616     0.00    0.00    0.00    0.00    0.00
OF2262.0 -13.187    0.00 9.0616     0.00    0.00    0.00    0.00    0.00
OF2264.0 -12.510    0.00 9.0616     0.00    0.00    0.00    0.00    0.00
OF2265.0 -12.172    0.00 9.0616     0.00    0.00    0.00    0.00    0.00
OF2268.0 -11.156    0.00 9.0616     0.00    0.00    0.00    0.00    0.00
OF2270.0 -10.480    0.00 9.0616     0.00    0.00    0.00    0.00    0.00
OF2271.0 -10.142    0.00 9.0616     0.00    0.00    0.00    0.00    0.00
OF2276.0 -8.4517    0.00 9.0617     0.00    0.00    0.00    0.00    0.00
OF2277.0 -8.1131    0.00 9.0617     0.00    0.00    0.00    0.00    0.00
OF2283.0 -6.1402    0.00 9.0617     0.00    0.00    0.00    0.00    0.00
OF2303.0 -0.1274    0.00 9.0622     0.00    0.00    0.00    0.00    0.00
IF2366.0 1.1253     0.00 9.063      0.00    0.00    0.00    0.00    0.00
IF2375.0 1.7815     0.00 9.063      0.00    0.00    0.00    0.00    0.00
IF2383.0 2.5689     0.00 9.063      0.00    0.00    0.00    0.00    0.00
IF2391.0 3.1594     0.00 9.063      0.00    0.00    0.00    0.00    0.00
IF2404.7 9.063      0.00 9.063      0.00    0.00    0.00    0.00    0.00
PS START(390377.2183,4810601.9468)
PS END(390139.3954,4811325.3867)
ET
 
 
 
