header
IE0.0    -15.556       1       1 8.9963  6.9956  6.9601    56.14   56.14
OF1.0    -15.645    0.00 8.9964     0.00    0.00    0.00    0.00    0.00
OF2.0    -15.734    0.00 8.9964     0.00    0.00    0.00    0.00    0.00
OF3.0    -15.823    0.00 8.9964     0.00    0.00    0.00    0.00    0.00
OF4.0    -15.913    0.00 8.9965     0.00    0.00    0.00    0.00    0.00
OF5.0    -16.002    0.00 8.9965     0.00    0.00    0.00    0.00    0.00
OF6.0    -16.091    0.00 8.9966     0.00    0.00    0.00    0.00    0.00
OF7.0    -16.180    0.00 8.9966     0.00    0.00    0.00    0.00    0.00
OF8.0    -16.269    0.00 8.9966     0.00    0.00    0.00    0.00    0.00
OF9.0    -16.357    0.00 8.9967     0.00    0.00    0.00    0.00    0.00
OF10.0   -16.447    0.00 8.9967     0.00    0.00    0.00    0.00    0.00
OF11.0   -16.536    0.00 8.9968     0.00    0.00    0.00    0.00    0.00
OF12.0   -16.625    0.00 8.9968     0.00    0.00    0.00    0.00    0.00
OF13.0   -16.714    0.00 8.9968     0.00    0.00    0.00    0.00    0.00
OF14.0   -16.773    0.00 8.9969     0.00    0.00    0.00    0.00    0.00
OF15.0   -16.773    0.00 8.9969     0.00    0.00    0.00    0.00    0.00
OF16.0   -16.773    0.00 8.9969     0.00    0.00    0.00    0.00    0.00
OF17.0   -16.773    0.00 8.9969     0.00    0.00    0.00    0.00    0.00
OF18.0   -16.773    0.00 8.9969     0.00    0.00    0.00    0.00    0.00
OF19.0   -16.773    0.00 8.9969     0.00    0.00    0.00    0.00    0.00
OF20.0   -16.773    0.00 8.997      0.00    0.00    0.00    0.00    0.00
OF21.0   -16.773    0.00 8.997      0.00    0.00    0.00    0.00    0.00
OF22.0   -16.773    0.00 8.997      0.00    0.00    0.00    0.00    0.00
OF23.0   -16.773    0.00 8.997      0.00    0.00    0.00    0.00    0.00
OF24.0   -16.773    0.00 8.997      0.00    0.00    0.00    0.00    0.00
OF25.0   -16.773    0.00 8.997      0.00    0.00    0.00    0.00    0.00
OF26.0   -16.773    0.00 8.9971     0.00    0.00    0.00    0.00    0.00
OF27.0   -16.773    0.00 8.9971     0.00    0.00    0.00    0.00    0.00
OF28.0   -16.773    0.00 8.9971     0.00    0.00    0.00    0.00    0.00
OF29.0   -16.773    0.00 8.9971     0.00    0.00    0.00    0.00    0.00
OF30.0   -16.773    0.00 8.9971     0.00    0.00    0.00    0.00    0.00
OF31.0   -16.773    0.00 8.9971     0.00    0.00    0.00    0.00    0.00
OF32.0   -16.773    0.00 8.9971     0.00    0.00    0.00    0.00    0.00
OF33.0   -16.773    0.00 8.9972     0.00    0.00    0.00    0.00    0.00
OF34.0   -16.773    0.00 8.9972     0.00    0.00    0.00    0.00    0.00
OF35.0   -16.773    0.00 8.9972     0.00    0.00    0.00    0.00    0.00
OF36.0   -16.773    0.00 8.9972     0.00    0.00    0.00    0.00    0.00
OF37.0   -16.773    0.00 8.9972     0.00    0.00    0.00    0.00    0.00
OF38.0   -16.773    0.00 8.9972     0.00    0.00    0.00    0.00    0.00
OF39.0   -16.773    0.00 8.9972     0.00    0.00    0.00    0.00    0.00
OF40.0   -16.773    0.00 8.9973     0.00    0.00    0.00    0.00    0.00
OF41.0   -16.773    0.00 8.9973     0.00    0.00    0.00    0.00    0.00
OF42.0   -16.773    0.00 8.9973     0.00    0.00    0.00    0.00    0.00
OF43.0   -16.772    0.00 8.9973     0.00    0.00    0.00    0.00    0.00
OF44.0   -16.772    0.00 8.9973     0.00    0.00    0.00    0.00    0.00
OF45.0   -16.772    0.00 8.9973     0.00    0.00    0.00    0.00    0.00
OF46.0   -16.772    0.00 8.9974     0.00    0.00    0.00    0.00    0.00
OF47.0   -16.772    0.00 8.9974     0.00    0.00    0.00    0.00    0.00
OF48.0   -16.772    0.00 8.9974     0.00    0.00    0.00    0.00    0.00
OF49.0   -16.772    0.00 8.9974     0.00    0.00    0.00    0.00    0.00
OF50.0   -16.772    0.00 8.9974     0.00    0.00    0.00    0.00    0.00
OF51.0   -16.772    0.00 8.9974     0.00    0.00    0.00    0.00    0.00
OF52.0   -16.772    0.00 8.9974     0.00    0.00    0.00    0.00    0.00
OF53.0   -16.772    0.00 8.9975     0.00    0.00    0.00    0.00    0.00
OF54.0   -16.772    0.00 8.9975     0.00    0.00    0.00    0.00    0.00
OF55.0   -16.772    0.00 8.9975     0.00    0.00    0.00    0.00    0.00
OF56.0   -16.772    0.00 8.9975     0.00    0.00    0.00    0.00    0.00
OF57.0   -16.772    0.00 8.9975     0.00    0.00    0.00    0.00    0.00
OF58.0   -16.772    0.00 8.9975     0.00    0.00    0.00    0.00    0.00
OF59.0   -16.772    0.00 8.9976     0.00    0.00    0.00    0.00    0.00
OF60.0   -16.772    0.00 8.9976     0.00    0.00    0.00    0.00    0.00
OF61.0   -16.772    0.00 8.9976     0.00    0.00    0.00    0.00    0.00
OF62.0   -16.772    0.00 8.9976     0.00    0.00    0.00    0.00    0.00
OF63.0   -16.772    0.00 8.9976     0.00    0.00    0.00    0.00    0.00
OF64.0   -16.772    0.00 8.9976     0.00    0.00    0.00    0.00    0.00
OF65.0   -16.772    0.00 8.9976     0.00    0.00    0.00    0.00    0.00
OF66.0   -16.772    0.00 8.9977     0.00    0.00    0.00    0.00    0.00
OF67.0   -16.772    0.00 8.9977     0.00    0.00    0.00    0.00    0.00
OF68.0   -16.772    0.00 8.9977     0.00    0.00    0.00    0.00    0.00
OF69.0   -16.772    0.00 8.9977     0.00    0.00    0.00    0.00    0.00
OF70.0   -16.772    0.00 8.9977     0.00    0.00    0.00    0.00    0.00
OF71.0   -16.772    0.00 8.9977     0.00    0.00    0.00    0.00    0.00
OF72.0   -16.772    0.00 8.9977     0.00    0.00    0.00    0.00    0.00
OF73.0   -16.772    0.00 8.9978     0.00    0.00    0.00    0.00    0.00
OF74.0   -16.772    0.00 8.9978     0.00    0.00    0.00    0.00    0.00
OF75.0   -16.772    0.00 8.9978     0.00    0.00    0.00    0.00    0.00
OF76.0   -16.772    0.00 8.9978     0.00    0.00    0.00    0.00    0.00
OF77.0   -16.772    0.00 8.9978     0.00    0.00    0.00    0.00    0.00
OF78.0   -16.772    0.00 8.9978     0.00    0.00    0.00    0.00    0.00
OF79.0   -16.772    0.00 8.9979     0.00    0.00    0.00    0.00    0.00
OF80.0   -16.772    0.00 8.9979     0.00    0.00    0.00    0.00    0.00
OF81.0   -16.772    0.00 8.9979     0.00    0.00    0.00    0.00    0.00
OF82.0   -16.772    0.00 8.9979     0.00    0.00    0.00    0.00    0.00
OF83.0   -16.772    0.00 8.9979     0.00    0.00    0.00    0.00    0.00
OF84.0   -16.772    0.00 8.9979     0.00    0.00    0.00    0.00    0.00
OF85.0   -16.772    0.00 8.9979     0.00    0.00    0.00    0.00    0.00
OF86.0   -16.772    0.00 8.998      0.00    0.00    0.00    0.00    0.00
OF87.0   -16.772    0.00 8.998      0.00    0.00    0.00    0.00    0.00
OF88.0   -16.772    0.00 8.998      0.00    0.00    0.00    0.00    0.00
OF89.0   -16.772    0.00 8.998      0.00    0.00    0.00    0.00    0.00
OF90.0   -16.772    0.00 8.998      0.00    0.00    0.00    0.00    0.00
OF91.0   -16.772    0.00 8.998      0.00    0.00    0.00    0.00    0.00
OF92.0   -16.745    0.00 8.998      0.00    0.00    0.00    0.00    0.00
OF93.0   -16.662    0.00 8.9981     0.00    0.00    0.00    0.00    0.00
OF94.0   -16.579    0.00 8.9981     0.00    0.00    0.00    0.00    0.00
OF95.0   -16.496    0.00 8.9981     0.00    0.00    0.00    0.00    0.00
OF96.0   -16.412    0.00 8.9981     0.00    0.00    0.00    0.00    0.00
OF97.0   -16.329    0.00 8.9981     0.00    0.00    0.00    0.00    0.00
OF98.0   -16.246    0.00 8.9981     0.00    0.00    0.00    0.00    0.00
OF99.0   -16.163    0.00 8.9981     0.00    0.00    0.00    0.00    0.00
OF100.0  -16.079    0.00 8.9981     0.00    0.00    0.00    0.00    0.00
OF101.0  -15.996    0.00 8.9981     0.00    0.00    0.00    0.00    0.00
OF102.0  -15.913    0.00 8.9981     0.00    0.00    0.00    0.00    0.00
OF103.0  -15.830    0.00 8.9981     0.00    0.00    0.00    0.00    0.00
OF104.0  -15.747    0.00 8.9982     0.00    0.00    0.00    0.00    0.00
OF105.0  -15.663    0.00 8.9982     0.00    0.00    0.00    0.00    0.00
OF106.0  -15.580    0.00 8.9982     0.00    0.00    0.00    0.00    0.00
OF107.0  -15.497    0.00 8.9982     0.00    0.00    0.00    0.00    0.00
OF108.0  -15.414    0.00 8.9982     0.00    0.00    0.00    0.00    0.00
OF109.0  -15.331    0.00 8.9982     0.00    0.00    0.00    0.00    0.00
OF110.0  -15.247    0.00 8.9982     0.00    0.00    0.00    0.00    0.00
OF111.0  -15.164    0.00 8.9982     0.00    0.00    0.00    0.00    0.00
OF112.0  -15.081    0.00 8.9982     0.00    0.00    0.00    0.00    0.00
OF113.0  -14.998    0.00 8.9982     0.00    0.00    0.00    0.00    0.00
OF114.0  -14.915    0.00 8.9982     0.00    0.00    0.00    0.00    0.00
OF115.0  -14.831    0.00 8.9982     0.00    0.00    0.00    0.00    0.00
OF116.0  -14.748    0.00 8.9983     0.00    0.00    0.00    0.00    0.00
OF117.0  -14.665    0.00 8.9983     0.00    0.00    0.00    0.00    0.00
OF118.0  -14.582    0.00 8.9983     0.00    0.00    0.00    0.00    0.00
OF119.0  -14.498    0.00 8.9983     0.00    0.00    0.00    0.00    0.00
OF120.0  -14.415    0.00 8.9983     0.00    0.00    0.00    0.00    0.00
OF121.0  -14.332    0.00 8.9983     0.00    0.00    0.00    0.00    0.00
OF122.0  -14.249    0.00 8.9983     0.00    0.00    0.00    0.00    0.00
OF123.0  -14.165    0.00 8.9983     0.00    0.00    0.00    0.00    0.00
OF124.0  -14.082    0.00 8.9983     0.00    0.00    0.00    0.00    0.00
OF125.0  -13.999    0.00 8.9983     0.00    0.00    0.00    0.00    0.00
OF126.0  -13.916    0.00 8.9983     0.00    0.00    0.00    0.00    0.00
OF127.0  -13.833    0.00 8.9984     0.00    0.00    0.00    0.00    0.00
OF128.0  -13.749    0.00 8.9984     0.00    0.00    0.00    0.00    0.00
OF129.0  -13.666    0.00 8.9984     0.00    0.00    0.00    0.00    0.00
OF130.0  -13.583    0.00 8.9984     0.00    0.00    0.00    0.00    0.00
OF131.0  -13.500    0.00 8.9984     0.00    0.00    0.00    0.00    0.00
OF132.0  -13.416    0.00 8.9984     0.00    0.00    0.00    0.00    0.00
OF133.0  -13.333    0.00 8.9984     0.00    0.00    0.00    0.00    0.00
OF134.0  -13.250    0.00 8.9984     0.00    0.00    0.00    0.00    0.00
OF135.0  -13.167    0.00 8.9984     0.00    0.00    0.00    0.00    0.00
OF136.0  -13.084    0.00 8.9984     0.00    0.00    0.00    0.00    0.00
OF137.0  -13.000    0.00 8.9984     0.00    0.00    0.00    0.00    0.00
OF138.0  -12.917    0.00 8.9985     0.00    0.00    0.00    0.00    0.00
OF139.0  -12.834    0.00 8.9985     0.00    0.00    0.00    0.00    0.00
OF140.0  -12.751    0.00 8.9985     0.00    0.00    0.00    0.00    0.00
OF141.0  -12.667    0.00 8.9985     0.00    0.00    0.00    0.00    0.00
OF142.0  -12.584    0.00 8.9985     0.00    0.00    0.00    0.00    0.00
OF143.0  -12.501    0.00 8.9985     0.00    0.00    0.00    0.00    0.00
OF144.0  -12.418    0.00 8.9985     0.00    0.00    0.00    0.00    0.00
OF145.0  -12.335    0.00 8.9985     0.00    0.00    0.00    0.00    0.00
OF146.0  -12.251    0.00 8.9985     0.00    0.00    0.00    0.00    0.00
OF147.0  -12.168    0.00 8.9985     0.00    0.00    0.00    0.00    0.00
OF148.0  -12.085    0.00 8.9985     0.00    0.00    0.00    0.00    0.00
OF149.0  -12.002    0.00 8.9985     0.00    0.00    0.00    0.00    0.00
OF150.0  -11.918    0.00 8.9986     0.00    0.00    0.00    0.00    0.00
OF151.0  -11.835    0.00 8.9986     0.00    0.00    0.00    0.00    0.00
OF152.0  -11.752    0.00 8.9986     0.00    0.00    0.00    0.00    0.00
OF153.0  -11.669    0.00 8.9986     0.00    0.00    0.00    0.00    0.00
OF154.0  -11.585    0.00 8.9986     0.00    0.00    0.00    0.00    0.00
OF155.0  -11.502    0.00 8.9986     0.00    0.00    0.00    0.00    0.00
OF156.0  -11.399    0.00 8.9986     0.00    0.00    0.00    0.00    0.00
OF157.0  -11.288    0.00 8.9985     0.00    0.00    0.00    0.00    0.00
OF158.0  -11.178    0.00 8.9985     0.00    0.00    0.00    0.00    0.00
OF159.0  -11.068    0.00 8.9985     0.00    0.00    0.00    0.00    0.00
OF160.0  -10.958    0.00 8.9984     0.00    0.00    0.00    0.00    0.00
OF161.0  -10.847    0.00 8.9984     0.00    0.00    0.00    0.00    0.00
OF162.0  -10.737    0.00 8.9983     0.00    0.00    0.00    0.00    0.00
OF163.0  -10.627    0.00 8.9983     0.00    0.00    0.00    0.00    0.00
OF164.0  -10.517    0.00 8.9983     0.00    0.00    0.00    0.00    0.00
OF165.0  -10.407    0.00 8.9982     0.00    0.00    0.00    0.00    0.00
OF166.0  -10.297    0.00 8.9982     0.00    0.00    0.00    0.00    0.00
OF167.0  -10.186    0.00 8.9981     0.00    0.00    0.00    0.00    0.00
OF168.0  -10.076    0.00 8.9981     0.00    0.00    0.00    0.00    0.00
OF169.0  -9.9663    0.00 8.9981     0.00    0.00    0.00    0.00    0.00
OF170.0  -9.8561    0.00 8.998      0.00    0.00    0.00    0.00    0.00
OF171.0  -9.7459    0.00 8.998      0.00    0.00    0.00    0.00    0.00
OF172.0  -9.6356    0.00 8.9979     0.00    0.00    0.00    0.00    0.00
OF173.0  -9.5254    0.00 8.9979     0.00    0.00    0.00    0.00    0.00
OF174.0  -9.4152    0.00 8.9979     0.00    0.00    0.00    0.00    0.00
OF175.0  -9.3049    0.00 8.9978     0.00    0.00    0.00    0.00    0.00
OF176.0  -9.1952    0.00 8.9978     0.00    0.00    0.00    0.00    0.00
OF177.0  -9.085     0.00 8.9977     0.00    0.00    0.00    0.00    0.00
OF178.0  -8.9747    0.00 8.9977     0.00    0.00    0.00    0.00    0.00
OF179.0  -8.8645    0.00 8.9977     0.00    0.00    0.00    0.00    0.00
OF180.0  -8.7543    0.00 8.9976     0.00    0.00    0.00    0.00    0.00
OF181.0  -8.644     0.00 8.9976     0.00    0.00    0.00    0.00    0.00
OF182.0  -8.5338    0.00 8.9976     0.00    0.00    0.00    0.00    0.00
OF183.0  -8.4236    0.00 8.9975     0.00    0.00    0.00    0.00    0.00
OF184.0  -8.3133    0.00 8.9975     0.00    0.00    0.00    0.00    0.00
OF185.0  -8.2031    0.00 8.9974     0.00    0.00    0.00    0.00    0.00
OF186.0  -8.0932    0.00 8.9974     0.00    0.00    0.00    0.00    0.00
OF187.0  -7.983     0.00 8.9974     0.00    0.00    0.00    0.00    0.00
OF188.0  -7.8727    0.00 8.9973     0.00    0.00    0.00    0.00    0.00
OF189.0  -7.7625    0.00 8.9973     0.00    0.00    0.00    0.00    0.00
OF190.0  -7.6522    0.00 8.9972     0.00    0.00    0.00    0.00    0.00
OF191.0  -7.542     0.00 8.9972     0.00    0.00    0.00    0.00    0.00
OF192.0  -7.4318    0.00 8.9972     0.00    0.00    0.00    0.00    0.00
OF193.0  -7.3215    0.00 8.9971     0.00    0.00    0.00    0.00    0.00
OF194.0  -7.2113    0.00 8.9971     0.00    0.00    0.00    0.00    0.00
OF195.0  -7.1011    0.00 8.997      0.00    0.00    0.00    0.00    0.00
OF196.0  -6.9908    0.00 8.997      0.00    0.00    0.00    0.00    0.00
OF197.0  -6.8809    0.00 8.997      0.00    0.00    0.00    0.00    0.00
OF198.0  -6.7707    0.00 8.9969     0.00    0.00    0.00    0.00    0.00
OF199.0  -6.6605    0.00 8.9969     0.00    0.00    0.00    0.00    0.00
OF200.0  -6.5502    0.00 8.9968     0.00    0.00    0.00    0.00    0.00
OF201.0  -6.44      0.00 8.9968     0.00    0.00    0.00    0.00    0.00
OF202.0  -6.3298    0.00 8.9968     0.00    0.00    0.00    0.00    0.00
OF203.0  -6.2195    0.00 8.9967     0.00    0.00    0.00    0.00    0.00
OF204.0  -6.1093    0.00 8.9967     0.00    0.00    0.00    0.00    0.00
OF205.0  -5.9991    0.00 8.9966     0.00    0.00    0.00    0.00    0.00
OF206.0  -5.8888    0.00 8.9966     0.00    0.00    0.00    0.00    0.00
OF207.0  -5.7789    0.00 8.9966     0.00    0.00    0.00    0.00    0.00
OF208.0  -5.6687    0.00 8.9965     0.00    0.00    0.00    0.00    0.00
OF209.0  -5.5585    0.00 8.9965     0.00    0.00    0.00    0.00    0.00
OF210.0  -5.4482    0.00 8.9965     0.00    0.00    0.00    0.00    0.00
OF211.0  -5.338     0.00 8.9964     0.00    0.00    0.00    0.00    0.00
OF212.0  -5.2278    0.00 8.9964     0.00    0.00    0.00    0.00    0.00
OF213.0  -5.1175    0.00 8.9963     0.00    0.00    0.00    0.00    0.00
OF214.0  -5.0073    0.00 8.9963     0.00    0.00    0.00    0.00    0.00
OF215.0  -4.897     0.00 8.9963     0.00    0.00    0.00    0.00    0.00
OF216.0  -4.7868    0.00 8.9962     0.00    0.00    0.00    0.00    0.00
OF217.0  -4.6769    0.00 8.9962     0.00    0.00    0.00    0.00    0.00
OF218.0  -4.5667    0.00 8.9961     0.00    0.00    0.00    0.00    0.00
OF219.0  -4.4564    0.00 8.9961     0.00    0.00    0.00    0.00    0.00
OF220.0  -4.3462    0.00 8.9961     0.00    0.00    0.00    0.00    0.00
OF221.0  -4.2643    0.00 8.996      0.00    0.00    0.00    0.00    0.00
OF222.0  -4.2599    0.00 8.996      0.00    0.00    0.00    0.00    0.00
OF223.0  -4.2555    0.00 8.996      0.00    0.00    0.00    0.00    0.00
OF224.0  -4.2511    0.00 8.996      0.00    0.00    0.00    0.00    0.00
OF225.0  -4.2467    0.00 8.996      0.00    0.00    0.00    0.00    0.00
OF226.0  -4.2423    0.00 8.9959     0.00    0.00    0.00    0.00    0.00
OF227.0  -4.2379    0.00 8.9959     0.00    0.00    0.00    0.00    0.00
OF228.0  -4.2336    0.00 8.9959     0.00    0.00    0.00    0.00    0.00
OF229.0  -4.2292    0.00 8.9959     0.00    0.00    0.00    0.00    0.00
OF230.0  -4.2248    0.00 8.9959     0.00    0.00    0.00    0.00    0.00
OF231.0  -4.2204    0.00 8.9959     0.00    0.00    0.00    0.00    0.00
OF232.0  -4.216     0.00 8.9958     0.00    0.00    0.00    0.00    0.00
OF233.0  -4.2116    0.00 8.9958     0.00    0.00    0.00    0.00    0.00
OF234.0  -4.2072    0.00 8.9958     0.00    0.00    0.00    0.00    0.00
OF235.0  -4.2029    0.00 8.9958     0.00    0.00    0.00    0.00    0.00
OF236.0  -4.1985    0.00 8.9958     0.00    0.00    0.00    0.00    0.00
OF237.0  -4.1941    0.00 8.9958     0.00    0.00    0.00    0.00    0.00
OF238.0  -4.1897    0.00 8.9957     0.00    0.00    0.00    0.00    0.00
OF239.0  -4.1853    0.00 8.9957     0.00    0.00    0.00    0.00    0.00
OF240.0  -4.1809    0.00 8.9957     0.00    0.00    0.00    0.00    0.00
OF241.0  -4.1765    0.00 8.9957     0.00    0.00    0.00    0.00    0.00
OF242.0  -4.1722    0.00 8.9957     0.00    0.00    0.00    0.00    0.00
OF243.0  -4.1678    0.00 8.9956     0.00    0.00    0.00    0.00    0.00
OF244.0  -4.1634    0.00 8.9956     0.00    0.00    0.00    0.00    0.00
OF245.0  -4.159     0.00 8.9956     0.00    0.00    0.00    0.00    0.00
OF246.0  -4.1546    0.00 8.9956     0.00    0.00    0.00    0.00    0.00
OF247.0  -4.1502    0.00 8.9956     0.00    0.00    0.00    0.00    0.00
OF248.0  -4.1458    0.00 8.9956     0.00    0.00    0.00    0.00    0.00
OF249.0  -4.1415    0.00 8.9955     0.00    0.00    0.00    0.00    0.00
OF250.0  -4.1371    0.00 8.9955     0.00    0.00    0.00    0.00    0.00
OF251.0  -4.1327    0.00 8.9955     0.00    0.00    0.00    0.00    0.00
OF252.0  -4.1283    0.00 8.9955     0.00    0.00    0.00    0.00    0.00
OF253.0  -4.1239    0.00 8.9955     0.00    0.00    0.00    0.00    0.00
OF254.0  -4.1195    0.00 8.9955     0.00    0.00    0.00    0.00    0.00
OF255.0  -4.1151    0.00 8.9954     0.00    0.00    0.00    0.00    0.00
OF256.0  -4.1108    0.00 8.9954     0.00    0.00    0.00    0.00    0.00
OF257.0  -4.1064    0.00 8.9954     0.00    0.00    0.00    0.00    0.00
OF258.0  -4.102     0.00 8.9954     0.00    0.00    0.00    0.00    0.00
OF259.0  -4.0976    0.00 8.9954     0.00    0.00    0.00    0.00    0.00
OF260.0  -4.0932    0.00 8.9954     0.00    0.00    0.00    0.00    0.00
OF261.0  -4.0888    0.00 8.9953     0.00    0.00    0.00    0.00    0.00
OF262.0  -4.0844    0.00 8.9953     0.00    0.00    0.00    0.00    0.00
OF263.0  -4.0801    0.00 8.9953     0.00    0.00    0.00    0.00    0.00
OF264.0  -4.0757    0.00 8.9953     0.00    0.00    0.00    0.00    0.00
OF265.0  -4.0713    0.00 8.9953     0.00    0.00    0.00    0.00    0.00
OF266.0  -4.0669    0.00 8.9952     0.00    0.00    0.00    0.00    0.00
OF267.0  -4.0625    0.00 8.9952     0.00    0.00    0.00    0.00    0.00
OF268.0  -4.0581    0.00 8.9952     0.00    0.00    0.00    0.00    0.00
OF269.0  -4.0537    0.00 8.9952     0.00    0.00    0.00    0.00    0.00
OF270.0  -4.0494    0.00 8.9952     0.00    0.00    0.00    0.00    0.00
OF271.0  -4.045     0.00 8.9952     0.00    0.00    0.00    0.00    0.00
OF272.0  -4.0406    0.00 8.9951     0.00    0.00    0.00    0.00    0.00
OF273.0  -4.0362    0.00 8.9951     0.00    0.00    0.00    0.00    0.00
OF274.0  -4.0318    0.00 8.9951     0.00    0.00    0.00    0.00    0.00
OF275.0  -4.0274    0.00 8.9951     0.00    0.00    0.00    0.00    0.00
OF276.0  -4.023     0.00 8.9951     0.00    0.00    0.00    0.00    0.00
OF277.0  -4.0186    0.00 8.9951     0.00    0.00    0.00    0.00    0.00
OF278.0  -4.0143    0.00 8.995      0.00    0.00    0.00    0.00    0.00
OF279.0  -4.0099    0.00 8.995      0.00    0.00    0.00    0.00    0.00
OF280.0  -4.0055    0.00 8.995      0.00    0.00    0.00    0.00    0.00
OF281.0  -4.0011    0.00 8.995      0.00    0.00    0.00    0.00    0.00
OF282.0  -3.9967    0.00 8.995      0.00    0.00    0.00    0.00    0.00
OF283.0  -3.9923    0.00 8.995      0.00    0.00    0.00    0.00    0.00
OF284.0  -3.9879    0.00 8.9949     0.00    0.00    0.00    0.00    0.00
OF285.0  -3.9836    0.00 8.9949     0.00    0.00    0.00    0.00    0.00
OF286.0  -3.9606    0.00 8.995      0.00    0.00    0.00    0.00    0.00
OF287.0  -3.9116    0.00 8.9951     0.00    0.00    0.00    0.00    0.00
OF288.0  -3.8627    0.00 8.9953     0.00    0.00    0.00    0.00    0.00
OF289.0  -3.8137    0.00 8.9954     0.00    0.00    0.00    0.00    0.00
OF290.0  -3.765     0.00 8.9956     0.00    0.00    0.00    0.00    0.00
OF291.0  -3.716     0.00 8.9958     0.00    0.00    0.00    0.00    0.00
OF292.0  -3.6671    0.00 8.9959     0.00    0.00    0.00    0.00    0.00
OF293.0  -3.6181    0.00 8.9961     0.00    0.00    0.00    0.00    0.00
OF294.0  -3.5692    0.00 8.9962     0.00    0.00    0.00    0.00    0.00
OF295.0  -3.5202    0.00 8.9964     0.00    0.00    0.00    0.00    0.00
OF296.0  -3.4713    0.00 8.9965     0.00    0.00    0.00    0.00    0.00
OF297.0  -3.4223    0.00 8.9967     0.00    0.00    0.00    0.00    0.00
OF298.0  -3.3734    0.00 8.9968     0.00    0.00    0.00    0.00    0.00
OF299.0  -3.3244    0.00 8.997      0.00    0.00    0.00    0.00    0.00
OF300.0  -3.2755    0.00 8.9972     0.00    0.00    0.00    0.00    0.00
OF301.0  -3.2267    0.00 8.9973     0.00    0.00    0.00    0.00    0.00
OF302.0  -3.1777    0.00 8.9975     0.00    0.00    0.00    0.00    0.00
OF303.0  -3.1288    0.00 8.9976     0.00    0.00    0.00    0.00    0.00
OF304.0  -3.0798    0.00 8.9978     0.00    0.00    0.00    0.00    0.00
OF305.0  -3.0309    0.00 8.9979     0.00    0.00    0.00    0.00    0.00
OF306.0  -2.9819    0.00 8.9981     0.00    0.00    0.00    0.00    0.00
OF307.0  -2.933     0.00 8.9982     0.00    0.00    0.00    0.00    0.00
OF308.0  -2.884     0.00 8.9984     0.00    0.00    0.00    0.00    0.00
OF309.0  -2.8351    0.00 8.9986     0.00    0.00    0.00    0.00    0.00
OF310.0  -2.7861    0.00 8.9987     0.00    0.00    0.00    0.00    0.00
OF311.0  -2.7374    0.00 8.9989     0.00    0.00    0.00    0.00    0.00
OF312.0  -2.6884    0.00 8.999      0.00    0.00    0.00    0.00    0.00
OF313.0  -2.6395    0.00 8.9992     0.00    0.00    0.00    0.00    0.00
OF314.0  -2.5905    0.00 8.9993     0.00    0.00    0.00    0.00    0.00
OF315.0  -2.5416    0.00 8.9995     0.00    0.00    0.00    0.00    0.00
OF316.0  -2.4926    0.00 8.9996     0.00    0.00    0.00    0.00    0.00
OF317.0  -2.4436    0.00 8.9998     0.00    0.00    0.00    0.00    0.00
OF318.0  -2.3947    0.00 9          0.00    0.00    0.00    0.00    0.00
OF319.0  -2.3457    0.00 9.0001     0.00    0.00    0.00    0.00    0.00
OF320.0  -2.2968    0.00 9.0003     0.00    0.00    0.00    0.00    0.00
OF321.0  -2.248     0.00 9.0004     0.00    0.00    0.00    0.00    0.00
OF322.0  -2.1991    0.00 9.0006     0.00    0.00    0.00    0.00    0.00
OF323.0  -2.1501    0.00 9.0007     0.00    0.00    0.00    0.00    0.00
OF324.0  -2.1012    0.00 9.0009     0.00    0.00    0.00    0.00    0.00
OF325.0  -2.0522    0.00 9.0011     0.00    0.00    0.00    0.00    0.00
OF326.0  -2.0033    0.00 9.0012     0.00    0.00    0.00    0.00    0.00
OF327.0  -1.9543    0.00 9.0014     0.00    0.00    0.00    0.00    0.00
OF328.0  -1.9054    0.00 9.0015     0.00    0.00    0.00    0.00    0.00
OF329.0  -1.8564    0.00 9.0017     0.00    0.00    0.00    0.00    0.00
OF330.0  -1.8075    0.00 9.0018     0.00    0.00    0.00    0.00    0.00
OF331.0  -1.7585    0.00 9.002      0.00    0.00    0.00    0.00    0.00
OF332.0  -1.7098    0.00 9.0021     0.00    0.00    0.00    0.00    0.00
OF333.0  -1.6608    0.00 9.0023     0.00    0.00    0.00    0.00    0.00
OF334.0  -1.6075    0.00 9.0025     0.00    0.00    0.00    0.00    0.00
OF335.0  -1.5441    0.00 9.0027     0.00    0.00    0.00    0.00    0.00
OF336.0  -1.4808    0.00 9.0028     0.00    0.00    0.00    0.00    0.00
OF337.0  -1.4174    0.00 9.003      0.00    0.00    0.00    0.00    0.00
OF338.0  -1.3541    0.00 9.0032     0.00    0.00    0.00    0.00    0.00
OF339.0  -1.2907    0.00 9.0034     0.00    0.00    0.00    0.00    0.00
OF340.0  -1.2273    0.00 9.0036     0.00    0.00    0.00    0.00    0.00
OF341.0  -1.164     0.00 9.0038     0.00    0.00    0.00    0.00    0.00
OF342.0  -1.1009    0.00 9.004      0.00    0.00    0.00    0.00    0.00
OF343.0  -1.0375    0.00 9.0042     0.00    0.00    0.00    0.00    0.00
OF344.0  -0.9741    0.00 9.0044     0.00    0.00    0.00    0.00    0.00
OF345.0  -0.9107    0.00 9.0046     0.00    0.00    0.00    0.00    0.00
OF346.0  -0.8474    0.00 9.0048     0.00    0.00    0.00    0.00    0.00
OF347.0  -0.7840    0.00 9.0049     0.00    0.00    0.00    0.00    0.00
OF348.0  -0.7207    0.00 9.0051     0.00    0.00    0.00    0.00    0.00
OF349.0  -0.6573    0.00 9.0053     0.00    0.00    0.00    0.00    0.00
OF350.0  -0.5942    0.00 9.0055     0.00    0.00    0.00    0.00    0.00
OF351.0  -0.5308    0.00 9.0057     0.00    0.00    0.00    0.00    0.00
OF352.0  -0.4675    0.00 9.0059     0.00    0.00    0.00    0.00    0.00
OF353.0  -0.4041    0.00 9.0061     0.00    0.00    0.00    0.00    0.00
OF354.0  -0.3410    0.00 9.0063     0.00    0.00    0.00    0.00    0.00
OF355.0  -0.2776    0.00 9.0065     0.00    0.00    0.00    0.00    0.00
OF356.0  -0.2143    0.00 9.0067     0.00    0.00    0.00    0.00    0.00
OF357.0  -0.1509    0.00 9.0068     0.00    0.00    0.00    0.00    0.00
OF358.0  -0.0876    0.00 9.007      0.00    0.00    0.00    0.00    0.00
OF359.0  -0.0244    0.00 9.0072     0.00    0.00    0.00    0.00    0.00
IF361.5  0.01312    0.00 9.0077     0.00    0.00    0.00    0.00    0.00
IF366.0  0.63648    0.00 9.0086     0.00    0.00    0.00    0.00    0.00
IF372.5  1.3123     0.00 9.0098     0.00    0.00    0.00    0.00    0.00
IF378.0  1.4764     0.00 9.0109     0.00    0.00    0.00    0.00    0.00
IF381.5  1.9357     0.00 9.0115     0.00    0.00    0.00    0.00    0.00
IF385.0  1.9029     0.00 9.0122     0.00    0.00    0.00    0.00    0.00
IF388.5  1.8373     0.00 9.0129     0.00    0.00    0.00    0.00    0.00
IF395.5  2.5262     0.00 9.0129     0.00    0.00    0.00    0.00    0.00
IF404.5  3.5433     0.00 9.0129     0.00    0.00    0.00    0.00    0.00
IF406.8  3.7502     0.00 8.9995     0.00    0.00    0.00    0.00    0.00
IF410.1  4.0424     0.00 9.0102     0.00    0.00    0.00    0.00    0.00
IF413.4  4.1296     0.00 9.0261     0.00    0.00    0.00    0.00    0.00
IF416.7  4.0973     0.00 9.0437     0.00    0.00    0.00    0.00    0.00
IF419.9  4.6713     0.00 9.0493     0.00    0.00    0.00    0.00    0.00
IF423.2  5.2454     0.00 9.0599     0.00    0.00    0.00    0.00    0.00
IF426.5  5.8059     0.00 9.0916     0.00    0.00    0.00    0.00    0.00
IF429.8  6.3358     0.00 9.1336     0.00    0.00    0.00    0.00    0.00
IF433.1  6.963      0.00 9.1825     0.00    0.00    0.00    0.00    0.00
IF436.4  7.7909     0.00 9.2972     0.00    0.00    0.00    0.00    0.00
IF439.6  8.694      0.00 9.5215     0.00    0.00    0.00    0.00    0.00
IF442.2  9.5215     0.00 9.5215     0.00    0.00    0.00    0.00    0.00
PS START(390709.9581,4811569.5335)
PS END(390662.1306,4811411.1279)
ET
 
 
 
