header
IE0.0    -7.4456       1       1 9.0727  2.6897  8.3       56.14   56.14
OF1.0    -7.4224    0.00 9.0733     0.00    0.00    0.00    0.00    0.00
OF2.0    -7.3992    0.00 9.0738     0.00    0.00    0.00    0.00    0.00
OF3.0    -7.3759    0.00 9.0744     0.00    0.00    0.00    0.00    0.00
OF4.0    -7.3527    0.00 9.075      0.00    0.00    0.00    0.00    0.00
OF5.0    -7.3295    0.00 9.0756     0.00    0.00    0.00    0.00    0.00
OF6.0    -7.3062    0.00 9.0761     0.00    0.00    0.00    0.00    0.00
OF7.0    -7.283     0.00 9.0767     0.00    0.00    0.00    0.00    0.00
OF8.0    -7.2598    0.00 9.0773     0.00    0.00    0.00    0.00    0.00
OF9.0    -7.2366    0.00 9.0779     0.00    0.00    0.00    0.00    0.00
OF10.0   -7.2134    0.00 9.0784     0.00    0.00    0.00    0.00    0.00
OF11.0   -7.1901    0.00 9.079      0.00    0.00    0.00    0.00    0.00
OF12.0   -7.1669    0.00 9.0796     0.00    0.00    0.00    0.00    0.00
OF13.0   -7.1437    0.00 9.0801     0.00    0.00    0.00    0.00    0.00
OF14.0   -7.1205    0.00 9.0807     0.00    0.00    0.00    0.00    0.00
OF15.0   -7.0972    0.00 9.0813     0.00    0.00    0.00    0.00    0.00
OF16.0   -7.0741    0.00 9.0819     0.00    0.00    0.00    0.00    0.00
OF17.0   -7.0508    0.00 9.0824     0.00    0.00    0.00    0.00    0.00
OF18.0   -7.0276    0.00 9.083      0.00    0.00    0.00    0.00    0.00
OF19.0   -7.0044    0.00 9.0836     0.00    0.00    0.00    0.00    0.00
OF20.0   -6.9812    0.00 9.0842     0.00    0.00    0.00    0.00    0.00
OF21.0   -6.958     0.00 9.0847     0.00    0.00    0.00    0.00    0.00
OF22.0   -6.9347    0.00 9.0853     0.00    0.00    0.00    0.00    0.00
OF23.0   -6.9115    0.00 9.0859     0.00    0.00    0.00    0.00    0.00
OF24.0   -6.8883    0.00 9.0864     0.00    0.00    0.00    0.00    0.00
OF25.0   -6.8651    0.00 9.087      0.00    0.00    0.00    0.00    0.00
OF26.0   -6.8419    0.00 9.0876     0.00    0.00    0.00    0.00    0.00
OF27.0   -6.8187    0.00 9.0882     0.00    0.00    0.00    0.00    0.00
OF28.0   -6.7954    0.00 9.0887     0.00    0.00    0.00    0.00    0.00
OF29.0   -6.7722    0.00 9.0893     0.00    0.00    0.00    0.00    0.00
OF30.0   -6.749     0.00 9.0899     0.00    0.00    0.00    0.00    0.00
OF31.0   -6.7257    0.00 9.0905     0.00    0.00    0.00    0.00    0.00
OF32.0   -6.7026    0.00 9.091      0.00    0.00    0.00    0.00    0.00
OF33.0   -6.6793    0.00 9.0916     0.00    0.00    0.00    0.00    0.00
OF34.0   -6.6561    0.00 9.0922     0.00    0.00    0.00    0.00    0.00
OF35.0   -6.6329    0.00 9.0927     0.00    0.00    0.00    0.00    0.00
OF36.0   -6.6096    0.00 9.0933     0.00    0.00    0.00    0.00    0.00
OF37.0   -6.5864    0.00 9.0939     0.00    0.00    0.00    0.00    0.00
OF38.0   -6.5632    0.00 9.0945     0.00    0.00    0.00    0.00    0.00
OF39.0   -6.5399    0.00 9.095      0.00    0.00    0.00    0.00    0.00
OF40.0   -6.5168    0.00 9.0956     0.00    0.00    0.00    0.00    0.00
OF41.0   -6.4935    0.00 9.0962     0.00    0.00    0.00    0.00    0.00
OF42.0   -6.4703    0.00 9.0968     0.00    0.00    0.00    0.00    0.00
OF43.0   -6.4471    0.00 9.0973     0.00    0.00    0.00    0.00    0.00
OF44.0   -6.4239    0.00 9.0979     0.00    0.00    0.00    0.00    0.00
OF45.0   -6.4007    0.00 9.0985     0.00    0.00    0.00    0.00    0.00
OF46.0   -6.3774    0.00 9.0991     0.00    0.00    0.00    0.00    0.00
OF47.0   -6.3542    0.00 9.0996     0.00    0.00    0.00    0.00    0.00
OF48.0   -6.331     0.00 9.1002     0.00    0.00    0.00    0.00    0.00
OF49.0   -6.3078    0.00 9.1008     0.00    0.00    0.00    0.00    0.00
OF50.0   -6.2846    0.00 9.1013     0.00    0.00    0.00    0.00    0.00
OF51.0   -6.2614    0.00 9.1019     0.00    0.00    0.00    0.00    0.00
OF52.0   -6.2381    0.00 9.1025     0.00    0.00    0.00    0.00    0.00
OF53.0   -6.2149    0.00 9.1031     0.00    0.00    0.00    0.00    0.00
OF54.0   -6.1917    0.00 9.1036     0.00    0.00    0.00    0.00    0.00
OF55.0   -6.1685    0.00 9.1042     0.00    0.00    0.00    0.00    0.00
OF56.0   -6.1453    0.00 9.1048     0.00    0.00    0.00    0.00    0.00
OF57.0   -6.122     0.00 9.1054     0.00    0.00    0.00    0.00    0.00
OF58.0   -6.0989    0.00 9.1059     0.00    0.00    0.00    0.00    0.00
OF59.0   -6.0756    0.00 9.1065     0.00    0.00    0.00    0.00    0.00
OF60.0   -6.0524    0.00 9.1071     0.00    0.00    0.00    0.00    0.00
OF61.0   -6.0292    0.00 9.1076     0.00    0.00    0.00    0.00    0.00
OF62.0   -6.0059    0.00 9.1082     0.00    0.00    0.00    0.00    0.00
OF63.0   -5.9828    0.00 9.1088     0.00    0.00    0.00    0.00    0.00
OF64.0   -5.9595    0.00 9.1094     0.00    0.00    0.00    0.00    0.00
OF65.0   -5.9362    0.00 9.1099     0.00    0.00    0.00    0.00    0.00
OF66.0   -5.9131    0.00 9.1105     0.00    0.00    0.00    0.00    0.00
OF67.0   -5.8898    0.00 9.1111     0.00    0.00    0.00    0.00    0.00
OF68.0   -5.8666    0.00 9.1117     0.00    0.00    0.00    0.00    0.00
OF69.0   -5.8434    0.00 9.1122     0.00    0.00    0.00    0.00    0.00
OF70.0   -5.8201    0.00 9.1128     0.00    0.00    0.00    0.00    0.00
OF71.0   -5.797     0.00 9.1134     0.00    0.00    0.00    0.00    0.00
OF72.0   -5.7737    0.00 9.1139     0.00    0.00    0.00    0.00    0.00
OF73.0   -5.7505    0.00 9.1145     0.00    0.00    0.00    0.00    0.00
OF74.0   -5.7273    0.00 9.1151     0.00    0.00    0.00    0.00    0.00
OF75.0   -5.7041    0.00 9.1157     0.00    0.00    0.00    0.00    0.00
OF76.0   -5.6766    0.00 9.1162     0.00    0.00    0.00    0.00    0.00
OF77.0   -5.6398    0.00 9.1166     0.00    0.00    0.00    0.00    0.00
OF78.0   -5.6029    0.00 9.1169     0.00    0.00    0.00    0.00    0.00
OF79.0   -5.5662    0.00 9.1173     0.00    0.00    0.00    0.00    0.00
OF80.0   -5.5293    0.00 9.1177     0.00    0.00    0.00    0.00    0.00
OF81.0   -5.4924    0.00 9.1181     0.00    0.00    0.00    0.00    0.00
OF82.0   -5.4556    0.00 9.1185     0.00    0.00    0.00    0.00    0.00
OF83.0   -5.4187    0.00 9.1188     0.00    0.00    0.00    0.00    0.00
OF84.0   -5.3819    0.00 9.1192     0.00    0.00    0.00    0.00    0.00
OF85.0   -5.3451    0.00 9.1196     0.00    0.00    0.00    0.00    0.00
OF86.0   -5.3082    0.00 9.12       0.00    0.00    0.00    0.00    0.00
OF87.0   -5.2715    0.00 9.1204     0.00    0.00    0.00    0.00    0.00
OF88.0   -5.2346    0.00 9.1207     0.00    0.00    0.00    0.00    0.00
OF89.0   -5.1977    0.00 9.1211     0.00    0.00    0.00    0.00    0.00
OF90.0   -5.1609    0.00 9.1215     0.00    0.00    0.00    0.00    0.00
OF91.0   -5.124     0.00 9.1219     0.00    0.00    0.00    0.00    0.00
OF92.0   -5.0871    0.00 9.1223     0.00    0.00    0.00    0.00    0.00
OF93.0   -5.0504    0.00 9.1226     0.00    0.00    0.00    0.00    0.00
OF94.0   -5.0135    0.00 9.123      0.00    0.00    0.00    0.00    0.00
OF95.0   -4.9767    0.00 9.1234     0.00    0.00    0.00    0.00    0.00
OF96.0   -4.9398    0.00 9.1238     0.00    0.00    0.00    0.00    0.00
OF97.0   -4.9029    0.00 9.1242     0.00    0.00    0.00    0.00    0.00
OF98.0   -4.8662    0.00 9.1245     0.00    0.00    0.00    0.00    0.00
OF99.0   -4.8293    0.00 9.1249     0.00    0.00    0.00    0.00    0.00
OF100.0  -4.7924    0.00 9.1253     0.00    0.00    0.00    0.00    0.00
OF101.0  -4.7557    0.00 9.1257     0.00    0.00    0.00    0.00    0.00
OF102.0  -4.7188    0.00 9.1261     0.00    0.00    0.00    0.00    0.00
OF103.0  -4.682     0.00 9.1264     0.00    0.00    0.00    0.00    0.00
OF104.0  -4.6451    0.00 9.1268     0.00    0.00    0.00    0.00    0.00
OF105.0  -4.6082    0.00 9.1272     0.00    0.00    0.00    0.00    0.00
OF106.0  -4.5715    0.00 9.1276     0.00    0.00    0.00    0.00    0.00
OF107.0  -4.5346    0.00 9.128      0.00    0.00    0.00    0.00    0.00
OF108.0  -4.4669    0.00 9.128      0.00    0.00    0.00    0.00    0.00
OF109.0  -4.2696    0.00 9.128      0.00    0.00    0.00    0.00    0.00
OF110.0  -4.0717    0.00 9.128      0.00    0.00    0.00    0.00    0.00
OF111.0  -3.8744    0.00 9.128      0.00    0.00    0.00    0.00    0.00
OF112.0  -3.6765    0.00 9.128      0.00    0.00    0.00    0.00    0.00
OF113.0  -3.4785    0.00 9.128      0.00    0.00    0.00    0.00    0.00
OF114.0  -3.2813    0.00 9.128      0.00    0.00    0.00    0.00    0.00
OF115.0  -3.0833    0.00 9.128      0.00    0.00    0.00    0.00    0.00
OF116.0  -2.8854    0.00 9.128      0.00    0.00    0.00    0.00    0.00
OF117.0  -2.6881    0.00 9.128      0.00    0.00    0.00    0.00    0.00
OF118.0  -2.4902    0.00 9.128      0.00    0.00    0.00    0.00    0.00
OF119.0  -2.2929    0.00 9.128      0.00    0.00    0.00    0.00    0.00
OF120.0  -2.095     0.00 9.128      0.00    0.00    0.00    0.00    0.00
OF129.0  -1.7421    0.00 9.128      0.00    0.00    0.00    0.00    0.00
OF144.5  -1.1811    0.00 9.128      0.00    0.00    0.00    0.00    0.00
IF157.0  0.21982    0.00 9.128      0.00    0.00    0.00    0.00    0.00
IF172.5  1.7323     0.00 9.128      0.00    0.00    0.00    0.00    0.00
IF189.0  2.9101     0.00 9.128      0.00    0.00    0.00    0.00    0.00
IF205.5  7.3425     0.00 9.128      0.00    0.00    0.00    0.00    0.00
IF210.0  8.3174     0.00 9.2224     0.00    0.00    0.00    0.00    0.00
IF213.3  9.0325     0.00 9.4196     0.00    0.00    0.00    0.00    0.00
IF215.0  9.4196     0.00 9.4196     0.00    0.00    0.00    0.00    0.00
PS START(403525.1288,4833824.8875)
PS END(403567.6267,4833952.7313)
ET
 
 
 
