header
IE0.0    -10.979       1       1 8.9872  18.6586 14.1023   56.14   56.14
OF1.0    -10.972    0.00 8.9873     0.00    0.00    0.00    0.00    0.00
OF2.0    -10.965    0.00 8.9873     0.00    0.00    0.00    0.00    0.00
OF3.3    -10.955    0.00 8.9892     0.00    0.00    0.00    0.00    0.00
OF6.6    -10.932    0.00 8.9913     0.00    0.00    0.00    0.00    0.00
OF9.8    -10.909    0.00 8.9939     0.00    0.00    0.00    0.00    0.00
OF13.1   -10.886    0.00 8.9961     0.00    0.00    0.00    0.00    0.00
OF16.4   -10.863    0.00 8.9984     0.00    0.00    0.00    0.00    0.00
OF19.7   -10.841    0.00 9.0011     0.00    0.00    0.00    0.00    0.00
OF23.0   -10.830    0.00 9.0038     0.00    0.00    0.00    0.00    0.00
OF26.2   -10.820    0.00 9.0062     0.00    0.00    0.00    0.00    0.00
OF29.5   -10.810    0.00 9.0089     0.00    0.00    0.00    0.00    0.00
OF32.8   -10.800    0.00 9.0116     0.00    0.00    0.00    0.00    0.00
OF36.1   -10.790    0.00 9.014      0.00    0.00    0.00    0.00    0.00
OF39.4   -10.780    0.00 9.0167     0.00    0.00    0.00    0.00    0.00
OF42.7   -10.770    0.00 9.0194     0.00    0.00    0.00    0.00    0.00
OF45.9   -10.760    0.00 9.0221     0.00    0.00    0.00    0.00    0.00
OF49.2   -10.750    0.00 9.0244     0.00    0.00    0.00    0.00    0.00
OF52.5   -10.74     0.00 9.0271     0.00    0.00    0.00    0.00    0.00
OF55.8   -10.73     0.00 9.0297     0.00    0.00    0.00    0.00    0.00
OF59.1   -10.72     0.00 9.032      0.00    0.00    0.00    0.00    0.00
OF62.3   -10.709    0.00 9.0346     0.00    0.00    0.00    0.00    0.00
OF65.6   -10.699    0.00 9.0372     0.00    0.00    0.00    0.00    0.00
OF68.9   -10.689    0.00 9.0395     0.00    0.00    0.00    0.00    0.00
OF72.2   -10.679    0.00 9.0421     0.00    0.00    0.00    0.00    0.00
OF75.5   -10.669    0.00 9.0447     0.00    0.00    0.00    0.00    0.00
OF78.7   -10.659    0.00 9.0469     0.00    0.00    0.00    0.00    0.00
OF82.0   -10.649    0.00 9.0496     0.00    0.00    0.00    0.00    0.00
OF85.3   -10.639    0.00 9.0523     0.00    0.00    0.00    0.00    0.00
OF88.6   -10.629    0.00 9.055      0.00    0.00    0.00    0.00    0.00
OF91.9   -10.619    0.00 9.0573     0.00    0.00    0.00    0.00    0.00
OF95.1   -10.609    0.00 9.06       0.00    0.00    0.00    0.00    0.00
OF98.4   -10.599    0.00 9.0626     0.00    0.00    0.00    0.00    0.00
OF101.7  -10.589    0.00 9.0649     0.00    0.00    0.00    0.00    0.00
OF105.0  -10.579    0.00 9.0674     0.00    0.00    0.00    0.00    0.00
OF108.3  -10.569    0.00 9.0697     0.00    0.00    0.00    0.00    0.00
OF111.5  -10.559    0.00 9.0717     0.00    0.00    0.00    0.00    0.00
OF114.8  -10.549    0.00 9.074      0.00    0.00    0.00    0.00    0.00
OF118.1  -10.539    0.00 9.0763     0.00    0.00    0.00    0.00    0.00
OF121.4  -10.529    0.00 9.0786     0.00    0.00    0.00    0.00    0.00
OF124.7  -10.519    0.00 9.0804     0.00    0.00    0.00    0.00    0.00
OF128.0  -10.509    0.00 9.0827     0.00    0.00    0.00    0.00    0.00
OF131.2  -10.499    0.00 9.085      0.00    0.00    0.00    0.00    0.00
OF134.5  -10.489    0.00 9.0869     0.00    0.00    0.00    0.00    0.00
OF137.8  -10.479    0.00 9.0891     0.00    0.00    0.00    0.00    0.00
OF141.1  -10.469    0.00 9.0912     0.00    0.00    0.00    0.00    0.00
OF144.4  -10.459    0.00 9.0931     0.00    0.00    0.00    0.00    0.00
OF147.6  -10.449    0.00 9.0954     0.00    0.00    0.00    0.00    0.00
OF150.9  -10.439    0.00 9.0979     0.00    0.00    0.00    0.00    0.00
OF154.2  -10.429    0.00 9.1        0.00    0.00    0.00    0.00    0.00
OF157.5  -10.419    0.00 9.1024     0.00    0.00    0.00    0.00    0.00
OF160.8  -10.409    0.00 9.1046     0.00    0.00    0.00    0.00    0.00
OF164.0  -10.399    0.00 9.1069     0.00    0.00    0.00    0.00    0.00
OF167.3  -10.389    0.00 9.1087     0.00    0.00    0.00    0.00    0.00
OF170.6  -10.379    0.00 9.1109     0.00    0.00    0.00    0.00    0.00
OF173.9  -10.369    0.00 9.113      0.00    0.00    0.00    0.00    0.00
OF177.2  -10.358    0.00 9.1148     0.00    0.00    0.00    0.00    0.00
OF180.4  -10.348    0.00 9.1169     0.00    0.00    0.00    0.00    0.00
OF183.7  -10.338    0.00 9.1189     0.00    0.00    0.00    0.00    0.00
OF187.0  -10.328    0.00 9.1207     0.00    0.00    0.00    0.00    0.00
OF190.3  -10.318    0.00 9.1227     0.00    0.00    0.00    0.00    0.00
OF193.6  -10.308    0.00 9.1245     0.00    0.00    0.00    0.00    0.00
OF196.8  -10.298    0.00 9.1261     0.00    0.00    0.00    0.00    0.00
OF200.1  -10.288    0.00 9.1279     0.00    0.00    0.00    0.00    0.00
OF203.4  -10.278    0.00 9.1297     0.00    0.00    0.00    0.00    0.00
OF206.7  -10.268    0.00 9.1314     0.00    0.00    0.00    0.00    0.00
OF210.0  -10.258    0.00 9.1329     0.00    0.00    0.00    0.00    0.00
OF213.3  -10.248    0.00 9.1346     0.00    0.00    0.00    0.00    0.00
OF216.5  -10.238    0.00 9.1363     0.00    0.00    0.00    0.00    0.00
OF219.8  -10.228    0.00 9.1377     0.00    0.00    0.00    0.00    0.00
OF223.1  -10.218    0.00 9.1394     0.00    0.00    0.00    0.00    0.00
OF226.4  -10.198    0.00 9.1408     0.00    0.00    0.00    0.00    0.00
OF229.7  -10.171    0.00 9.1422     0.00    0.00    0.00    0.00    0.00
OF232.9  -10.143    0.00 9.1436     0.00    0.00    0.00    0.00    0.00
OF236.2  -10.116    0.00 9.145      0.00    0.00    0.00    0.00    0.00
OF239.5  -10.088    0.00 9.1464     0.00    0.00    0.00    0.00    0.00
OF242.8  -10.060    0.00 9.1481     0.00    0.00    0.00    0.00    0.00
OF246.1  -10.033    0.00 9.1495     0.00    0.00    0.00    0.00    0.00
OF249.3  -10.005    0.00 9.1509     0.00    0.00    0.00    0.00    0.00
OF252.6  -9.9782    0.00 9.1523     0.00    0.00    0.00    0.00    0.00
OF255.9  -9.9507    0.00 9.1536     0.00    0.00    0.00    0.00    0.00
OF259.2  -9.9231    0.00 9.155      0.00    0.00    0.00    0.00    0.00
OF262.5  -9.8955    0.00 9.1567     0.00    0.00    0.00    0.00    0.00
OF265.7  -9.868     0.00 9.158      0.00    0.00    0.00    0.00    0.00
OF269.0  -9.8404    0.00 9.1594     0.00    0.00    0.00    0.00    0.00
OF272.3  -9.8128    0.00 9.1608     0.00    0.00    0.00    0.00    0.00
OF275.6  -9.7853    0.00 9.1621     0.00    0.00    0.00    0.00    0.00
OF278.9  -9.7577    0.00 9.1635     0.00    0.00    0.00    0.00    0.00
OF282.2  -9.7302    0.00 9.1648     0.00    0.00    0.00    0.00    0.00
OF285.4  -9.7026    0.00 9.1665     0.00    0.00    0.00    0.00    0.00
OF288.7  -9.675     0.00 9.1678     0.00    0.00    0.00    0.00    0.00
OF292.0  -9.6475    0.00 9.1691     0.00    0.00    0.00    0.00    0.00
OF295.3  -9.6199    0.00 9.1704     0.00    0.00    0.00    0.00    0.00
OF298.6  -9.5923    0.00 9.1718     0.00    0.00    0.00    0.00    0.00
OF301.8  -9.5648    0.00 9.1731     0.00    0.00    0.00    0.00    0.00
OF305.1  -9.5372    0.00 9.1746     0.00    0.00    0.00    0.00    0.00
OF308.4  -9.5097    0.00 9.1759     0.00    0.00    0.00    0.00    0.00
OF311.7  -9.4821    0.00 9.1771     0.00    0.00    0.00    0.00    0.00
OF315.0  -9.4543    0.00 9.1783     0.00    0.00    0.00    0.00    0.00
OF318.2  -9.4203    0.00 9.1794     0.00    0.00    0.00    0.00    0.00
OF321.5  -9.3864    0.00 9.1805     0.00    0.00    0.00    0.00    0.00
OF324.8  -9.3523    0.00 9.1817     0.00    0.00    0.00    0.00    0.00
OF328.1  -9.3183    0.00 9.1828     0.00    0.00    0.00    0.00    0.00
OF331.4  -9.2843    0.00 9.1839     0.00    0.00    0.00    0.00    0.00
OF334.6  -9.2504    0.00 9.1851     0.00    0.00    0.00    0.00    0.00
OF337.9  -9.2164    0.00 9.1862     0.00    0.00    0.00    0.00    0.00
OF341.2  -9.1824    0.00 9.1873     0.00    0.00    0.00    0.00    0.00
OF344.5  -9.1484    0.00 9.1885     0.00    0.00    0.00    0.00    0.00
OF347.8  -9.1144    0.00 9.1893     0.00    0.00    0.00    0.00    0.00
OF351.0  -9.0804    0.00 9.1905     0.00    0.00    0.00    0.00    0.00
OF354.3  -9.0464    0.00 9.1916     0.00    0.00    0.00    0.00    0.00
OF357.6  -9.0124    0.00 9.1928     0.00    0.00    0.00    0.00    0.00
OF360.9  -8.9784    0.00 9.1939     0.00    0.00    0.00    0.00    0.00
OF364.2  -8.9444    0.00 9.1951     0.00    0.00    0.00    0.00    0.00
OF367.5  -8.9104    0.00 9.1962     0.00    0.00    0.00    0.00    0.00
OF370.7  -8.8764    0.00 9.1974     0.00    0.00    0.00    0.00    0.00
OF374.0  -8.8424    0.00 9.1986     0.00    0.00    0.00    0.00    0.00
OF377.3  -8.8084    0.00 9.1997     0.00    0.00    0.00    0.00    0.00
OF380.6  -8.7744    0.00 9.2009     0.00    0.00    0.00    0.00    0.00
OF383.9  -8.7404    0.00 9.2021     0.00    0.00    0.00    0.00    0.00
OF387.1  -8.7064    0.00 9.2032     0.00    0.00    0.00    0.00    0.00
OF390.4  -8.6725    0.00 9.2044     0.00    0.00    0.00    0.00    0.00
OF393.7  -8.6385    0.00 9.2055     0.00    0.00    0.00    0.00    0.00
OF397.0  -8.6045    0.00 9.2067     0.00    0.00    0.00    0.00    0.00
OF400.3  -8.5705    0.00 9.2079     0.00    0.00    0.00    0.00    0.00
OF403.5  -8.5365    0.00 9.209      0.00    0.00    0.00    0.00    0.00
OF406.8  -8.5025    0.00 9.2102     0.00    0.00    0.00    0.00    0.00
OF410.1  -8.4685    0.00 9.2113     0.00    0.00    0.00    0.00    0.00
OF413.4  -8.4345    0.00 9.2125     0.00    0.00    0.00    0.00    0.00
OF416.7  -8.4005    0.00 9.2136     0.00    0.00    0.00    0.00    0.00
OF419.9  -8.3665    0.00 9.2139     0.00    0.00    0.00    0.00    0.00
OF423.2  -8.315     0.00 9.2097     0.00    0.00    0.00    0.00    0.00
OF426.5  -7.735     0.00 9.2053     0.00    0.00    0.00    0.00    0.00
OF429.8  -7.0649    0.00 9.2007     0.00    0.00    0.00    0.00    0.00
OF433.1  -6.3953    0.00 9.1965     0.00    0.00    0.00    0.00    0.00
OF436.4  -5.7252    0.00 9.1928     0.00    0.00    0.00    0.00    0.00
OF439.6  -5.055     0.00 9.189      0.00    0.00    0.00    0.00    0.00
OF442.9  -4.3848    0.00 9.1858     0.00    0.00    0.00    0.00    0.00
OF446.2  -3.7152    0.00 9.1825     0.00    0.00    0.00    0.00    0.00
OF449.5  -3.0451    0.00 9.1792     0.00    0.00    0.00    0.00    0.00
OF452.8  -2.3749    0.00 9.0324     0.00    0.00    0.00    0.00    0.00
IF456.0  2.3958     0.00 9.1364     0.00    0.00    0.00    0.00    0.00
IF459.3  2.9075     0.00 9.2705     0.00    0.00    0.00    0.00    0.00
IF462.6  3.4381     0.00 9.4082     0.00    0.00    0.00    0.00    0.00
IF465.9  4.0065     0.00 9.5476     0.00    0.00    0.00    0.00    0.00
IF469.2  4.5748     0.00 9.6967     0.00    0.00    0.00    0.00    0.00
IF472.4  5.1431     0.00 9.8646     0.00    0.00    0.00    0.00    0.00
IF475.7  5.7755     0.00 10.043     0.00    0.00    0.00    0.00    0.00
IF479.0  6.4659     0.00 10.2244    0.00    0.00    0.00    0.00    0.00
IF482.3  7.1562     0.00 10.4093    0.00    0.00    0.00    0.00    0.00
IF485.6  7.8466     0.00 10.5992    0.00    0.00    0.00    0.00    0.00
IF488.8  8.5396     0.00 10.803     0.00    0.00    0.00    0.00    0.00
IF492.1  9.2546     0.00 11.0104    0.00    0.00    0.00    0.00    0.00
IF495.4  9.9696     0.00 11.2239    0.00    0.00    0.00    0.00    0.00
IF501.2  11.2239    0.00 11.2239    0.00    0.00    0.00    0.00    0.00
PS START(404020.1166,4833821.4132)
PS END(403962.9959,4834037.0921)
ET
 
 
 
