  FEMA                                                      sjh            job 2
  RUNUP2 transect: YK-74                                                       1
2.00                                                                            
  -25.12 -1499.1 1.0                                                            
  -24.33 -1406.1 1.0                                                            
  -23.07 -1314.1 1.0                                                            
  -21.07 -1155.1 1.0                                                            
  -18.77 -992.1 1.0                                                             
  -16.41 -896.1 1.0                                                             
  -14.09 -793.1 1.0                                                             
  -10.87 -639.1 1.0                                                             
  -7.53 -489.1 1.0                                                              
  -5.06 -388.1 1.0                                                              
  -4.62 -284.1 1.0                                                              
  -1.44 -95.1  1.0                                                              
  -0.28 -15.1  1.0                                                              
  3.08  172.4  1.0                                                              
  4.20  219.9  1.0                                                              
  5.84  263.4  1.0                                                              
  7.12  287.4  1.0                                                              
  9.58  349.4  1.0                                                              
  10.63 365.4  1.0                                                              
1 13.55 370.4  1.0                                                              
 8.9   7.85  11.22                                                              
 8.9   7.85  11.82                                                              
 8.9   7.85  12.41                                                              
 8.9   8.27  11.22                                                              
 8.9   8.27  11.82                                                              
 8.9   8.27  12.41                                                              
 8.9   8.68  11.22                                                              
 8.9   8.68  11.82                                                              
 8.9   8.68  12.41                                                              
