  FEMA                                                      sjh            job 2
  RUNUP2 transect: YK-75                                                       1
8.00                                                                            
  -18.24 -1496.7 1.0                                                            
  -18.24 -1308.7 1.0                                                            
  -15.71 -1102.7 1.0                                                            
  -15.39 -995.7 1.0                                                             
  -11.00 -794.7 1.0                                                             
  -8.14 -603.7 1.0                                                              
  -5.81 -546.7 1.0                                                              
  -4.95 -505.7 1.0                                                              
  -4.72 -435.7 1.0                                                              
  -4.05 -406.7 1.0                                                              
  -2.89 -311.7 1.0                                                              
  -2.88 -178.7 1.0                                                              
  -1.45 -75.7  1.0                                                              
  0.30  11.8   1.0                                                              
  1.84  57.3   1.0                                                              
  4.43  111.8  1.0                                                              
  5.35  148.3  1.0                                                              
  8.40  182.3  1.0                                                              
  9.74  210.3  1.0                                                              
1 13.09 237.3  1.0                                                              
 9.0   6.08  11.00                                                              
 9.0   6.08  11.58                                                              
 9.0   6.08  12.16                                                              
 9.0   6.40  11.00                                                              
 9.0   6.40  11.58                                                              
 9.0   6.40  12.16                                                              
 9.0   6.72  11.00                                                              
 9.0   6.72  11.58                                                              
 9.0   6.72  12.16                                                              
