  FEMA                                                      sjh            job 2
  RUNUP2 transect: YK-73                                                       1
13.0                                                                            
  -22.95 -1499.2 1.0                                                            
  -21.88 -1410.2 1.0                                                            
  -20.65 -1275.2 1.0                                                            
  -18.99 -1163.2 1.0                                                            
  -16.72 -1052.2 1.0                                                            
  -16.25 -1022.2 1.0                                                            
  -12.31 -834.2 1.0                                                             
  -9.93 -728.2 1.0                                                              
  -8.39 -623.2 1.0                                                              
  -6.78 -415.2 1.0                                                              
  -4.21 -314.2 1.0                                                              
  -3.70 -212.2 1.0                                                              
  -0.01 -0.2   1.0                                                              
  1.44  79.3   1.0                                                              
  2.49  155.8  1.0                                                              
  4.00  200.8  1.0                                                              
  7.58  272.3  1.0                                                              
  8.53  300.3  1.0                                                              
  9.97  328.3  1.0                                                              
1 14.21 381.3  1.0                                                              
 8.9   8.30  11.95                                                              
 8.9   8.30  12.58                                                              
 8.9   8.30  13.21                                                              
 8.9   8.73  11.95                                                              
 8.9   8.73  12.58                                                              
 8.9   8.73  13.21                                                              
 8.9   9.17  11.95                                                              
 8.9   9.17  12.58                                                              
 8.9   9.17  13.21                                                              
