%
%
% Run:1     Table:curve             SWAN version:41.20A
%
%       Xp            Yp            Hsig          TPsmoo        RTpeak        Tm_10         Dir           Dspr          Depth         Setup    
%       [m]           [m]           [m]           [sec]         [sec]         [sec]         [degr]        [degr]        [m]           [m]      
%
           0.            0.       3.56238       13.8602       13.8874       12.7503         0.000       31.5056        6.0800      0.000000 
           1.            0.       3.56630       13.8647       13.8874       12.4971         0.000       31.4602        6.0706      0.000624 
           2.            0.       3.56888       13.8689       13.8874       12.2723         0.000       31.4235        6.0613      0.001264 
           3.            0.       3.56857       13.8726       13.8874       12.0790         0.000       31.3839        6.0620      0.002042 
           4.            0.       3.56741       13.8758       13.8874       11.9141         0.000       31.3220        6.0527      0.002720 
           5.            0.       3.56506       13.8786       13.8874       11.7720         0.000       31.2675        6.0434      0.003414 
           6.            0.       3.56126       13.8810       13.8874       11.6456         0.000       31.2336        6.0442      0.004235 
           7.            0.       3.55645       13.8830       13.8874       11.5343         0.000       31.1867        6.0451      0.005062 
           8.            0.       3.55187       13.8848       13.8874       11.4362         0.000       31.1344        6.0358      0.005779 
           9.            0.       3.54591       13.8864       13.8874       11.3484         0.000       31.0978        6.0366      0.006614 
          10.            0.       3.53921       13.8877       13.8874       11.2700         0.000       31.0482        6.0374      0.007449 
          11.            0.       3.53301       13.8889       13.8874       11.2001         0.000       30.9938        6.0282      0.008169 
          12.            0.       3.52571       13.8899       13.8874       11.1364         0.000       30.9555        6.0290      0.009000 
          13.            0.       3.51824       13.8907       13.8874       11.0786         0.000       30.9221        6.0298      0.009824 
          14.            0.       3.51024       13.8915       13.8874       11.0260         0.000       30.8734        6.0306      0.010643 
          15.            0.       3.50293       13.8921       13.8874       10.9787         0.000       30.8194        6.0213      0.011345 
          16.            0.       3.49475       13.8926       13.8874       10.9345         0.000       30.7812        6.0222      0.012152 
          17.            0.       3.48624       13.8931       13.8874       10.8940         0.000       30.7316        6.0230      0.012952 
          18.            0.       3.48067       13.8935       13.8874       10.8426         0.000       30.6874        6.0136      0.013643 
          19.            0.       3.47484       13.8937       13.8874       10.7891         0.000       30.6606        6.0144      0.014445 
          20.            0.       3.46874       13.8938       13.8874       10.7375         0.000       30.6223        6.0152      0.015245 
          21.            0.       3.46326       13.8939       13.8874       10.6894         0.000       30.5803        6.0059      0.015936 
          22.            0.       3.45685       13.8938       13.8874       10.6433         0.000       30.5514        6.0067      0.016733 
          23.            0.       3.45001       13.8937       13.8874       10.5999         0.000       30.5113        6.0075      0.017526 
          24.            0.       3.44378       13.8935       13.8874       10.5599         0.000       30.4677        5.9982      0.018209 
          25.            0.       3.43643       13.8932       13.8874       10.5223       359.999       30.4395        5.9990      0.019008 
          26.            0.       3.42826       13.8929       13.8874       10.4900       359.989       30.4201        5.9998      0.019834 
          27.            0.       3.41946       13.8926       13.8874       10.4607       359.973       30.3863        6.0007      0.020661 
          28.            0.       3.41132       13.8922       13.8874       10.4342       359.956       30.3478        5.9914      0.021377 
          29.            0.       3.40241       13.8918       13.8874       10.4086       359.935       30.3212        5.9922      0.022192 
          30.            0.       3.39325       13.8913       13.8874       10.3845       359.913       30.2840        5.9930      0.022998 
          31.            0.       3.38489       13.8908       13.8874       10.3626       359.891       30.2444        5.9837      0.023691 
          32.            0.       3.37688       13.8903       13.8874       10.3370       359.884       30.2146        5.9844      0.024437 
          33.            0.       3.36901       13.8898       13.8874       10.3113       359.882       30.1741        5.9852      0.025160 
          34.            0.       3.36201       13.8892       13.8874       10.2873       359.881       30.1310        5.9758      0.025769 
          35.            0.       3.35439       13.8886       13.8874       10.2632       359.881       30.1001        5.9765      0.026472 
          36.            0.       3.34685       13.8881       13.8874       10.2402       359.882       30.0732        5.9772      0.027164 
          37.            0.       3.33910       13.8875       13.8874       10.2182       359.882       30.0337        5.9778      0.027847 
          38.            0.       3.33209       13.8869       13.8874       10.1981       359.882       29.9913        5.9684      0.028424 
          39.            0.       3.32502       13.8862       13.8874       10.1734       359.868       29.9666        5.9691      0.029116 
          40.            0.       3.31913       13.8857       13.8874       10.1411       359.872       29.9355        5.9698      0.029803 
          41.            0.       3.31461       13.8851       13.8874       10.1071       359.874       29.9021        5.9604      0.030379 
          42.            0.       3.30946       13.8846       13.8874       10.0724       359.875       29.8800        5.9610      0.031049 
          43.            0.       3.30405       13.8841       13.8874       10.0388       359.877       29.8476        5.9617      0.031713 
          44.            0.       3.29917       13.8837       13.8874       10.0078       359.878       29.8123        5.9523      0.032279 
          45.            0.       3.29235       13.8832       13.8874        9.9817       359.880       29.7969        5.9530      0.032986 
          46.            0.       3.28386       13.8829       13.8874        9.9625       359.880       29.7781        5.9537      0.033737 
          47.            0.       3.27565       13.8825       13.8874        9.9469       359.881       29.7551        5.9444      0.034396 
          48.            0.       3.26779       13.8822       13.8874        9.9272       359.895       29.7377        5.9451      0.035107 
          49.            0.       3.26019       13.8819       13.8874        9.9076       359.887       29.7230        5.9458      0.035798 
          50.            0.       3.25246       13.8817       13.8874        9.8884       359.867       29.6940        5.9465      0.036476 
          51.            0.       3.24552       13.8814       13.8874        9.8707       359.846       29.6615        5.9370      0.037048 
          52.            0.       3.23807       13.8812       13.8874        9.8521       359.825       29.6400        5.9377      0.037705 
          53.            0.       3.23053       13.8810       13.8874        9.8341       359.805       29.6102        5.9384      0.038352 
          54.            0.       3.22367       13.8808       13.8874        9.8179       359.785       29.5777        5.9289      0.038899 
          55.            0.       3.21629       13.8806       13.8874        9.8009       359.766       29.5562        5.9295      0.039531 
          56.            0.       3.20882       13.8805       13.8874        9.7844       359.747       29.5265        5.9302      0.040154 
          57.            0.       3.20200       13.8803       13.8874        9.7699       359.728       29.4937        5.9207      0.040679 
          58.            0.       3.19466       13.8802       13.8874        9.7545       359.708       29.4713        5.9213      0.041289 
          59.            0.       3.18806       13.8801       13.8874        9.7363       359.702       29.4397        5.9219      0.041861 
          60.            0.       3.18239       13.8799       13.8874        9.7187       359.701       29.4053        5.9123      0.042329 
          61.            0.       3.17625       13.8798       13.8874        9.7001       359.701       29.3817        5.9129      0.042880 
          62.            0.       3.17020       13.8797       13.8874        9.6820       359.702       29.3617        5.9134      0.043423 
          63.            0.       3.16400       13.8796       13.8874        9.6644       359.702       29.3315        5.9140      0.043958 
          64.            0.       3.15841       13.8796       13.8874        9.6486       359.703       29.2987        5.9044      0.044402 
          65.            0.       3.15229       13.8795       13.8874        9.6320       359.703       29.2764        5.9049      0.044930 
          66.            0.       3.14637       13.8794       13.8874        9.6139       359.704       29.2474        5.9055      0.045452 
          67.            0.       3.14116       13.8794       13.8874        9.5972       359.705       29.2163        5.8959      0.045882 
          68.            0.       3.13527       13.8793       13.8874        9.5793       359.706       29.1853        5.8964      0.046398 
          69.            0.       3.12985       13.8793       13.8874        9.5632       359.707       29.1442        5.8868      0.046825 
          70.            0.       3.12432       13.8792       13.8874        9.5474       359.708       29.1000        5.8773      0.047251 
          71.            0.       3.11871       13.8792       13.8874        9.5320       359.708       29.0551        5.8677      0.047678 
          72.            0.       3.11305       13.8792       13.8874        9.5170       359.709       29.0101        5.8581      0.048105 
          73.            0.       3.10749       13.8792       13.8874        9.5024       359.710       28.9749        5.8485      0.048532 
          74.            0.       3.10132       13.8791       13.8874        9.4867       359.711       28.9440        5.8490      0.049043 
          75.            0.       3.09565       13.8791       13.8874        9.4729       359.711       28.9044        5.8395      0.049464 
          76.            0.       3.08989       13.8791       13.8874        9.4593       359.712       28.8624        5.8299      0.049885 
          77.            0.       3.08401       13.8792       13.8874        9.4464       359.715       28.8202        5.8203      0.050309 
          78.            0.       3.07813       13.8792       13.8874        9.4335       359.716       28.7778        5.8107      0.050731 
          79.            0.       3.07238       13.8792       13.8874        9.4210       359.718       28.7450        5.8012      0.051151 
          80.            0.       3.06600       13.8792       13.8874        9.4075       359.718       28.7168        5.8017      0.051656 
          81.            0.       3.06014       13.8792       13.8874        9.3957       359.720       28.6800        5.7921      0.052072 
          82.            0.       3.05422       13.8792       13.8874        9.3841       359.721       28.6408        5.7825      0.052487 
          83.            0.       3.04823       13.8793       13.8874        9.3729       359.722       28.6012        5.7729      0.052902 
          84.            0.       3.04220       13.8793       13.8874        9.3620       359.722       28.5617        5.7633      0.053317 
          85.            0.       3.03614       13.8793       13.8874        9.3513       359.723       28.5224        5.7537      0.053732 
          86.            0.       3.03019       13.8794       13.8874        9.3411       359.723       28.4926        5.7441      0.054146 
          87.            0.       3.02367       13.8794       13.8874        9.3296       359.723       28.4670        5.7446      0.054643 
          88.            0.       3.01767       13.8794       13.8874        9.3198       359.723       28.4328        5.7350      0.055050 
          89.            0.       3.01172       13.8795       13.8874        9.3098       359.724       28.3956        5.7255      0.055453 
          90.            0.       3.00577       13.8795       13.8874        9.2998       359.726       28.3576        5.7159      0.055854 
          91.            0.       2.99981       13.8796       13.8874        9.2900       359.728       28.3193        5.7063      0.056254 
          92.            0.       2.99399       13.8796       13.8874        9.2804       359.730       28.2903        5.6967      0.056653 
          93.            0.       2.98764       13.8796       13.8874        9.2694       359.733       28.2652        5.6971      0.057132 
          94.            0.       2.98212       13.8797       13.8874        9.2588       359.740       28.2294        5.6875      0.057511 
          95.            0.       2.97684       13.8797       13.8874        9.2472       359.752       28.1900        5.6779      0.057878 
          96.            0.       2.97183       13.8798       13.8874        9.2347       359.769       28.1491        5.6682      0.058234 
          97.            0.       2.96693       13.8799       13.8874        9.2218       359.790       28.1081        5.6586      0.058584 
          98.            0.       2.96216       13.8799       13.8874        9.2085       359.816       28.0688        5.6489      0.058930 
          99.            0.       2.95738       13.8800       13.8874        9.1953       359.842       28.0300        5.6393      0.059276 
         100.            0.       2.95259       13.8800       13.8874        9.1823       359.870       27.9914        5.6296      0.059622 
         101.            0.       2.94778       13.8801       13.8874        9.1693       359.898       27.9532        5.6200      0.059967 
         102.            0.       2.94297       13.8802       13.8874        9.1565       359.928       27.9153        5.6103      0.060313 
         103.            0.       2.93815       13.8802       13.8874        9.1438       359.957       27.8778        5.6007      0.060658 
         104.            0.       2.93335       13.8803       13.8874        9.1311       359.989       27.8410        5.5910      0.061001 
         105.            0.       2.92841       13.8804       13.8874        9.1184         0.021       27.7959        5.5813      0.061345 
         106.            0.       2.92402       13.8804       13.8874        9.1075         0.054       27.7470        5.5616      0.061606 
         107.            0.       2.91907       13.8805       13.8874        9.0949         0.086       27.7066        5.5520      0.061955 
         108.            0.       2.91415       13.8806       13.8874        9.0825         0.118       27.6688        5.5423      0.062305 
         109.            0.       2.90921       13.8806       13.8874        9.0703         0.150       27.6316        5.5327      0.062655 
         110.            0.       2.90418       13.8807       13.8874        9.0586         0.180       27.5951        5.5230      0.063007 
         111.            0.       2.89910       13.8808       13.8874        9.0473         0.210       27.5596        5.5134      0.063360 
         112.            0.       2.89394       13.8809       13.8874        9.0364         0.240       27.5250        5.5037      0.063715 
         113.            0.       2.88875       13.8809       13.8874        9.0257         0.269       27.4910        5.4941      0.064070 
         114.            0.       2.88355       13.8810       13.8874        9.0152         0.299       27.4571        5.4844      0.064425 
         115.            0.       2.87833       13.8811       13.8874        9.0049         0.329       27.4233        5.4748      0.064780 
         116.            0.       2.87308       13.8812       13.8874        8.9947         0.359       27.3897        5.4651      0.065135 
         117.            0.       2.86782       13.8812       13.8874        8.9848         0.388       27.3561        5.4555      0.065489 
         118.            0.       2.86252       13.8813       13.8874        8.9751         0.417       27.3223        5.4458      0.065843 
         119.            0.       2.85720       13.8814       13.8874        8.9656         0.446       27.2884        5.4362      0.066197 
         120.            0.       2.85187       13.8815       13.8874        8.9563         0.474       27.2543        5.4266      0.066551 
         121.            0.       2.84651       13.8815       13.8874        8.9472         0.503       27.2201        5.4169      0.066904 
         122.            0.       2.84113       13.8816       13.8874        8.9384         0.531       27.1858        5.4073      0.067257 
         123.            0.       2.83573       13.8817       13.8874        8.9297         0.559       27.1511        5.3976      0.067610 
         124.            0.       2.83031       13.8818       13.8874        8.9212         0.586       27.1162        5.3880      0.067962 
         125.            0.       2.82489       13.8818       13.8874        8.9128         0.613       27.0811        5.3783      0.068313 
         126.            0.       2.81946       13.8819       13.8874        8.9046         0.640       27.0457        5.3687      0.068664 
         127.            0.       2.81370       13.8820       13.8874        8.8963         0.667       26.9870        5.3590      0.069013 
         128.            0.       2.80760       13.8821       13.8874        8.8918         0.691       26.7722        5.3191      0.069107 
         129.            0.       2.80863       13.8824       13.8874        8.9129         0.716       26.3629        5.1178      0.067806 
         130.            0.       2.80779       13.8827       13.8874        8.9337         0.742       25.8669        4.9165      0.066484 
         131.            0.       2.80599       13.8831       13.8874        8.9559         0.769       25.3255        4.7051      0.065067 
         132.            0.       2.80169       13.8835       13.8874        8.9760         0.797       24.7627        4.5038      0.063811 
         133.            0.       2.79520       13.8840       13.8874        8.9952         0.827       24.1952        4.3027      0.062678 
         134.            0.       2.78768       13.8845       13.8874        9.0139         0.866       23.6134        4.0915      0.061504 
         135.            0.       2.77781       13.8851       13.8874        9.0263         0.915       22.9917        3.8905      0.060521 
         136.            0.       2.76663       13.8858       13.8874        9.0358         0.982       22.3353        3.6795      0.059525 
         137.            0.       2.74162       13.8866       13.8874        9.0385         1.021       20.4275        3.4785      0.058517 
         138.            0.       2.89411       13.8905       13.8874        9.3023         0.928       17.9964        1.9838      0.013764 
         139.            0.       2.74176       13.8959       13.8874        9.3334         1.067       16.9482        1.8655      0.045485 
         140.            0.       2.55725       13.9051       13.8874        9.4198         1.018       16.4717        1.7364      0.086353 
         141.            0.       2.37144       13.9180       13.8874        9.5140         0.709       16.1120        1.6083      0.128318 
         142.            0.       2.18579       13.9319       13.8874        9.6359         0.205       15.7192        1.4808      0.170806 
         143.            0.       1.99014       13.9514       13.8874        9.8117       359.498       15.2707        1.3463      0.216260 
         144.            0.       1.77431       13.9830       13.8874       10.0826       358.701       14.7962        1.1974      0.267438 
         145.            0.       1.55004       14.0238       13.8874       10.4278       358.110       14.2780        1.0418      0.321816 
         146.            0.       1.32683       14.0607       13.8874       10.8905       358.098       13.7520        0.8871      0.377087 
         147.            0.       1.10578       14.1104       13.8874       11.4041       358.425       13.4163        0.7335      0.433452 
         148.            0.       0.88640       17.7107       17.2856       12.0683       359.129       14.0370        0.5813      0.491348 
         149.            0.       0.65742       18.4203       19.2849       12.8574       359.717       15.1697        0.4235      0.553458 
         150.            0.       0.43028       18.6398       19.2849       13.5151       359.707       16.3755        0.2667      0.616684 
         151.            0.       0.21210       19.7048       19.2849       14.3588       356.644       17.6485        0.1118      0.681761 
