  FEMA                                                      sjh            job 2
  RUNUP2 transect: CM-54                                                       1
4.00                                                                            
  -10.98 -454.5 1.0                                                             
  -10.85 -435.5 1.0                                                             
  -10.84 -434.5 1.0                                                             
  -10.22 -230.5 1.0                                                             
  -10.21 -229.5 1.0                                                             
  -9.46 -140.5 1.0                                                              
  -9.45 -139.5 1.0                                                              
  -8.33 -31.5  1.0                                                              
  -8.25 -30.5  1.0                                                              
  -7.23 -25.5  1.0                                                              
  -5.39 -16.5  1.0                                                              
  -4.57 -12.5  1.0                                                              
  -2.73 -3.5   1.0                                                              
  -2.12 -0.5   1.0                                                              
  2.23  0.5    1.0                                                              
  3.25  7.0    1.0                                                              
  5.41  19.5   1.0                                                              
  8.46  34.0   1.0                                                              
  11.52 48.0   1.0                                                              
1 15.68 64.5   1.0                                                              
 9.0   4.39  11.39                                                              
 9.0   4.39  11.99                                                              
 9.0   4.39  12.59                                                              
 9.0   4.62  11.39                                                              
 9.0   4.62  11.99                                                              
 9.0   4.62  12.59                                                              
 9.0   4.85  11.39                                                              
 9.0   4.85  11.99                                                              
 9.0   4.85  12.59                                                              
