  FEMA                                                      sjh            job 2
  RUNUP2 transect: CM-57-1                                                     1
3.00                                                                            
  -20.38 -205.6 0.8                                                             
  -16.58 -161.6 0.8                                                             
  -14.77 -140.6 0.8                                                             
  -14.25 -134.6 0.8                                                             
  -14.23 -133.6 0.8                                                             
  -12.78 -65.6  0.8                                                             
  -12.50 -64.6  0.8                                                             
  -11.24 -60.6  0.8                                                             
  -10.30 -57.6  0.8                                                             
  -9.04 -53.6  0.8                                                              
  -8.10 -50.6  0.8                                                              
  -6.84 -46.6  0.8                                                              
  -5.89 -43.6  0.8                                                              
  -4.63 -39.6  0.8                                                              
  -3.69 -36.6  0.8                                                              
  -2.12 -31.6  0.8                                                              
  -2.12 -29.1  0.8                                                              
  1.10  5.4    0.8                                                              
  14.12 25.4   0.8                                                              
1 20.12 42.4   0.8                                                              
 8.9   2.07  3.80                                                               
 8.9   2.07  4.00                                                               
 8.9   2.07  4.19                                                               
 8.9   2.18  3.80                                                               
 8.9   2.18  4.00                                                               
 8.9   2.18  4.19                                                               
 8.9   2.29  3.80                                                               
 8.9   2.29  4.00                                                               
 8.9   2.29  4.19                                                               
