  FEMA                                                      sjh            job 2
  RUNUP2 transect: CM-53-1                                                     1
15.0                                                                            
  -7.45 -155.0 0.8                                                              
  -6.84 -129.0 0.8                                                              
  -6.61 -119.0 0.8                                                              
  -6.17 -100.0 0.8                                                              
  -5.70 -80.0  0.8                                                              
  -5.68 -79.0  0.8                                                              
  -4.53 -48.0  0.8                                                              
  -4.47 -47.0  0.8                                                              
  -3.87 -44.0  0.8                                                              
  -2.89 -39.0  0.8                                                              
  -2.09 -35.0  0.8                                                              
  -1.74 -26.0  0.8                                                              
  -1.18 -10.5  0.8                                                              
  0.22  2.0    0.8                                                              
  1.73  17.5   0.8                                                              
  2.91  34.0   0.8                                                              
  7.34  50.5   0.8                                                              
  10.39 64.5   0.8                                                              
  11.60 75.0   0.8                                                              
1 12.13 82.5   0.8                                                              
 9.1   0.77  6.70                                                               
 9.1   0.77  7.06                                                               
 9.1   0.77  7.41                                                               
 9.1   0.81  6.70                                                               
 9.1   0.81  7.06                                                               
 9.1   0.81  7.41                                                               
 9.1   0.85  6.70                                                               
 9.1   0.85  7.06                                                               
 9.1   0.85  7.41                                                               
