  FEMA                                                      sjh            job 2
  RUNUP2 transect: CM-96-1                                                     1
14.0                                                                            
  -8.77 -125.3 0.8                                                              
  -7.30 -39.3  0.8                                                              
  -7.26 -38.3  0.8                                                              
  -6.68 -34.3  0.8                                                              
  -6.38 -32.3  0.8                                                              
  -5.51 -26.3  0.8                                                              
  -5.22 -24.3  0.8                                                              
  -4.64 -20.3  0.8                                                              
  -2.03 -2.3   0.8                                                              
  1.53  1.7    0.8                                                              
  1.85  6.7    0.8                                                              
  3.72  9.7    0.8                                                              
  3.88  19.7   0.8                                                              
  3.88  28.7   0.8                                                              
  7.66  39.2   0.8                                                              
  8.32  48.7   0.8                                                              
  9.89  53.7   0.8                                                              
  9.99  67.2   0.8                                                              
  11.40 83.2   0.8                                                              
1 12.19 93.7   0.8                                                              
 8.9   1.45  3.87                                                               
 8.9   1.45  4.08                                                               
 8.9   1.45  4.28                                                               
 8.9   1.53  3.87                                                               
 8.9   1.53  4.08                                                               
 8.9   1.53  4.28                                                               
 8.9   1.61  3.87                                                               
 8.9   1.61  4.08                                                               
 8.9   1.61  4.28                                                               
