%
%
% Run:1     Table:curve             SWAN version:41.20A
%
%       Xp            Yp            Hsig          TPsmoo        RTpeak        Tm_10         Dir           Dspr          Depth         Setup    
%       [m]           [m]           [m]           [sec]         [sec]         [sec]         [degr]        [degr]        [m]           [m]      
%
           0.            0.       1.68596       10.0544       10.0005        9.2957       360.000       31.5594        3.9900      0.000000 
           1.            0.       1.69159       10.0572       10.0005        9.1411       360.000       31.5959        3.9900      0.000041 
           2.            0.       1.69664       10.0599       10.0005        9.0018       360.000       31.6252        3.9901      0.000084 
           3.            0.       1.69953       10.0623       10.0005        8.8800       360.000       31.4923        3.9901      0.000137 
           4.            0.       1.70317       10.0645       10.0005        8.7750       360.000       31.0404        3.9298     -0.000153 
           5.            0.       1.70978       10.0668       10.0005        8.6814       360.000       30.4123        3.7991     -0.000890 
           6.            0.       1.71602       10.0690       10.0005        8.5922       359.999       29.7404        3.6683     -0.001687 
           7.            0.       1.72157       10.0711       10.0005        8.5039       359.999       29.0546        3.5475     -0.002467 
           8.            0.       1.72780       10.0732       10.0005        8.4187       359.999       28.3883        3.4166     -0.003360 
           9.            0.       1.73364       10.0751       10.0005        8.3359       359.999       27.7682        3.2857     -0.004266 
          10.            0.       1.73870       10.0770       10.0005        8.2556       359.999       27.1575        3.1548     -0.005173 
          11.            0.       1.74258       10.0787       10.0005        8.1784       359.999       26.5413        3.0239     -0.006059 
          12.            0.       1.74485       10.0801       10.0005        8.1043       359.999       25.9062        2.8931     -0.006887 
          13.            0.       1.74689       10.0814       10.0005        8.0334       360.000       25.5057        2.7624     -0.007579 
          14.            0.       1.73335       10.0819       10.0005        7.9573         0.000       25.5392        2.7940     -0.005964 
          15.            0.       1.71966       10.0821       10.0005        7.8919       360.000       25.7573        2.8458     -0.004210 
          16.            0.       1.71075       10.0819       10.0005        7.8143       359.999       26.0557        2.8873     -0.002737 
          17.            0.       1.70237       10.0814       10.0005        7.7406       359.998       26.4096        2.9387     -0.001273 
          18.            0.       1.69178       10.0807       10.0005        7.6930       359.982       26.7834        2.9902      0.000193 
          19.            0.       1.68406       10.0798       10.0005        7.6457       359.969       27.1278        3.0314      0.001361 
          20.            0.       1.67602       10.0788       10.0005        7.6048       359.928       27.4817        3.0825      0.002531 
          21.            0.       1.66879       10.0778       10.0005        7.5681       359.882       27.8180        3.1336      0.003585 
          22.            0.       1.66208       10.0767       10.0005        7.5347       359.841       28.1077        3.1845      0.004540 
          23.            0.       1.65660       10.0757       10.0005        7.5054       359.804       28.3664        3.2253      0.005328 
          24.            0.       1.65168       10.0746       10.0005        7.4728       359.790       28.6175        3.2761      0.006108 
          25.            0.       1.64722       10.0736       10.0005        7.4412       359.786       28.8243        3.3268      0.006819 
          26.            0.       1.64194       10.0726       10.0005        7.4124       359.785       28.7833        3.3674      0.007402 
          27.            0.       1.64098       10.0718       10.0005        7.3967       359.788       28.5037        3.3173      0.007269 
          28.            0.       1.63970       10.0710       10.0005        7.3824       359.792       28.1204        3.2571      0.007070 
          29.            0.       1.63744       10.0702       10.0005        7.3635       359.784       27.7264        3.2070      0.006986 
          30.            0.       1.63636       10.0693       10.0005        7.3374       359.792       27.3238        3.1468      0.006842 
          31.            0.       1.63511       10.0686       10.0005        7.3086       359.799       26.9612        3.0867      0.006740 
          32.            0.       1.63307       10.0678       10.0005        7.2798       359.807       26.6034        3.0267      0.006689 
          33.            0.       1.62885       10.0672       10.0005        7.2669       359.814       26.2891        2.9567      0.006686 
          34.            0.       1.62183       10.0665       10.0005        7.2521       359.817       26.0683        2.9171      0.007051 
          35.            0.       1.61525       10.0659       10.0005        7.2233       359.807       25.9060        2.8976      0.007574 
          36.            0.       1.60780       10.0654       10.0005        7.1970       359.766       25.6960        2.8781      0.008117 
          37.            0.       1.60257       10.0651       10.0005        7.1777       359.723       25.4156        2.8183      0.008282 
          38.            0.       1.59586       10.0647       10.0005        7.1566       359.680       25.1464        2.7686      0.008615 
          39.            0.       1.58769       10.0645       10.0005        7.1340       359.637       24.8880        2.7291      0.009116 
          40.            0.       1.57968       10.0643       10.0005        7.1138       359.595       24.6487        2.6796      0.009571 
          41.            0.       1.57084       10.0641       10.0005        7.0827       359.589       24.4318        2.6503      0.010254 
          42.            0.       1.56230       10.0640       10.0005        7.0523       359.597       24.1736        2.6108      0.010850 
          43.            0.       1.55389       10.0640       10.0005        7.0260       359.610       23.8055        2.5513      0.011275 
          44.            0.       1.54729       10.0642       10.0005        7.0073       359.630       23.4347        2.4513      0.011347 
          45.            0.       1.53432       10.0642       10.0005        6.9693       359.648       23.1676        2.4225      0.012472 
          46.            0.       1.52065       10.0643       10.0005        6.9366       359.684       22.8106        2.3835      0.013532 
          47.            0.       1.51182       10.0646       10.0005        6.9164       359.766       22.3206        2.2737      0.013688 
          48.            0.       1.50078       10.0649       10.0005        6.8847       359.859       21.8026        2.1742      0.014157 
          49.            0.       1.48762       10.0652       10.0005        6.8483       359.980       21.3318        2.0749      0.014909 
          50.            0.       1.46808       10.0655       10.0005        6.8021         0.107       20.9601        2.0167      0.016693 
          51.            0.       1.44575       10.0658       10.0005        6.7490         0.262       20.3588        1.9688      0.018761 
          52.            0.       1.43757       10.0663       10.0005        6.7250         0.517       19.0448        1.7376      0.017558 
          53.            0.       1.43179       10.0678       10.0005        6.7436         0.552       17.9037        1.3241      0.014098 
          54.            0.       1.35635       10.0681       10.0005        6.5943         0.844       17.6743        1.3875      0.027460 
          55.            0.       1.29381       10.0681       10.0005        6.4690         1.181       17.4729        1.4374      0.037447 
          56.            0.       1.24867       10.0679       10.0005        6.4272         1.371       16.9853        1.3429      0.042893 
          57.            0.       1.19474       10.0674       10.0005        6.4133         1.426       16.4861        1.2598      0.049812 
          58.            0.       1.13623       10.0670       10.0005        6.4053         1.440       16.0615        1.1978      0.057775 
          59.            0.       1.07703       10.0666       10.0005        6.3976         1.441       15.6849        1.1560      0.066044 
          60.            0.       1.02256       10.0663       10.0005        6.3929         1.435       15.2080        1.1035      0.073460 
          61.            0.       0.97438       10.0662       10.0005        6.4010         1.422       14.6107        0.9997      0.079706 
          62.            0.       0.92124       10.0663       10.0005        6.4063         1.404       13.9039        0.8972      0.087202 
          63.            0.       0.87216       10.0672       10.0005        6.4120         1.339       13.0440        0.7645      0.094453 
          64.            0.       0.82196       10.0688       10.0005        6.3980         1.240       11.9153        0.6330      0.103025 
          65.            0.       0.64312       10.1537       10.0005        7.0870       358.973       12.2732        0.4328      0.142766 
          66.            0.       0.20382       13.5130       13.8874        9.7382       358.123       16.4333        0.1200      0.260012 
