header
IE0.0    -16.992       1       1 9.0235  9.3703  9.6134    56.14   56.14
OF1.0    -17.024    0.00 9.0235     0.00    0.00    0.00    0.00    0.00
OF2.0    -17.056    0.00 9.0235     0.00    0.00    0.00    0.00    0.00
OF3.0    -17.089    0.00 9.0235     0.00    0.00    0.00    0.00    0.00
OF4.0    -17.120    0.00 9.0235     0.00    0.00    0.00    0.00    0.00
OF5.0    -17.148    0.00 9.0235     0.00    0.00    0.00    0.00    0.00
OF6.0    -17.175    0.00 9.0236     0.00    0.00    0.00    0.00    0.00
OF7.0    -17.203    0.00 9.0236     0.00    0.00    0.00    0.00    0.00
OF8.0    -17.230    0.00 9.0236     0.00    0.00    0.00    0.00    0.00
OF9.0    -17.258    0.00 9.0236     0.00    0.00    0.00    0.00    0.00
OF10.0   -17.285    0.00 9.0236     0.00    0.00    0.00    0.00    0.00
OF11.0   -17.313    0.00 9.0236     0.00    0.00    0.00    0.00    0.00
OF12.0   -17.340    0.00 9.0236     0.00    0.00    0.00    0.00    0.00
OF13.0   -17.368    0.00 9.0236     0.00    0.00    0.00    0.00    0.00
OF14.0   -17.395    0.00 9.0236     0.00    0.00    0.00    0.00    0.00
OF15.0   -17.423    0.00 9.0236     0.00    0.00    0.00    0.00    0.00
OF16.0   -17.450    0.00 9.0236     0.00    0.00    0.00    0.00    0.00
OF17.0   -17.478    0.00 9.0236     0.00    0.00    0.00    0.00    0.00
OF18.0   -17.505    0.00 9.0236     0.00    0.00    0.00    0.00    0.00
OF19.0   -17.533    0.00 9.0236     0.00    0.00    0.00    0.00    0.00
OF20.0   -17.560    0.00 9.0236     0.00    0.00    0.00    0.00    0.00
OF21.0   -17.588    0.00 9.0236     0.00    0.00    0.00    0.00    0.00
OF22.0   -17.615    0.00 9.0236     0.00    0.00    0.00    0.00    0.00
OF23.0   -17.643    0.00 9.0236     0.00    0.00    0.00    0.00    0.00
OF24.0   -17.670    0.00 9.0236     0.00    0.00    0.00    0.00    0.00
OF25.0   -17.621    0.00 9.0236     0.00    0.00    0.00    0.00    0.00
OF26.0   -17.564    0.00 9.0236     0.00    0.00    0.00    0.00    0.00
OF27.0   -17.506    0.00 9.0236     0.00    0.00    0.00    0.00    0.00
OF28.0   -17.449    0.00 9.0236     0.00    0.00    0.00    0.00    0.00
OF29.0   -17.392    0.00 9.0236     0.00    0.00    0.00    0.00    0.00
OF30.0   -17.334    0.00 9.0236     0.00    0.00    0.00    0.00    0.00
OF31.0   -17.277    0.00 9.0236     0.00    0.00    0.00    0.00    0.00
OF32.0   -17.219    0.00 9.0236     0.00    0.00    0.00    0.00    0.00
OF33.0   -17.162    0.00 9.0236     0.00    0.00    0.00    0.00    0.00
OF34.0   -17.105    0.00 9.0236     0.00    0.00    0.00    0.00    0.00
OF35.0   -17.047    0.00 9.0236     0.00    0.00    0.00    0.00    0.00
OF36.0   -16.990    0.00 9.0236     0.00    0.00    0.00    0.00    0.00
OF37.0   -16.932    0.00 9.0236     0.00    0.00    0.00    0.00    0.00
OF38.0   -16.875    0.00 9.0236     0.00    0.00    0.00    0.00    0.00
OF39.0   -16.818    0.00 9.0236     0.00    0.00    0.00    0.00    0.00
OF40.0   -16.760    0.00 9.0236     0.00    0.00    0.00    0.00    0.00
OF41.0   -16.703    0.00 9.0236     0.00    0.00    0.00    0.00    0.00
OF42.0   -16.645    0.00 9.0236     0.00    0.00    0.00    0.00    0.00
OF43.0   -16.588    0.00 9.0236     0.00    0.00    0.00    0.00    0.00
OF44.0   -16.533    0.00 9.0236     0.00    0.00    0.00    0.00    0.00
OF45.0   -16.481    0.00 9.0236     0.00    0.00    0.00    0.00    0.00
OF46.0   -16.430    0.00 9.0236     0.00    0.00    0.00    0.00    0.00
OF47.0   -16.378    0.00 9.0236     0.00    0.00    0.00    0.00    0.00
OF48.0   -16.327    0.00 9.0236     0.00    0.00    0.00    0.00    0.00
OF49.0   -16.275    0.00 9.0236     0.00    0.00    0.00    0.00    0.00
OF50.0   -16.224    0.00 9.0236     0.00    0.00    0.00    0.00    0.00
OF51.0   -16.172    0.00 9.0236     0.00    0.00    0.00    0.00    0.00
OF52.0   -16.121    0.00 9.0236     0.00    0.00    0.00    0.00    0.00
OF53.0   -16.069    0.00 9.0236     0.00    0.00    0.00    0.00    0.00
OF54.0   -16.018    0.00 9.0236     0.00    0.00    0.00    0.00    0.00
OF55.0   -15.966    0.00 9.0236     0.00    0.00    0.00    0.00    0.00
OF56.0   -15.915    0.00 9.0236     0.00    0.00    0.00    0.00    0.00
OF57.0   -15.863    0.00 9.0236     0.00    0.00    0.00    0.00    0.00
OF58.0   -15.812    0.00 9.0236     0.00    0.00    0.00    0.00    0.00
OF59.0   -15.761    0.00 9.0236     0.00    0.00    0.00    0.00    0.00
OF60.0   -15.709    0.00 9.0236     0.00    0.00    0.00    0.00    0.00
OF61.0   -15.658    0.00 9.0236     0.00    0.00    0.00    0.00    0.00
OF62.0   -15.606    0.00 9.0236     0.00    0.00    0.00    0.00    0.00
OF63.0   -15.555    0.00 9.0236     0.00    0.00    0.00    0.00    0.00
OF64.0   -15.503    0.00 9.0236     0.00    0.00    0.00    0.00    0.00
OF65.0   -15.452    0.00 9.0236     0.00    0.00    0.00    0.00    0.00
OF66.0   -15.400    0.00 9.0236     0.00    0.00    0.00    0.00    0.00
OF67.0   -15.349    0.00 9.0236     0.00    0.00    0.00    0.00    0.00
OF68.0   -15.297    0.00 9.0236     0.00    0.00    0.00    0.00    0.00
OF69.0   -15.246    0.00 9.0236     0.00    0.00    0.00    0.00    0.00
OF70.0   -15.194    0.00 9.0236     0.00    0.00    0.00    0.00    0.00
OF71.0   -15.143    0.00 9.0236     0.00    0.00    0.00    0.00    0.00
OF72.0   -15.091    0.00 9.0236     0.00    0.00    0.00    0.00    0.00
OF73.0   -15.040    0.00 9.0236     0.00    0.00    0.00    0.00    0.00
OF74.0   -14.989    0.00 9.0236     0.00    0.00    0.00    0.00    0.00
OF75.0   -14.937    0.00 9.0236     0.00    0.00    0.00    0.00    0.00
OF76.0   -14.886    0.00 9.0236     0.00    0.00    0.00    0.00    0.00
OF77.0   -14.834    0.00 9.0236     0.00    0.00    0.00    0.00    0.00
OF78.0   -14.783    0.00 9.0236     0.00    0.00    0.00    0.00    0.00
OF79.0   -14.731    0.00 9.0236     0.00    0.00    0.00    0.00    0.00
OF80.0   -14.680    0.00 9.0236     0.00    0.00    0.00    0.00    0.00
OF81.0   -14.628    0.00 9.0236     0.00    0.00    0.00    0.00    0.00
OF82.0   -14.577    0.00 9.0236     0.00    0.00    0.00    0.00    0.00
OF83.0   -14.525    0.00 9.0236     0.00    0.00    0.00    0.00    0.00
OF84.0   -14.474    0.00 9.0236     0.00    0.00    0.00    0.00    0.00
OF85.0   -14.422    0.00 9.0236     0.00    0.00    0.00    0.00    0.00
OF86.0   -14.371    0.00 9.0236     0.00    0.00    0.00    0.00    0.00
OF87.0   -14.319    0.00 9.0236     0.00    0.00    0.00    0.00    0.00
OF88.0   -14.268    0.00 9.0236     0.00    0.00    0.00    0.00    0.00
OF89.0   -14.217    0.00 9.0236     0.00    0.00    0.00    0.00    0.00
OF90.0   -14.165    0.00 9.0236     0.00    0.00    0.00    0.00    0.00
OF91.0   -14.114    0.00 9.0236     0.00    0.00    0.00    0.00    0.00
OF92.0   -14.062    0.00 9.0236     0.00    0.00    0.00    0.00    0.00
OF93.0   -14.011    0.00 9.0236     0.00    0.00    0.00    0.00    0.00
OF94.0   -13.959    0.00 9.0236     0.00    0.00    0.00    0.00    0.00
OF95.0   -13.908    0.00 9.0236     0.00    0.00    0.00    0.00    0.00
OF96.0   -13.856    0.00 9.0236     0.00    0.00    0.00    0.00    0.00
OF97.0   -13.805    0.00 9.0236     0.00    0.00    0.00    0.00    0.00
OF98.0   -13.753    0.00 9.0236     0.00    0.00    0.00    0.00    0.00
OF99.0   -13.702    0.00 9.0236     0.00    0.00    0.00    0.00    0.00
OF100.0  -13.650    0.00 9.0236     0.00    0.00    0.00    0.00    0.00
OF101.0  -13.599    0.00 9.0236     0.00    0.00    0.00    0.00    0.00
OF102.0  -13.547    0.00 9.0236     0.00    0.00    0.00    0.00    0.00
OF103.0  -13.496    0.00 9.0236     0.00    0.00    0.00    0.00    0.00
OF104.0  -13.445    0.00 9.0236     0.00    0.00    0.00    0.00    0.00
OF105.0  -13.393    0.00 9.0236     0.00    0.00    0.00    0.00    0.00
OF106.0  -13.342    0.00 9.0236     0.00    0.00    0.00    0.00    0.00
OF107.0  -13.290    0.00 9.0236     0.00    0.00    0.00    0.00    0.00
OF108.0  -13.239    0.00 9.0236     0.00    0.00    0.00    0.00    0.00
OF109.0  -13.167    0.00 9.0236     0.00    0.00    0.00    0.00    0.00
OF110.0  -13.071    0.00 9.0236     0.00    0.00    0.00    0.00    0.00
OF111.0  -12.974    0.00 9.0236     0.00    0.00    0.00    0.00    0.00
OF112.0  -12.877    0.00 9.0236     0.00    0.00    0.00    0.00    0.00
OF113.0  -12.780    0.00 9.0236     0.00    0.00    0.00    0.00    0.00
OF114.0  -12.684    0.00 9.0236     0.00    0.00    0.00    0.00    0.00
OF115.0  -12.587    0.00 9.0236     0.00    0.00    0.00    0.00    0.00
OF116.0  -12.490    0.00 9.0236     0.00    0.00    0.00    0.00    0.00
OF117.0  -12.393    0.00 9.0236     0.00    0.00    0.00    0.00    0.00
OF118.0  -12.297    0.00 9.0236     0.00    0.00    0.00    0.00    0.00
OF119.0  -12.200    0.00 9.0236     0.00    0.00    0.00    0.00    0.00
OF120.0  -12.103    0.00 9.0236     0.00    0.00    0.00    0.00    0.00
OF121.0  -12.007    0.00 9.0236     0.00    0.00    0.00    0.00    0.00
OF122.0  -11.910    0.00 9.0236     0.00    0.00    0.00    0.00    0.00
OF123.0  -11.813    0.00 9.0236     0.00    0.00    0.00    0.00    0.00
OF124.0  -11.716    0.00 9.0236     0.00    0.00    0.00    0.00    0.00
OF125.0  -11.62     0.00 9.0236     0.00    0.00    0.00    0.00    0.00
OF126.0  -11.523    0.00 9.0236     0.00    0.00    0.00    0.00    0.00
OF127.0  -11.426    0.00 9.0236     0.00    0.00    0.00    0.00    0.00
OF128.0  -11.329    0.00 9.0236     0.00    0.00    0.00    0.00    0.00
OF129.0  -11.232    0.00 9.0236     0.00    0.00    0.00    0.00    0.00
OF130.0  -11.134    0.00 9.0236     0.00    0.00    0.00    0.00    0.00
OF131.0  -11.035    0.00 9.0236     0.00    0.00    0.00    0.00    0.00
OF132.0  -10.936    0.00 9.0236     0.00    0.00    0.00    0.00    0.00
OF133.0  -10.837    0.00 9.0236     0.00    0.00    0.00    0.00    0.00
OF134.0  -10.738    0.00 9.0236     0.00    0.00    0.00    0.00    0.00
OF135.0  -10.639    0.00 9.0236     0.00    0.00    0.00    0.00    0.00
OF136.0  -10.540    0.00 9.0236     0.00    0.00    0.00    0.00    0.00
OF137.0  -10.441    0.00 9.0236     0.00    0.00    0.00    0.00    0.00
OF138.0  -10.342    0.00 9.0236     0.00    0.00    0.00    0.00    0.00
OF139.0  -10.243    0.00 9.0236     0.00    0.00    0.00    0.00    0.00
OF140.0  -10.144    0.00 9.0236     0.00    0.00    0.00    0.00    0.00
OF141.0  -10.045    0.00 9.0236     0.00    0.00    0.00    0.00    0.00
OF142.0  -9.9469    0.00 9.0236     0.00    0.00    0.00    0.00    0.00
OF143.0  -9.848     0.00 9.0236     0.00    0.00    0.00    0.00    0.00
OF144.0  -9.749     0.00 9.0236     0.00    0.00    0.00    0.00    0.00
OF145.0  -9.6501    0.00 9.0236     0.00    0.00    0.00    0.00    0.00
OF146.0  -9.5512    0.00 9.0236     0.00    0.00    0.00    0.00    0.00
OF147.0  -9.4523    0.00 9.0236     0.00    0.00    0.00    0.00    0.00
OF148.0  -9.3534    0.00 9.0236     0.00    0.00    0.00    0.00    0.00
OF149.0  -9.2544    0.00 9.0236     0.00    0.00    0.00    0.00    0.00
OF150.0  -9.1555    0.00 9.0236     0.00    0.00    0.00    0.00    0.00
OF151.0  -9.0566    0.00 9.0236     0.00    0.00    0.00    0.00    0.00
OF152.0  -8.9577    0.00 9.0236     0.00    0.00    0.00    0.00    0.00
OF153.0  -8.8587    0.00 9.0236     0.00    0.00    0.00    0.00    0.00
OF154.0  -8.7598    0.00 9.0236     0.00    0.00    0.00    0.00    0.00
OF155.0  -8.6609    0.00 9.0235     0.00    0.00    0.00    0.00    0.00
OF156.0  -8.562     0.00 9.0235     0.00    0.00    0.00    0.00    0.00
OF157.0  -8.4631    0.00 9.0235     0.00    0.00    0.00    0.00    0.00
OF158.0  -8.3641    0.00 9.0234     0.00    0.00    0.00    0.00    0.00
OF159.0  -8.2652    0.00 9.0234     0.00    0.00    0.00    0.00    0.00
OF160.0  -8.1663    0.00 9.0234     0.00    0.00    0.00    0.00    0.00
OF161.0  -8.0674    0.00 9.0234     0.00    0.00    0.00    0.00    0.00
OF162.0  -7.9684    0.00 9.0233     0.00    0.00    0.00    0.00    0.00
OF163.0  -7.8695    0.00 9.0233     0.00    0.00    0.00    0.00    0.00
OF164.0  -7.7706    0.00 9.0233     0.00    0.00    0.00    0.00    0.00
OF165.0  -7.6717    0.00 9.0232     0.00    0.00    0.00    0.00    0.00
OF166.0  -7.5728    0.00 9.0232     0.00    0.00    0.00    0.00    0.00
OF167.0  -7.4738    0.00 9.0232     0.00    0.00    0.00    0.00    0.00
OF168.0  -7.3749    0.00 9.0231     0.00    0.00    0.00    0.00    0.00
OF169.0  -7.276     0.00 9.0231     0.00    0.00    0.00    0.00    0.00
OF170.0  -7.1771    0.00 9.0231     0.00    0.00    0.00    0.00    0.00
OF171.0  -7.0781    0.00 9.0231     0.00    0.00    0.00    0.00    0.00
OF172.0  -6.9792    0.00 9.023      0.00    0.00    0.00    0.00    0.00
OF173.0  -6.8803    0.00 9.023      0.00    0.00    0.00    0.00    0.00
OF174.0  -6.7814    0.00 9.023      0.00    0.00    0.00    0.00    0.00
OF175.0  -6.6825    0.00 9.0229     0.00    0.00    0.00    0.00    0.00
OF176.0  -6.5835    0.00 9.0229     0.00    0.00    0.00    0.00    0.00
OF177.0  -6.4846    0.00 9.0229     0.00    0.00    0.00    0.00    0.00
OF178.0  -6.4367    0.00 9.0229     0.00    0.00    0.00    0.00    0.00
OF179.0  -6.4832    0.00 9.0228     0.00    0.00    0.00    0.00    0.00
OF180.0  -6.5298    0.00 9.0228     0.00    0.00    0.00    0.00    0.00
OF181.0  -6.5764    0.00 9.0228     0.00    0.00    0.00    0.00    0.00
OF182.0  -6.6229    0.00 9.0227     0.00    0.00    0.00    0.00    0.00
OF183.0  -6.6695    0.00 9.0227     0.00    0.00    0.00    0.00    0.00
OF184.0  -6.716     0.00 9.0227     0.00    0.00    0.00    0.00    0.00
OF185.0  -6.7626    0.00 9.0227     0.00    0.00    0.00    0.00    0.00
OF186.0  -6.8091    0.00 9.0226     0.00    0.00    0.00    0.00    0.00
OF187.0  -6.8557    0.00 9.0226     0.00    0.00    0.00    0.00    0.00
OF188.0  -6.9022    0.00 9.0226     0.00    0.00    0.00    0.00    0.00
OF189.0  -6.9488    0.00 9.0225     0.00    0.00    0.00    0.00    0.00
OF190.0  -6.9954    0.00 9.0225     0.00    0.00    0.00    0.00    0.00
OF191.0  -7.0419    0.00 9.0225     0.00    0.00    0.00    0.00    0.00
OF192.0  -7.0885    0.00 9.0225     0.00    0.00    0.00    0.00    0.00
OF193.0  -7.135     0.00 9.0224     0.00    0.00    0.00    0.00    0.00
OF194.0  -7.1816    0.00 9.0224     0.00    0.00    0.00    0.00    0.00
OF195.0  -7.2281    0.00 9.0224     0.00    0.00    0.00    0.00    0.00
OF196.0  -7.2747    0.00 9.0223     0.00    0.00    0.00    0.00    0.00
OF197.0  -7.3213    0.00 9.0223     0.00    0.00    0.00    0.00    0.00
OF198.0  -7.3678    0.00 9.0223     0.00    0.00    0.00    0.00    0.00
OF199.0  -7.4144    0.00 9.0223     0.00    0.00    0.00    0.00    0.00
OF200.0  -7.4609    0.00 9.0222     0.00    0.00    0.00    0.00    0.00
OF201.0  -7.5075    0.00 9.0222     0.00    0.00    0.00    0.00    0.00
OF202.0  -7.554     0.00 9.0222     0.00    0.00    0.00    0.00    0.00
OF203.0  -7.6006    0.00 9.0221     0.00    0.00    0.00    0.00    0.00
OF204.0  -7.6471    0.00 9.0221     0.00    0.00    0.00    0.00    0.00
OF205.0  -7.6937    0.00 9.0221     0.00    0.00    0.00    0.00    0.00
OF206.0  -7.7403    0.00 9.022      0.00    0.00    0.00    0.00    0.00
OF207.0  -7.7868    0.00 9.022      0.00    0.00    0.00    0.00    0.00
OF208.0  -7.8334    0.00 9.022      0.00    0.00    0.00    0.00    0.00
OF209.0  -7.8799    0.00 9.022      0.00    0.00    0.00    0.00    0.00
OF210.0  -7.9265    0.00 9.0219     0.00    0.00    0.00    0.00    0.00
OF211.0  -7.973     0.00 9.0219     0.00    0.00    0.00    0.00    0.00
OF212.0  -8.0196    0.00 9.0219     0.00    0.00    0.00    0.00    0.00
OF213.0  -8.0661    0.00 9.0218     0.00    0.00    0.00    0.00    0.00
OF214.0  -8.1127    0.00 9.0218     0.00    0.00    0.00    0.00    0.00
OF215.0  -8.1593    0.00 9.0218     0.00    0.00    0.00    0.00    0.00
OF216.0  -8.2058    0.00 9.0218     0.00    0.00    0.00    0.00    0.00
OF217.0  -8.2524    0.00 9.0217     0.00    0.00    0.00    0.00    0.00
OF218.0  -8.2989    0.00 9.0217     0.00    0.00    0.00    0.00    0.00
OF219.0  -8.3455    0.00 9.0217     0.00    0.00    0.00    0.00    0.00
OF220.0  -8.392     0.00 9.0217     0.00    0.00    0.00    0.00    0.00
OF221.0  -8.4386    0.00 9.0216     0.00    0.00    0.00    0.00    0.00
OF222.0  -8.4851    0.00 9.0216     0.00    0.00    0.00    0.00    0.00
OF223.0  -8.5317    0.00 9.0216     0.00    0.00    0.00    0.00    0.00
OF224.0  -8.5455    0.00 9.0216     0.00    0.00    0.00    0.00    0.00
OF225.0  -8.4877    0.00 9.0215     0.00    0.00    0.00    0.00    0.00
OF226.0  -8.4299    0.00 9.0215     0.00    0.00    0.00    0.00    0.00
OF227.0  -8.3721    0.00 9.0215     0.00    0.00    0.00    0.00    0.00
OF228.0  -8.3143    0.00 9.0215     0.00    0.00    0.00    0.00    0.00
OF229.0  -8.2565    0.00 9.0214     0.00    0.00    0.00    0.00    0.00
OF230.0  -8.1987    0.00 9.0214     0.00    0.00    0.00    0.00    0.00
OF231.0  -8.1409    0.00 9.0214     0.00    0.00    0.00    0.00    0.00
OF232.0  -8.0831    0.00 9.0214     0.00    0.00    0.00    0.00    0.00
OF233.0  -8.0253    0.00 9.0213     0.00    0.00    0.00    0.00    0.00
OF234.0  -7.9675    0.00 9.0213     0.00    0.00    0.00    0.00    0.00
OF235.0  -7.9097    0.00 9.0213     0.00    0.00    0.00    0.00    0.00
OF236.0  -7.8519    0.00 9.0213     0.00    0.00    0.00    0.00    0.00
OF237.0  -7.794     0.00 9.0212     0.00    0.00    0.00    0.00    0.00
OF238.0  -7.7362    0.00 9.0212     0.00    0.00    0.00    0.00    0.00
OF239.0  -7.6784    0.00 9.0212     0.00    0.00    0.00    0.00    0.00
OF240.0  -7.6206    0.00 9.0212     0.00    0.00    0.00    0.00    0.00
OF241.0  -7.5628    0.00 9.0211     0.00    0.00    0.00    0.00    0.00
OF242.0  -7.505     0.00 9.0211     0.00    0.00    0.00    0.00    0.00
OF243.0  -7.4472    0.00 9.0211     0.00    0.00    0.00    0.00    0.00
OF244.0  -7.3894    0.00 9.0211     0.00    0.00    0.00    0.00    0.00
OF245.0  -7.3316    0.00 9.021      0.00    0.00    0.00    0.00    0.00
OF246.0  -7.2738    0.00 9.021      0.00    0.00    0.00    0.00    0.00
OF247.0  -7.216     0.00 9.021      0.00    0.00    0.00    0.00    0.00
OF248.0  -7.1582    0.00 9.021      0.00    0.00    0.00    0.00    0.00
OF249.0  -7.1004    0.00 9.0209     0.00    0.00    0.00    0.00    0.00
OF250.0  -7.0426    0.00 9.0209     0.00    0.00    0.00    0.00    0.00
OF251.0  -6.9848    0.00 9.0209     0.00    0.00    0.00    0.00    0.00
OF252.0  -6.9278    0.00 9.0209     0.00    0.00    0.00    0.00    0.00
OF253.0  -6.882     0.00 9.0208     0.00    0.00    0.00    0.00    0.00
OF254.0  -6.8361    0.00 9.0208     0.00    0.00    0.00    0.00    0.00
OF255.0  -6.7903    0.00 9.0208     0.00    0.00    0.00    0.00    0.00
OF256.0  -6.7445    0.00 9.0207     0.00    0.00    0.00    0.00    0.00
OF257.0  -6.6987    0.00 9.0207     0.00    0.00    0.00    0.00    0.00
OF258.0  -6.6528    0.00 9.0207     0.00    0.00    0.00    0.00    0.00
OF259.0  -6.607     0.00 9.0207     0.00    0.00    0.00    0.00    0.00
OF260.0  -6.5612    0.00 9.0206     0.00    0.00    0.00    0.00    0.00
OF261.0  -6.5153    0.00 9.0206     0.00    0.00    0.00    0.00    0.00
OF262.0  -6.4695    0.00 9.0206     0.00    0.00    0.00    0.00    0.00
OF263.0  -6.4237    0.00 9.0206     0.00    0.00    0.00    0.00    0.00
OF264.0  -6.3779    0.00 9.0205     0.00    0.00    0.00    0.00    0.00
OF265.0  -6.332     0.00 9.0205     0.00    0.00    0.00    0.00    0.00
OF266.0  -6.2862    0.00 9.0205     0.00    0.00    0.00    0.00    0.00
OF267.0  -6.2404    0.00 9.0205     0.00    0.00    0.00    0.00    0.00
OF268.0  -6.1945    0.00 9.0204     0.00    0.00    0.00    0.00    0.00
OF269.0  -6.1487    0.00 9.0205     0.00    0.00    0.00    0.00    0.00
OF270.0  -6.1029    0.00 9.0206     0.00    0.00    0.00    0.00    0.00
OF271.0  -6.0571    0.00 9.0207     0.00    0.00    0.00    0.00    0.00
OF272.0  -6.0112    0.00 9.0207     0.00    0.00    0.00    0.00    0.00
OF273.0  -5.9654    0.00 9.0208     0.00    0.00    0.00    0.00    0.00
OF274.0  -5.9196    0.00 9.0209     0.00    0.00    0.00    0.00    0.00
OF275.0  -5.8738    0.00 9.021      0.00    0.00    0.00    0.00    0.00
OF276.0  -5.8279    0.00 9.021      0.00    0.00    0.00    0.00    0.00
OF277.0  -5.7821    0.00 9.0211     0.00    0.00    0.00    0.00    0.00
OF278.0  -5.7363    0.00 9.0212     0.00    0.00    0.00    0.00    0.00
OF279.0  -5.6904    0.00 9.0213     0.00    0.00    0.00    0.00    0.00
OF280.0  -5.6446    0.00 9.0214     0.00    0.00    0.00    0.00    0.00
OF281.0  -5.5988    0.00 9.0214     0.00    0.00    0.00    0.00    0.00
OF282.0  -5.5884    0.00 9.0215     0.00    0.00    0.00    0.00    0.00
OF283.0  -5.5879    0.00 9.0216     0.00    0.00    0.00    0.00    0.00
OF284.0  -5.5873    0.00 9.0217     0.00    0.00    0.00    0.00    0.00
OF285.0  -5.5867    0.00 9.0217     0.00    0.00    0.00    0.00    0.00
OF286.0  -5.5861    0.00 9.0218     0.00    0.00    0.00    0.00    0.00
OF287.0  -5.5856    0.00 9.0219     0.00    0.00    0.00    0.00    0.00
OF288.0  -5.585     0.00 9.022      0.00    0.00    0.00    0.00    0.00
OF289.0  -5.5844    0.00 9.022      0.00    0.00    0.00    0.00    0.00
OF290.0  -5.5838    0.00 9.0221     0.00    0.00    0.00    0.00    0.00
OF291.0  -5.5833    0.00 9.0222     0.00    0.00    0.00    0.00    0.00
IF409.0  0.9596     0.00 9.0222     0.00    0.00    0.00    0.00    0.00
IF410.0  1.0293     0.00 9.0222     0.00    0.00    0.00    0.00    0.00
IF411.0  1.1021     0.00 9.0222     0.00    0.00    0.00    0.00    0.00
IF412.0  1.1891     0.00 9.0222     0.00    0.00    0.00    0.00    0.00
IF413.0  1.2761     0.00 9.0222     0.00    0.00    0.00    0.00    0.00
IF414.0  1.3732     0.00 9.0222     0.00    0.00    0.00    0.00    0.00
IF415.0  1.4796     0.00 9.0222     0.00    0.00    0.00    0.00    0.00
IF416.7  1.6569     0.00 9.0272     0.00    0.00    0.00    0.00    0.00
IF419.9  1.9586     0.00 9.0346     0.00    0.00    0.00    0.00    0.00
IF423.2  2.3101     0.00 9.0436     0.00    0.00    0.00    0.00    0.00
IF426.5  2.7401     0.00 9.0519     0.00    0.00    0.00    0.00    0.00
IF429.8  4.1672     0.00 9.043      0.00    0.00    0.00    0.00    0.00
IF433.1  5.7222     0.00 9.1047     0.00    0.00    0.00    0.00    0.00
IF436.4  7.2772     0.00 9.5016     0.00    0.00    0.00    0.00    0.00
IF439.6  6.3375     0.00 9.6053     0.00    0.00    0.00    0.00    0.00
IF442.9  5.8234     0.00 9.6298     0.00    0.00    0.00    0.00    0.00
IF446.2  8.0106     0.00 9.6478     0.00    0.00    0.00    0.00    0.00
IF448.0  9.215      0.00 9.6478     0.00    0.00    0.00    0.00    0.00
IF448.6  9.6478     0.00 9.6478     0.00    0.00    0.00    0.00    0.00
PS START(361192.0982,4771277.7202)
PS END(361217.8661,4771469.8232)
ET
 
 
 
