header
IE0.0    -16.356       1       1 9.0273  4.6994  6.937     56.14   56.14
OF79.0   -16.665    0.00 9.0273     0.00    0.00    0.00    0.00    0.00
OF80.0   -16.669    0.00 9.0273     0.00    0.00    0.00    0.00    0.00
OF81.0   -16.672    0.00 9.0273     0.00    0.00    0.00    0.00    0.00
OF82.0   -16.676    0.00 9.0273     0.00    0.00    0.00    0.00    0.00
OF83.0   -16.680    0.00 9.0273     0.00    0.00    0.00    0.00    0.00
OF84.0   -16.684    0.00 9.0273     0.00    0.00    0.00    0.00    0.00
OF85.0   -16.688    0.00 9.0273     0.00    0.00    0.00    0.00    0.00
OF86.0   -16.692    0.00 9.0273     0.00    0.00    0.00    0.00    0.00
OF87.0   -16.696    0.00 9.0273     0.00    0.00    0.00    0.00    0.00
OF88.0   -16.700    0.00 9.0273     0.00    0.00    0.00    0.00    0.00
OF89.0   -16.704    0.00 9.0273     0.00    0.00    0.00    0.00    0.00
OF90.0   -16.708    0.00 9.0273     0.00    0.00    0.00    0.00    0.00
OF91.0   -16.712    0.00 9.0273     0.00    0.00    0.00    0.00    0.00
OF92.0   -16.716    0.00 9.0273     0.00    0.00    0.00    0.00    0.00
OF93.0   -16.719    0.00 9.0273     0.00    0.00    0.00    0.00    0.00
OF94.0   -16.723    0.00 9.0273     0.00    0.00    0.00    0.00    0.00
OF95.0   -16.727    0.00 9.0273     0.00    0.00    0.00    0.00    0.00
OF96.0   -16.731    0.00 9.0273     0.00    0.00    0.00    0.00    0.00
OF97.0   -16.735    0.00 9.0273     0.00    0.00    0.00    0.00    0.00
OF98.0   -16.739    0.00 9.0273     0.00    0.00    0.00    0.00    0.00
OF99.0   -16.743    0.00 9.0273     0.00    0.00    0.00    0.00    0.00
OF100.0  -16.747    0.00 9.0273     0.00    0.00    0.00    0.00    0.00
OF101.0  -16.747    0.00 9.0273     0.00    0.00    0.00    0.00    0.00
OF102.0  -16.747    0.00 9.0273     0.00    0.00    0.00    0.00    0.00
OF103.0  -16.746    0.00 9.0273     0.00    0.00    0.00    0.00    0.00
OF104.0  -16.746    0.00 9.0273     0.00    0.00    0.00    0.00    0.00
OF105.0  -16.746    0.00 9.0273     0.00    0.00    0.00    0.00    0.00
OF106.0  -16.746    0.00 9.0273     0.00    0.00    0.00    0.00    0.00
OF107.0  -16.746    0.00 9.0273     0.00    0.00    0.00    0.00    0.00
OF108.0  -16.746    0.00 9.0273     0.00    0.00    0.00    0.00    0.00
OF109.0  -16.745    0.00 9.0273     0.00    0.00    0.00    0.00    0.00
OF110.0  -16.745    0.00 9.0273     0.00    0.00    0.00    0.00    0.00
OF111.0  -16.745    0.00 9.0273     0.00    0.00    0.00    0.00    0.00
OF112.0  -16.745    0.00 9.0273     0.00    0.00    0.00    0.00    0.00
OF113.0  -16.745    0.00 9.0273     0.00    0.00    0.00    0.00    0.00
OF114.0  -16.745    0.00 9.0273     0.00    0.00    0.00    0.00    0.00
OF115.0  -16.745    0.00 9.0273     0.00    0.00    0.00    0.00    0.00
OF116.0  -16.744    0.00 9.0273     0.00    0.00    0.00    0.00    0.00
OF117.0  -16.744    0.00 9.0273     0.00    0.00    0.00    0.00    0.00
OF118.0  -16.744    0.00 9.0273     0.00    0.00    0.00    0.00    0.00
OF119.0  -16.744    0.00 9.0273     0.00    0.00    0.00    0.00    0.00
OF120.0  -16.744    0.00 9.0273     0.00    0.00    0.00    0.00    0.00
OF121.0  -16.744    0.00 9.0273     0.00    0.00    0.00    0.00    0.00
OF122.0  -16.744    0.00 9.0273     0.00    0.00    0.00    0.00    0.00
OF123.0  -16.743    0.00 9.0273     0.00    0.00    0.00    0.00    0.00
OF126.0  -16.541    0.00 9.0273     0.00    0.00    0.00    0.00    0.00
OF164.0  -16.662    0.00 9.0273     0.00    0.00    0.00    0.00    0.00
OF165.0  -16.666    0.00 9.0273     0.00    0.00    0.00    0.00    0.00
OF166.0  -16.671    0.00 9.0273     0.00    0.00    0.00    0.00    0.00
OF167.0  -16.675    0.00 9.0273     0.00    0.00    0.00    0.00    0.00
OF168.0  -16.680    0.00 9.0273     0.00    0.00    0.00    0.00    0.00
OF169.0  -16.685    0.00 9.0273     0.00    0.00    0.00    0.00    0.00
OF170.0  -16.689    0.00 9.0273     0.00    0.00    0.00    0.00    0.00
OF171.0  -16.694    0.00 9.0273     0.00    0.00    0.00    0.00    0.00
OF172.0  -16.698    0.00 9.0273     0.00    0.00    0.00    0.00    0.00
OF173.0  -16.703    0.00 9.0273     0.00    0.00    0.00    0.00    0.00
OF174.0  -16.708    0.00 9.0273     0.00    0.00    0.00    0.00    0.00
OF175.0  -16.712    0.00 9.0273     0.00    0.00    0.00    0.00    0.00
OF176.0  -16.717    0.00 9.0273     0.00    0.00    0.00    0.00    0.00
OF177.0  -16.722    0.00 9.0273     0.00    0.00    0.00    0.00    0.00
OF178.0  -16.726    0.00 9.0273     0.00    0.00    0.00    0.00    0.00
OF179.0  -16.731    0.00 9.0273     0.00    0.00    0.00    0.00    0.00
OF180.0  -16.735    0.00 9.0273     0.00    0.00    0.00    0.00    0.00
OF181.0  -16.733    0.00 9.0273     0.00    0.00    0.00    0.00    0.00
OF182.0  -16.731    0.00 9.0273     0.00    0.00    0.00    0.00    0.00
OF183.0  -16.729    0.00 9.0273     0.00    0.00    0.00    0.00    0.00
OF184.0  -16.727    0.00 9.0273     0.00    0.00    0.00    0.00    0.00
OF185.0  -16.725    0.00 9.0273     0.00    0.00    0.00    0.00    0.00
OF186.0  -16.724    0.00 9.0273     0.00    0.00    0.00    0.00    0.00
OF187.0  -16.722    0.00 9.0273     0.00    0.00    0.00    0.00    0.00
OF188.0  -16.720    0.00 9.0273     0.00    0.00    0.00    0.00    0.00
OF189.0  -16.718    0.00 9.0273     0.00    0.00    0.00    0.00    0.00
OF191.0  -16.714    0.00 9.0273     0.00    0.00    0.00    0.00    0.00
OF192.0  -16.712    0.00 9.0273     0.00    0.00    0.00    0.00    0.00
OF194.0  -16.709    0.00 9.0273     0.00    0.00    0.00    0.00    0.00
OF195.0  -16.707    0.00 9.0273     0.00    0.00    0.00    0.00    0.00
OF197.0  -16.703    0.00 9.0273     0.00    0.00    0.00    0.00    0.00
OF198.0  -16.701    0.00 9.0273     0.00    0.00    0.00    0.00    0.00
OF200.0  -16.698    0.00 9.0273     0.00    0.00    0.00    0.00    0.00
OF201.0  -16.696    0.00 9.0273     0.00    0.00    0.00    0.00    0.00
OF203.0  -16.692    0.00 9.0273     0.00    0.00    0.00    0.00    0.00
OF204.0  -16.690    0.00 9.0273     0.00    0.00    0.00    0.00    0.00
OF206.0  -16.686    0.00 9.0273     0.00    0.00    0.00    0.00    0.00
OF207.0  -16.685    0.00 9.0273     0.00    0.00    0.00    0.00    0.00
OF209.0  -16.681    0.00 9.0273     0.00    0.00    0.00    0.00    0.00
OF210.0  -16.679    0.00 9.0273     0.00    0.00    0.00    0.00    0.00
OF212.0  -16.675    0.00 9.0273     0.00    0.00    0.00    0.00    0.00
OF213.0  -16.673    0.00 9.0273     0.00    0.00    0.00    0.00    0.00
OF215.0  -16.670    0.00 9.0273     0.00    0.00    0.00    0.00    0.00
OF216.0  -16.668    0.00 9.0273     0.00    0.00    0.00    0.00    0.00
OF218.0  -16.664    0.00 9.0273     0.00    0.00    0.00    0.00    0.00
OF219.0  -16.662    0.00 9.0273     0.00    0.00    0.00    0.00    0.00
OF221.0  -16.659    0.00 9.0273     0.00    0.00    0.00    0.00    0.00
OF222.0  -16.657    0.00 9.0273     0.00    0.00    0.00    0.00    0.00
OF224.0  -16.653    0.00 9.0273     0.00    0.00    0.00    0.00    0.00
OF225.0  -16.651    0.00 9.0273     0.00    0.00    0.00    0.00    0.00
OF227.0  -16.647    0.00 9.0273     0.00    0.00    0.00    0.00    0.00
OF228.0  -16.645    0.00 9.0273     0.00    0.00    0.00    0.00    0.00
OF230.0  -16.642    0.00 9.0273     0.00    0.00    0.00    0.00    0.00
OF231.0  -16.640    0.00 9.0273     0.00    0.00    0.00    0.00    0.00
OF233.0  -16.636    0.00 9.0273     0.00    0.00    0.00    0.00    0.00
OF234.0  -16.634    0.00 9.0273     0.00    0.00    0.00    0.00    0.00
OF236.0  -16.631    0.00 9.0273     0.00    0.00    0.00    0.00    0.00
OF237.0  -16.629    0.00 9.0273     0.00    0.00    0.00    0.00    0.00
OF239.0  -16.625    0.00 9.0273     0.00    0.00    0.00    0.00    0.00
OF240.0  -16.623    0.00 9.0273     0.00    0.00    0.00    0.00    0.00
OF242.0  -16.619    0.00 9.0273     0.00    0.00    0.00    0.00    0.00
OF243.0  -16.618    0.00 9.0273     0.00    0.00    0.00    0.00    0.00
OF245.0  -16.614    0.00 9.0273     0.00    0.00    0.00    0.00    0.00
OF246.0  -16.612    0.00 9.0273     0.00    0.00    0.00    0.00    0.00
OF248.0  -16.608    0.00 9.0273     0.00    0.00    0.00    0.00    0.00
OF249.0  -16.606    0.00 9.0273     0.00    0.00    0.00    0.00    0.00
OF251.0  -16.603    0.00 9.0272     0.00    0.00    0.00    0.00    0.00
OF252.0  -16.599    0.00 9.0273     0.00    0.00    0.00    0.00    0.00
OF255.0  -16.581    0.00 9.0273     0.00    0.00    0.00    0.00    0.00
OF256.0  -16.578    0.00 9.0273     0.00    0.00    0.00    0.00    0.00
OF258.0  -16.570    0.00 9.0273     0.00    0.00    0.00    0.00    0.00
OF259.0  -16.567    0.00 9.0273     0.00    0.00    0.00    0.00    0.00
OF261.0  -16.559    0.00 9.0273     0.00    0.00    0.00    0.00    0.00
OF262.0  -16.556    0.00 9.0273     0.00    0.00    0.00    0.00    0.00
OF264.0  -16.548    0.00 9.0273     0.00    0.00    0.00    0.00    0.00
OF265.0  -16.545    0.00 9.0273     0.00    0.00    0.00    0.00    0.00
OF267.0  -16.537    0.00 9.0273     0.00    0.00    0.00    0.00    0.00
OF268.0  -16.533    0.00 9.0273     0.00    0.00    0.00    0.00    0.00
OF270.0  -16.526    0.00 9.0273     0.00    0.00    0.00    0.00    0.00
OF271.0  -16.522    0.00 9.0273     0.00    0.00    0.00    0.00    0.00
OF273.0  -16.515    0.00 9.0273     0.00    0.00    0.00    0.00    0.00
OF274.0  -16.511    0.00 9.0273     0.00    0.00    0.00    0.00    0.00
OF276.0  -16.504    0.00 9.0273     0.00    0.00    0.00    0.00    0.00
OF277.0  -16.500    0.00 9.0273     0.00    0.00    0.00    0.00    0.00
OF279.0  -16.493    0.00 9.0273     0.00    0.00    0.00    0.00    0.00
OF280.0  -16.489    0.00 9.0273     0.00    0.00    0.00    0.00    0.00
OF282.0  -16.482    0.00 9.0273     0.00    0.00    0.00    0.00    0.00
OF283.0  -16.478    0.00 9.0273     0.00    0.00    0.00    0.00    0.00
OF285.0  -16.471    0.00 9.0273     0.00    0.00    0.00    0.00    0.00
OF286.0  -16.467    0.00 9.0273     0.00    0.00    0.00    0.00    0.00
OF288.0  -16.460    0.00 9.0273     0.00    0.00    0.00    0.00    0.00
OF289.0  -16.456    0.00 9.0273     0.00    0.00    0.00    0.00    0.00
OF291.0  -16.449    0.00 9.0273     0.00    0.00    0.00    0.00    0.00
OF292.0  -16.445    0.00 9.0273     0.00    0.00    0.00    0.00    0.00
OF294.0  -16.438    0.00 9.0274     0.00    0.00    0.00    0.00    0.00
OF295.0  -16.434    0.00 9.0274     0.00    0.00    0.00    0.00    0.00
OF297.0  -16.427    0.00 9.0274     0.00    0.00    0.00    0.00    0.00
OF298.0  -16.423    0.00 9.0274     0.00    0.00    0.00    0.00    0.00
OF300.0  -16.416    0.00 9.0274     0.00    0.00    0.00    0.00    0.00
OF301.0  -16.412    0.00 9.0274     0.00    0.00    0.00    0.00    0.00
OF303.0  -16.405    0.00 9.0274     0.00    0.00    0.00    0.00    0.00
OF304.0  -16.401    0.00 9.0274     0.00    0.00    0.00    0.00    0.00
OF306.0  -16.394    0.00 9.0274     0.00    0.00    0.00    0.00    0.00
OF307.0  -16.390    0.00 9.0274     0.00    0.00    0.00    0.00    0.00
OF309.0  -16.382    0.00 9.0274     0.00    0.00    0.00    0.00    0.00
OF310.0  -16.379    0.00 9.0274     0.00    0.00    0.00    0.00    0.00
OF312.0  -16.371    0.00 9.0274     0.00    0.00    0.00    0.00    0.00
OF313.0  -16.368    0.00 9.0274     0.00    0.00    0.00    0.00    0.00
OF315.0  -16.360    0.00 9.0274     0.00    0.00    0.00    0.00    0.00
OF316.0  -16.357    0.00 9.0274     0.00    0.00    0.00    0.00    0.00
OF318.0  -16.349    0.00 9.0274     0.00    0.00    0.00    0.00    0.00
OF319.0  -16.346    0.00 9.0274     0.00    0.00    0.00    0.00    0.00
OF321.0  -16.338    0.00 9.0274     0.00    0.00    0.00    0.00    0.00
OF322.0  -16.335    0.00 9.0274     0.00    0.00    0.00    0.00    0.00
OF324.0  -16.327    0.00 9.0274     0.00    0.00    0.00    0.00    0.00
OF325.0  -16.323    0.00 9.0274     0.00    0.00    0.00    0.00    0.00
OF327.0  -16.316    0.00 9.0274     0.00    0.00    0.00    0.00    0.00
OF328.0  -16.312    0.00 9.0274     0.00    0.00    0.00    0.00    0.00
OF330.0  -16.305    0.00 9.0274     0.00    0.00    0.00    0.00    0.00
OF331.0  -16.301    0.00 9.0274     0.00    0.00    0.00    0.00    0.00
OF333.0  -16.294    0.00 9.0274     0.00    0.00    0.00    0.00    0.00
OF334.0  -16.290    0.00 9.0274     0.00    0.00    0.00    0.00    0.00
OF336.0  -16.283    0.00 9.0274     0.00    0.00    0.00    0.00    0.00
OF337.0  -16.279    0.00 9.0274     0.00    0.00    0.00    0.00    0.00
OF339.0  -16.272    0.00 9.0274     0.00    0.00    0.00    0.00    0.00
OF340.0  -16.268    0.00 9.0274     0.00    0.00    0.00    0.00    0.00
OF342.0  -16.261    0.00 9.0274     0.00    0.00    0.00    0.00    0.00
OF343.0  -16.257    0.00 9.0274     0.00    0.00    0.00    0.00    0.00
OF345.0  -16.250    0.00 9.0275     0.00    0.00    0.00    0.00    0.00
OF346.0  -16.246    0.00 9.0275     0.00    0.00    0.00    0.00    0.00
OF348.0  -16.239    0.00 9.0275     0.00    0.00    0.00    0.00    0.00
OF349.0  -16.235    0.00 9.0275     0.00    0.00    0.00    0.00    0.00
OF351.0  -16.228    0.00 9.0275     0.00    0.00    0.00    0.00    0.00
OF352.0  -16.224    0.00 9.0275     0.00    0.00    0.00    0.00    0.00
OF354.0  -16.217    0.00 9.0275     0.00    0.00    0.00    0.00    0.00
OF355.0  -16.213    0.00 9.0275     0.00    0.00    0.00    0.00    0.00
OF357.0  -16.206    0.00 9.0275     0.00    0.00    0.00    0.00    0.00
OF358.0  -16.202    0.00 9.0275     0.00    0.00    0.00    0.00    0.00
OF360.0  -16.195    0.00 9.0275     0.00    0.00    0.00    0.00    0.00
OF361.0  -16.191    0.00 9.0275     0.00    0.00    0.00    0.00    0.00
OF363.0  -16.184    0.00 9.0275     0.00    0.00    0.00    0.00    0.00
OF364.0  -16.180    0.00 9.0275     0.00    0.00    0.00    0.00    0.00
OF366.0  -16.172    0.00 9.0275     0.00    0.00    0.00    0.00    0.00
OF367.0  -16.169    0.00 9.0275     0.00    0.00    0.00    0.00    0.00
OF369.0  -16.161    0.00 9.0275     0.00    0.00    0.00    0.00    0.00
OF370.0  -16.158    0.00 9.0275     0.00    0.00    0.00    0.00    0.00
OF372.0  -16.150    0.00 9.0275     0.00    0.00    0.00    0.00    0.00
OF373.0  -16.147    0.00 9.0275     0.00    0.00    0.00    0.00    0.00
OF375.0  -16.139    0.00 9.0275     0.00    0.00    0.00    0.00    0.00
OF376.0  -16.136    0.00 9.0275     0.00    0.00    0.00    0.00    0.00
OF378.0  -16.128    0.00 9.0275     0.00    0.00    0.00    0.00    0.00
OF379.0  -16.125    0.00 9.0275     0.00    0.00    0.00    0.00    0.00
OF381.0  -16.117    0.00 9.0275     0.00    0.00    0.00    0.00    0.00
OF382.0  -16.114    0.00 9.0275     0.00    0.00    0.00    0.00    0.00
OF384.0  -16.106    0.00 9.0275     0.00    0.00    0.00    0.00    0.00
OF385.0  -16.103    0.00 9.0275     0.00    0.00    0.00    0.00    0.00
OF387.0  -16.095    0.00 9.0275     0.00    0.00    0.00    0.00    0.00
OF388.0  -16.091    0.00 9.0275     0.00    0.00    0.00    0.00    0.00
OF398.0  -16.359    0.00 9.0276     0.00    0.00    0.00    0.00    0.00
OF399.0  -16.399    0.00 9.0276     0.00    0.00    0.00    0.00    0.00
OF400.0  -16.439    0.00 9.0276     0.00    0.00    0.00    0.00    0.00
OF401.0  -16.479    0.00 9.0276     0.00    0.00    0.00    0.00    0.00
OF402.0  -16.519    0.00 9.0276     0.00    0.00    0.00    0.00    0.00
OF403.0  -16.559    0.00 9.0276     0.00    0.00    0.00    0.00    0.00
OF404.0  -16.598    0.00 9.0276     0.00    0.00    0.00    0.00    0.00
OF405.0  -16.638    0.00 9.0276     0.00    0.00    0.00    0.00    0.00
OF407.0  -16.705    0.00 9.0276     0.00    0.00    0.00    0.00    0.00
OF408.0  -16.705    0.00 9.0276     0.00    0.00    0.00    0.00    0.00
OF409.0  -16.705    0.00 9.0276     0.00    0.00    0.00    0.00    0.00
OF410.0  -16.705    0.00 9.0276     0.00    0.00    0.00    0.00    0.00
OF411.0  -16.705    0.00 9.0276     0.00    0.00    0.00    0.00    0.00
OF412.0  -16.705    0.00 9.0276     0.00    0.00    0.00    0.00    0.00
OF413.0  -16.705    0.00 9.0276     0.00    0.00    0.00    0.00    0.00
OF414.0  -16.705    0.00 9.0276     0.00    0.00    0.00    0.00    0.00
OF415.0  -16.705    0.00 9.0276     0.00    0.00    0.00    0.00    0.00
OF416.0  -16.705    0.00 9.0277     0.00    0.00    0.00    0.00    0.00
OF417.0  -16.705    0.00 9.0277     0.00    0.00    0.00    0.00    0.00
OF418.0  -16.705    0.00 9.0277     0.00    0.00    0.00    0.00    0.00
OF419.0  -16.705    0.00 9.0277     0.00    0.00    0.00    0.00    0.00
OF420.0  -16.705    0.00 9.0277     0.00    0.00    0.00    0.00    0.00
OF421.0  -16.705    0.00 9.0277     0.00    0.00    0.00    0.00    0.00
OF422.0  -16.705    0.00 9.0277     0.00    0.00    0.00    0.00    0.00
OF423.0  -16.705    0.00 9.0277     0.00    0.00    0.00    0.00    0.00
OF424.0  -16.705    0.00 9.0277     0.00    0.00    0.00    0.00    0.00
OF425.0  -16.705    0.00 9.0278     0.00    0.00    0.00    0.00    0.00
OF426.0  -16.705    0.00 9.0278     0.00    0.00    0.00    0.00    0.00
OF427.0  -16.705    0.00 9.0278     0.00    0.00    0.00    0.00    0.00
OF428.0  -16.705    0.00 9.0278     0.00    0.00    0.00    0.00    0.00
OF429.0  -16.705    0.00 9.0278     0.00    0.00    0.00    0.00    0.00
OF430.0  -16.705    0.00 9.0278     0.00    0.00    0.00    0.00    0.00
OF431.0  -16.705    0.00 9.0278     0.00    0.00    0.00    0.00    0.00
OF432.0  -16.705    0.00 9.0278     0.00    0.00    0.00    0.00    0.00
OF433.0  -16.705    0.00 9.0278     0.00    0.00    0.00    0.00    0.00
OF434.0  -16.705    0.00 9.0278     0.00    0.00    0.00    0.00    0.00
OF435.0  -16.705    0.00 9.0279     0.00    0.00    0.00    0.00    0.00
OF436.0  -16.705    0.00 9.0279     0.00    0.00    0.00    0.00    0.00
OF437.0  -16.705    0.00 9.0279     0.00    0.00    0.00    0.00    0.00
OF438.0  -16.706    0.00 9.0279     0.00    0.00    0.00    0.00    0.00
OF439.0  -16.706    0.00 9.0279     0.00    0.00    0.00    0.00    0.00
OF440.0  -16.706    0.00 9.0279     0.00    0.00    0.00    0.00    0.00
OF441.0  -16.706    0.00 9.0279     0.00    0.00    0.00    0.00    0.00
OF442.0  -16.706    0.00 9.0279     0.00    0.00    0.00    0.00    0.00
OF443.0  -16.706    0.00 9.0279     0.00    0.00    0.00    0.00    0.00
OF444.0  -16.706    0.00 9.0279     0.00    0.00    0.00    0.00    0.00
OF445.0  -16.706    0.00 9.028      0.00    0.00    0.00    0.00    0.00
OF446.0  -16.706    0.00 9.028      0.00    0.00    0.00    0.00    0.00
OF447.0  -16.706    0.00 9.028      0.00    0.00    0.00    0.00    0.00
OF448.0  -16.706    0.00 9.028      0.00    0.00    0.00    0.00    0.00
OF449.0  -16.706    0.00 9.028      0.00    0.00    0.00    0.00    0.00
OF450.0  -16.706    0.00 9.028      0.00    0.00    0.00    0.00    0.00
OF451.0  -16.706    0.00 9.028      0.00    0.00    0.00    0.00    0.00
OF452.0  -16.706    0.00 9.028      0.00    0.00    0.00    0.00    0.00
OF453.0  -16.706    0.00 9.028      0.00    0.00    0.00    0.00    0.00
OF454.0  -16.706    0.00 9.028      0.00    0.00    0.00    0.00    0.00
OF455.0  -16.706    0.00 9.0281     0.00    0.00    0.00    0.00    0.00
OF456.0  -16.706    0.00 9.0281     0.00    0.00    0.00    0.00    0.00
OF457.0  -16.706    0.00 9.0281     0.00    0.00    0.00    0.00    0.00
OF458.0  -16.706    0.00 9.0281     0.00    0.00    0.00    0.00    0.00
OF459.0  -16.706    0.00 9.0281     0.00    0.00    0.00    0.00    0.00
OF460.0  -16.706    0.00 9.0281     0.00    0.00    0.00    0.00    0.00
OF461.0  -16.706    0.00 9.0281     0.00    0.00    0.00    0.00    0.00
OF462.0  -16.706    0.00 9.0281     0.00    0.00    0.00    0.00    0.00
OF463.0  -16.706    0.00 9.0281     0.00    0.00    0.00    0.00    0.00
OF464.0  -16.706    0.00 9.0282     0.00    0.00    0.00    0.00    0.00
OF465.0  -16.706    0.00 9.0282     0.00    0.00    0.00    0.00    0.00
OF466.0  -16.706    0.00 9.0282     0.00    0.00    0.00    0.00    0.00
OF467.0  -16.706    0.00 9.0282     0.00    0.00    0.00    0.00    0.00
OF468.0  -16.706    0.00 9.0282     0.00    0.00    0.00    0.00    0.00
OF469.0  -16.706    0.00 9.0282     0.00    0.00    0.00    0.00    0.00
OF470.0  -16.706    0.00 9.0282     0.00    0.00    0.00    0.00    0.00
OF471.0  -16.706    0.00 9.0282     0.00    0.00    0.00    0.00    0.00
OF472.0  -16.706    0.00 9.0283     0.00    0.00    0.00    0.00    0.00
OF473.0  -16.706    0.00 9.0283     0.00    0.00    0.00    0.00    0.00
OF474.0  -16.706    0.00 9.0283     0.00    0.00    0.00    0.00    0.00
OF475.0  -16.706    0.00 9.0283     0.00    0.00    0.00    0.00    0.00
OF476.0  -16.706    0.00 9.0283     0.00    0.00    0.00    0.00    0.00
OF477.0  -16.706    0.00 9.0283     0.00    0.00    0.00    0.00    0.00
OF478.0  -16.706    0.00 9.0283     0.00    0.00    0.00    0.00    0.00
OF479.0  -16.706    0.00 9.0283     0.00    0.00    0.00    0.00    0.00
OF480.0  -16.706    0.00 9.0284     0.00    0.00    0.00    0.00    0.00
OF481.0  -16.706    0.00 9.0284     0.00    0.00    0.00    0.00    0.00
OF482.0  -16.706    0.00 9.0284     0.00    0.00    0.00    0.00    0.00
OF483.0  -16.706    0.00 9.0284     0.00    0.00    0.00    0.00    0.00
OF484.0  -16.706    0.00 9.0284     0.00    0.00    0.00    0.00    0.00
OF485.0  -16.706    0.00 9.0284     0.00    0.00    0.00    0.00    0.00
OF486.0  -16.706    0.00 9.0284     0.00    0.00    0.00    0.00    0.00
OF487.0  -16.705    0.00 9.0284     0.00    0.00    0.00    0.00    0.00
OF488.0  -16.705    0.00 9.0285     0.00    0.00    0.00    0.00    0.00
OF489.0  -16.705    0.00 9.0285     0.00    0.00    0.00    0.00    0.00
OF490.0  -16.705    0.00 9.0285     0.00    0.00    0.00    0.00    0.00
OF491.0  -16.705    0.00 9.0285     0.00    0.00    0.00    0.00    0.00
OF492.0  -16.705    0.00 9.0285     0.00    0.00    0.00    0.00    0.00
OF493.0  -16.705    0.00 9.0285     0.00    0.00    0.00    0.00    0.00
OF494.0  -16.705    0.00 9.0285     0.00    0.00    0.00    0.00    0.00
OF495.0  -16.705    0.00 9.0285     0.00    0.00    0.00    0.00    0.00
OF496.0  -16.705    0.00 9.0285     0.00    0.00    0.00    0.00    0.00
OF497.0  -16.705    0.00 9.0286     0.00    0.00    0.00    0.00    0.00
OF498.0  -16.705    0.00 9.0286     0.00    0.00    0.00    0.00    0.00
OF499.0  -16.705    0.00 9.0286     0.00    0.00    0.00    0.00    0.00
OF500.0  -16.705    0.00 9.0286     0.00    0.00    0.00    0.00    0.00
OF501.0  -16.705    0.00 9.0286     0.00    0.00    0.00    0.00    0.00
OF502.0  -16.705    0.00 9.0286     0.00    0.00    0.00    0.00    0.00
OF503.0  -16.705    0.00 9.0286     0.00    0.00    0.00    0.00    0.00
OF504.0  -16.705    0.00 9.0286     0.00    0.00    0.00    0.00    0.00
OF505.0  -16.705    0.00 9.0287     0.00    0.00    0.00    0.00    0.00
OF506.0  -16.705    0.00 9.0287     0.00    0.00    0.00    0.00    0.00
OF507.0  -16.705    0.00 9.0287     0.00    0.00    0.00    0.00    0.00
OF508.0  -16.705    0.00 9.0287     0.00    0.00    0.00    0.00    0.00
OF509.0  -16.705    0.00 9.0287     0.00    0.00    0.00    0.00    0.00
OF510.0  -16.705    0.00 9.0287     0.00    0.00    0.00    0.00    0.00
OF511.0  -16.705    0.00 9.0287     0.00    0.00    0.00    0.00    0.00
OF512.0  -16.705    0.00 9.0287     0.00    0.00    0.00    0.00    0.00
OF513.0  -16.705    0.00 9.0288     0.00    0.00    0.00    0.00    0.00
OF514.0  -16.705    0.00 9.0288     0.00    0.00    0.00    0.00    0.00
OF515.0  -16.705    0.00 9.0288     0.00    0.00    0.00    0.00    0.00
OF516.0  -16.705    0.00 9.0288     0.00    0.00    0.00    0.00    0.00
OF517.0  -16.705    0.00 9.0288     0.00    0.00    0.00    0.00    0.00
OF518.0  -16.705    0.00 9.0288     0.00    0.00    0.00    0.00    0.00
OF519.0  -16.705    0.00 9.0288     0.00    0.00    0.00    0.00    0.00
OF520.0  -16.705    0.00 9.0288     0.00    0.00    0.00    0.00    0.00
OF521.0  -16.705    0.00 9.0288     0.00    0.00    0.00    0.00    0.00
OF522.0  -16.705    0.00 9.0289     0.00    0.00    0.00    0.00    0.00
OF523.0  -16.705    0.00 9.0289     0.00    0.00    0.00    0.00    0.00
OF524.0  -16.705    0.00 9.0289     0.00    0.00    0.00    0.00    0.00
OF525.0  -16.705    0.00 9.0289     0.00    0.00    0.00    0.00    0.00
OF526.0  -16.705    0.00 9.0289     0.00    0.00    0.00    0.00    0.00
OF527.0  -16.705    0.00 9.0289     0.00    0.00    0.00    0.00    0.00
OF528.0  -16.705    0.00 9.0289     0.00    0.00    0.00    0.00    0.00
OF529.0  -16.705    0.00 9.0289     0.00    0.00    0.00    0.00    0.00
OF530.0  -16.705    0.00 9.029      0.00    0.00    0.00    0.00    0.00
OF531.0  -16.705    0.00 9.029      0.00    0.00    0.00    0.00    0.00
OF532.0  -16.705    0.00 9.029      0.00    0.00    0.00    0.00    0.00
OF533.0  -16.705    0.00 9.029      0.00    0.00    0.00    0.00    0.00
OF534.0  -16.705    0.00 9.029      0.00    0.00    0.00    0.00    0.00
OF535.0  -16.705    0.00 9.029      0.00    0.00    0.00    0.00    0.00
OF536.0  -16.705    0.00 9.029      0.00    0.00    0.00    0.00    0.00
OF537.0  -16.705    0.00 9.029      0.00    0.00    0.00    0.00    0.00
OF538.0  -16.705    0.00 9.029      0.00    0.00    0.00    0.00    0.00
OF539.0  -16.705    0.00 9.029      0.00    0.00    0.00    0.00    0.00
OF540.0  -16.705    0.00 9.029      0.00    0.00    0.00    0.00    0.00
OF541.0  -16.704    0.00 9.029      0.00    0.00    0.00    0.00    0.00
OF542.0  -16.704    0.00 9.029      0.00    0.00    0.00    0.00    0.00
OF543.0  -16.704    0.00 9.029      0.00    0.00    0.00    0.00    0.00
OF544.0  -16.704    0.00 9.0289     0.00    0.00    0.00    0.00    0.00
OF545.0  -16.704    0.00 9.0289     0.00    0.00    0.00    0.00    0.00
OF546.0  -16.704    0.00 9.0289     0.00    0.00    0.00    0.00    0.00
OF547.0  -16.704    0.00 9.0289     0.00    0.00    0.00    0.00    0.00
OF548.0  -16.704    0.00 9.0289     0.00    0.00    0.00    0.00    0.00
OF549.0  -16.704    0.00 9.0289     0.00    0.00    0.00    0.00    0.00
OF550.0  -16.704    0.00 9.0289     0.00    0.00    0.00    0.00    0.00
OF551.0  -16.704    0.00 9.0289     0.00    0.00    0.00    0.00    0.00
OF552.0  -16.704    0.00 9.0289     0.00    0.00    0.00    0.00    0.00
OF553.0  -16.704    0.00 9.0288     0.00    0.00    0.00    0.00    0.00
OF554.0  -16.704    0.00 9.0288     0.00    0.00    0.00    0.00    0.00
OF555.0  -16.704    0.00 9.0288     0.00    0.00    0.00    0.00    0.00
OF556.0  -16.704    0.00 9.0288     0.00    0.00    0.00    0.00    0.00
OF557.0  -16.704    0.00 9.0288     0.00    0.00    0.00    0.00    0.00
OF558.0  -16.704    0.00 9.0288     0.00    0.00    0.00    0.00    0.00
OF559.0  -16.704    0.00 9.0288     0.00    0.00    0.00    0.00    0.00
OF560.0  -16.704    0.00 9.0288     0.00    0.00    0.00    0.00    0.00
OF561.0  -16.704    0.00 9.0287     0.00    0.00    0.00    0.00    0.00
OF562.0  -16.703    0.00 9.0287     0.00    0.00    0.00    0.00    0.00
OF563.0  -16.703    0.00 9.0287     0.00    0.00    0.00    0.00    0.00
OF564.0  -16.703    0.00 9.0287     0.00    0.00    0.00    0.00    0.00
OF565.0  -16.703    0.00 9.0287     0.00    0.00    0.00    0.00    0.00
OF566.0  -16.703    0.00 9.0287     0.00    0.00    0.00    0.00    0.00
OF567.0  -16.703    0.00 9.0287     0.00    0.00    0.00    0.00    0.00
OF568.0  -16.703    0.00 9.0287     0.00    0.00    0.00    0.00    0.00
OF569.0  -16.703    0.00 9.0286     0.00    0.00    0.00    0.00    0.00
OF570.0  -16.703    0.00 9.0286     0.00    0.00    0.00    0.00    0.00
OF571.0  -16.703    0.00 9.0286     0.00    0.00    0.00    0.00    0.00
OF572.0  -16.703    0.00 9.0286     0.00    0.00    0.00    0.00    0.00
OF573.0  -16.703    0.00 9.0286     0.00    0.00    0.00    0.00    0.00
OF574.0  -16.703    0.00 9.0286     0.00    0.00    0.00    0.00    0.00
OF575.0  -16.703    0.00 9.0286     0.00    0.00    0.00    0.00    0.00
OF576.0  -16.703    0.00 9.0286     0.00    0.00    0.00    0.00    0.00
OF577.0  -16.703    0.00 9.0285     0.00    0.00    0.00    0.00    0.00
OF578.0  -16.703    0.00 9.0285     0.00    0.00    0.00    0.00    0.00
OF579.0  -16.703    0.00 9.0285     0.00    0.00    0.00    0.00    0.00
OF580.0  -16.703    0.00 9.0285     0.00    0.00    0.00    0.00    0.00
OF581.0  -16.703    0.00 9.0285     0.00    0.00    0.00    0.00    0.00
OF582.0  -16.703    0.00 9.0285     0.00    0.00    0.00    0.00    0.00
OF583.0  -16.702    0.00 9.0285     0.00    0.00    0.00    0.00    0.00
OF584.0  -16.702    0.00 9.0285     0.00    0.00    0.00    0.00    0.00
OF585.0  -16.702    0.00 9.0285     0.00    0.00    0.00    0.00    0.00
OF586.0  -16.702    0.00 9.0285     0.00    0.00    0.00    0.00    0.00
OF587.0  -16.702    0.00 9.0284     0.00    0.00    0.00    0.00    0.00
OF588.0  -16.702    0.00 9.0284     0.00    0.00    0.00    0.00    0.00
OF589.0  -16.702    0.00 9.0284     0.00    0.00    0.00    0.00    0.00
OF590.0  -16.702    0.00 9.0284     0.00    0.00    0.00    0.00    0.00
OF591.0  -16.702    0.00 9.0284     0.00    0.00    0.00    0.00    0.00
OF592.0  -16.702    0.00 9.0284     0.00    0.00    0.00    0.00    0.00
OF593.0  -16.702    0.00 9.0284     0.00    0.00    0.00    0.00    0.00
OF594.0  -16.702    0.00 9.0284     0.00    0.00    0.00    0.00    0.00
OF595.0  -16.702    0.00 9.0284     0.00    0.00    0.00    0.00    0.00
OF596.0  -16.702    0.00 9.0284     0.00    0.00    0.00    0.00    0.00
OF597.0  -16.702    0.00 9.0284     0.00    0.00    0.00    0.00    0.00
OF598.0  -16.702    0.00 9.0284     0.00    0.00    0.00    0.00    0.00
OF599.0  -16.702    0.00 9.0283     0.00    0.00    0.00    0.00    0.00
OF600.0  -16.702    0.00 9.0283     0.00    0.00    0.00    0.00    0.00
OF601.0  -16.702    0.00 9.0283     0.00    0.00    0.00    0.00    0.00
OF602.0  -16.701    0.00 9.0283     0.00    0.00    0.00    0.00    0.00
OF603.0  -16.701    0.00 9.0283     0.00    0.00    0.00    0.00    0.00
OF604.0  -16.701    0.00 9.0283     0.00    0.00    0.00    0.00    0.00
OF605.0  -16.701    0.00 9.0283     0.00    0.00    0.00    0.00    0.00
OF606.0  -16.701    0.00 9.0283     0.00    0.00    0.00    0.00    0.00
OF607.0  -16.701    0.00 9.0283     0.00    0.00    0.00    0.00    0.00
OF608.0  -16.701    0.00 9.0283     0.00    0.00    0.00    0.00    0.00
OF609.0  -16.701    0.00 9.0283     0.00    0.00    0.00    0.00    0.00
OF610.0  -16.701    0.00 9.0282     0.00    0.00    0.00    0.00    0.00
OF611.0  -16.701    0.00 9.0282     0.00    0.00    0.00    0.00    0.00
OF612.0  -16.701    0.00 9.0282     0.00    0.00    0.00    0.00    0.00
OF613.0  -16.701    0.00 9.0282     0.00    0.00    0.00    0.00    0.00
OF614.0  -16.701    0.00 9.0282     0.00    0.00    0.00    0.00    0.00
OF615.0  -16.701    0.00 9.0282     0.00    0.00    0.00    0.00    0.00
OF616.0  -16.701    0.00 9.0282     0.00    0.00    0.00    0.00    0.00
OF618.0  -16.701    0.00 9.0282     0.00    0.00    0.00    0.00    0.00
OF619.0  -16.701    0.00 9.0282     0.00    0.00    0.00    0.00    0.00
OF621.0  -16.700    0.00 9.0281     0.00    0.00    0.00    0.00    0.00
OF622.0  -16.700    0.00 9.0281     0.00    0.00    0.00    0.00    0.00
OF624.0  -16.700    0.00 9.0281     0.00    0.00    0.00    0.00    0.00
OF625.0  -16.700    0.00 9.0281     0.00    0.00    0.00    0.00    0.00
OF627.0  -16.700    0.00 9.0281     0.00    0.00    0.00    0.00    0.00
OF628.0  -16.700    0.00 9.0281     0.00    0.00    0.00    0.00    0.00
OF630.0  -16.700    0.00 9.0281     0.00    0.00    0.00    0.00    0.00
OF631.0  -16.700    0.00 9.0281     0.00    0.00    0.00    0.00    0.00
OF633.0  -16.700    0.00 9.028      0.00    0.00    0.00    0.00    0.00
OF634.0  -16.700    0.00 9.028      0.00    0.00    0.00    0.00    0.00
OF636.0  -16.700    0.00 9.028      0.00    0.00    0.00    0.00    0.00
OF637.0  -16.700    0.00 9.028      0.00    0.00    0.00    0.00    0.00
OF639.0  -16.7      0.00 9.028      0.00    0.00    0.00    0.00    0.00
OF640.0  -16.699    0.00 9.028      0.00    0.00    0.00    0.00    0.00
OF642.0  -16.699    0.00 9.028      0.00    0.00    0.00    0.00    0.00
OF643.0  -16.699    0.00 9.0279     0.00    0.00    0.00    0.00    0.00
OF645.0  -16.699    0.00 9.0279     0.00    0.00    0.00    0.00    0.00
OF646.0  -16.699    0.00 9.0279     0.00    0.00    0.00    0.00    0.00
OF648.0  -16.699    0.00 9.0279     0.00    0.00    0.00    0.00    0.00
OF649.0  -16.699    0.00 9.0279     0.00    0.00    0.00    0.00    0.00
OF651.0  -16.699    0.00 9.0279     0.00    0.00    0.00    0.00    0.00
OF652.0  -16.699    0.00 9.0279     0.00    0.00    0.00    0.00    0.00
OF654.0  -16.699    0.00 9.0278     0.00    0.00    0.00    0.00    0.00
OF655.0  -16.699    0.00 9.0278     0.00    0.00    0.00    0.00    0.00
OF657.0  -16.562    0.00 9.0278     0.00    0.00    0.00    0.00    0.00
OF658.0  -16.438    0.00 9.0279     0.00    0.00    0.00    0.00    0.00
OF660.0  -16.190    0.00 9.0279     0.00    0.00    0.00    0.00    0.00
OF661.0  -16.066    0.00 9.0279     0.00    0.00    0.00    0.00    0.00
OF663.0  -15.818    0.00 9.028      0.00    0.00    0.00    0.00    0.00
OF664.0  -15.694    0.00 9.028      0.00    0.00    0.00    0.00    0.00
OF666.0  -15.446    0.00 9.028      0.00    0.00    0.00    0.00    0.00
OF667.0  -15.322    0.00 9.028      0.00    0.00    0.00    0.00    0.00
OF669.0  -15.074    0.00 9.0281     0.00    0.00    0.00    0.00    0.00
OF670.0  -14.950    0.00 9.0281     0.00    0.00    0.00    0.00    0.00
OF672.0  -14.702    0.00 9.0281     0.00    0.00    0.00    0.00    0.00
OF673.0  -14.578    0.00 9.0281     0.00    0.00    0.00    0.00    0.00
OF675.0  -14.329    0.00 9.0282     0.00    0.00    0.00    0.00    0.00
OF676.0  -14.206    0.00 9.0282     0.00    0.00    0.00    0.00    0.00
OF678.0  -13.957    0.00 9.0282     0.00    0.00    0.00    0.00    0.00
OF679.0  -13.833    0.00 9.0283     0.00    0.00    0.00    0.00    0.00
OF681.0  -13.585    0.00 9.0283     0.00    0.00    0.00    0.00    0.00
OF682.0  -13.461    0.00 9.0283     0.00    0.00    0.00    0.00    0.00
OF684.0  -13.213    0.00 9.0283     0.00    0.00    0.00    0.00    0.00
OF685.0  -13.089    0.00 9.0284     0.00    0.00    0.00    0.00    0.00
OF687.0  -12.841    0.00 9.0284     0.00    0.00    0.00    0.00    0.00
OF688.0  -12.717    0.00 9.0284     0.00    0.00    0.00    0.00    0.00
OF690.0  -12.469    0.00 9.0285     0.00    0.00    0.00    0.00    0.00
OF691.0  -12.345    0.00 9.0285     0.00    0.00    0.00    0.00    0.00
OF694.0  -11.972    0.00 9.0285     0.00    0.00    0.00    0.00    0.00
OF696.0  -11.725    0.00 9.0286     0.00    0.00    0.00    0.00    0.00
OF697.0  -11.600    0.00 9.0286     0.00    0.00    0.00    0.00    0.00
OF702.0  -10.980    0.00 9.0287     0.00    0.00    0.00    0.00    0.00
OF703.0  -10.856    0.00 9.0287     0.00    0.00    0.00    0.00    0.00
OF708.0  -10.236    0.00 9.0288     0.00    0.00    0.00    0.00    0.00
OF709.0  -10.112    0.00 9.0288     0.00    0.00    0.00    0.00    0.00
OF714.0  -9.4919    0.00 9.0289     0.00    0.00    0.00    0.00    0.00
OF715.0  -9.368     0.00 9.0289     0.00    0.00    0.00    0.00    0.00
OF720.0  -8.7476    0.00 9.029      0.00    0.00    0.00    0.00    0.00
OF721.0  -8.6238    0.00 9.029      0.00    0.00    0.00    0.00    0.00
OF726.0  -7.9279    0.00 9.0292     0.00    0.00    0.00    0.00    0.00
OF727.0  -7.782     0.00 9.0292     0.00    0.00    0.00    0.00    0.00
OF732.0  -7.0514    0.00 9.0294     0.00    0.00    0.00    0.00    0.00
OF733.0  -6.9055    0.00 9.0294     0.00    0.00    0.00    0.00    0.00
OF738.0  -6.175     0.00 9.0296     0.00    0.00    0.00    0.00    0.00
OF739.0  -6.0291    0.00 9.0296     0.00    0.00    0.00    0.00    0.00
OF750.0  -4.4221    0.00 9.0299     0.00    0.00    0.00    0.00    0.00
OF751.0  -4.2762    0.00 9.03       0.00    0.00    0.00    0.00    0.00
IF796.0  1.2139     0.00 9.0311     0.00    0.00    0.00    0.00    0.00
IF805.0  3.0184     0.00 9.0311     0.00    0.00    0.00    0.00    0.00
IF813.5  9.0311     0.00 9.0311     0.00    0.00    0.00    0.00    0.00
PS START(361534.0939,4771155.0782)
PS END(361550.198,4771543.3657)
ET
 
 
 
